0,0,0
44,8,2
66,9,2
13,23,0
30,1,3
0,8,2
98,10,2
24,16,3
58,10,3
23,15,1
90,11,3
8,14,2
7,22,0
20,6,0
3,7,3
84,18,0
68,23,2
16,14,2
2,18,3
3,6,1
50,2,3
73,26,2
54,15,2
14,27,0
82,2,3
14,29,1
78,5,2
67,3,2
42,0,0
44,9,2
58,2,0
45,29,2
72,4,1
109,22,1
101,6,2
28,3,3
59,27,3
41,19,0
36,22,3
94,11,0
20,12,1
29,8,3
93,25,2
105,14,1
15,5,3
22,4,3
107,10,1
42,12,1
83,21,0
99,22,3
58,18,1
102,29,3
28,16,1
54,19,0
104,3,3
72,6,3
48,2,2
31,20,0
5,2,3
103,0,2
42,23,2
111,24,1
102,18,3
41,7,1
46,29,0
38,0,2
78,18,1
3,19,1
80,0,3
96,19,2
84,8,1
17,3,1
54,1,2
20,20,1
19,11,3
42,6,1
0,15,3
39,5,1
48,23,2
41,9,0
101,11,0
92,14,2
89,20,2
90,3,0
59,24,1
17,23,3
103,8,1
0,26,1
55,13,2
13,8,0
107,21,3
69,15,2
115,4,0
98,28,2
107,20,2
81,4,0
89,3,3
67,11,3
30,29,3
73,18,0
