14,22,2
99,6,3
102,18,3
53,1,3
29,28,0
19,4,3
50,6,0
107,3,1
54,28,2
103,20,3
32,15,2
118,15,0
0,6,3
92,27,1
16,23,1
81,8,0
35,24,3
40,21,0
17,10,0
64,18,0
4,13,2
84,29,2
103,14,3
2,29,3
47,3,3
73,10,0
41,4,3
99,3,2
43,26,1
35,6,1
89,6,2
34,13,0
107,10,2
27,7,2
57,21,1
56,15,1
62,22,1
80,20,0
13,1,1
92,10,1
104,19,0
97,21,0
57,13,3
103,23,1
36,15,2
89,11,1
113,5,1
84,9,3
15,27,2
66,2,2
53,7,2
47,5,0
21,11,3
0,1,3
106,2,1
50,14,2
31,9,3
19,16,0
113,24,3
20,7,2
15,20,0
45,13,2
0,7,0
54,1,3
113,23,1
28,22,2
9,28,3
72,13,0
15,10,3
30,10,1
89,9,0
86,7,3
51,19,2
64,9,0
27,2,1
118,8,3
32,21,2
9,3,2
26,3,2
46,1,0
89,16,0
7,15,0
61,9,1
30,15,2
32,20,1
57,17,3
34,24,0
12,6,2
107,13,0
51,29,3
57,0,1
32,23,0
83,11,3
51,27,3
88,20,1
65,25,2
64,27,0
46,27,0
19,25,3
77,3,1
