46,19,1
84,12,1
31,3,2
59,1,0
87,6,1
101,15,1
50,11,2
32,26,3
46,26,1
34,14,1
42,5,2
29,8,0
78,13,3
5,2,3
44,20,2
12,17,3
97,12,1
64,9,0
102,11,0
21,20,3
66,21,2
67,13,0
16,7,0
15,11,2
26,22,1
94,24,3
1,15,2
1,29,3
42,4,3
105,10,3
86,0,2
104,11,1
33,17,2
18,1,1
92,9,3
64,20,3
26,23,2
35,19,2
102,5,2
73,24,3
46,17,3
100,22,1
69,11,2
6,24,0
25,2,2
79,16,1
89,16,0
73,7,0
4,1,0
45,15,3
100,25,3
68,5,3
0,13,2
15,16,1
50,9,1
72,11,3
92,6,0
67,8,1
98,11,2
109,24,0
113,19,1
15,4,1
39,0,3
104,22,1
90,2,2
47,14,1
62,25,1
14,0,2
53,0,0
85,11,1
96,25,2
66,27,0
14,14,3
34,4,3
75,15,2
97,0,1
15,6,2
15,27,3
11,10,2
80,0,0
112,28,3
92,10,0
75,23,2
84,26,2
76,19,3
110,4,1
79,29,3
100,7,2
100,13,1
0,20,0
45,6,3
63,12,2
10,19,2
0,7,1
48,25,2
74,0,0
13,16,3
39,29,3
3,17,3
60,12,1
