87,27,3
2,10,3
110,1,2
0,5,1
1,29,0
94,20,2
107,22,3
107,29,2
113,22,2
82,10,1
60,19,2
16,23,1
42,12,3
46,11,2
74,7,1
77,10,1
13,2,0
94,0,2
30,29,3
61,5,3
66,15,2
107,6,0
10,0,1
71,1,2
22,7,3
92,14,0
94,6,2
68,0,1
91,26,2
53,4,0
9,17,1
27,9,1
4,24,3
76,4,0
54,23,3
43,16,1
55,24,3
20,11,2
83,1,1
9,16,2
102,22,0
44,0,3
50,6,2
22,8,1
12,18,2
101,5,0
55,26,3
18,13,1
69,3,0
91,14,1
4,1,3
54,0,1
71,15,2
83,18,1
88,0,2
72,13,2
11,26,2
104,26,1
17,9,0
6,8,3
20,4,2
24,1,2
65,24,2
56,12,2
61,13,2
82,24,0
10,28,0
16,4,1
92,9,1
41,9,1
80,0,3
42,24,0
32,14,1
5,8,0
36,14,0
1,23,2
99,7,3
71,17,2
45,3,2
55,16,1
18,4,1
38,11,3
71,27,0
55,10,2
69,28,3
0,0,2
107,17,0
76,26,1
63,4,2
100,11,0
10,17,0
93,23,2
29,0,0
49,21,2
93,9,3
36,1,2
96,15,3
28,27,0
76,9,2
22,2,3
