0,15,0
42,8,0
80,25,0
41,2,1
79,6,1
42,25,1
7,21,0
41,10,0
84,7,3
10,17,2
10,9,0
109,9,2
98,21,2
40,24,1
14,20,1
76,21,1
42,19,0
68,24,2
46,25,2
100,5,3
13,24,3
99,24,3
105,0,1
32,6,2
13,12,1
78,28,1
101,8,1
42,17,1
17,5,0
84,24,1
30,23,1
62,19,2
101,12,0
0,23,3
14,0,3
41,3,1
118,2,3
70,4,3
32,17,3
68,22,2
3,16,0
65,10,2
81,9,1
24,4,1
6,4,1
101,23,2
111,26,3
83,29,3
31,2,2
25,29,0
46,24,0
59,0,1
27,18,3
104,25,3
55,10,3
86,14,1
1,2,2
60,23,3
109,17,1
44,0,2
27,28,0
90,27,2
88,13,2
52,17,0
79,2,0
63,6,3
104,3,2
104,24,2
78,18,3
115,16,2
16,15,1
56,28,2
11,10,3
80,0,1
114,14,2
22,29,2
7,1,3
56,5,0
88,4,3
31,8,3
7,27,2
51,18,1
72,8,1
19,16,2
22,16,2
77,13,2
29,14,2
36,6,2
49,15,0
63,17,3
90,3,1
72,20,2
51,17,2
0,24,1
29,25,1
108,15,0
104,2,2
27,21,2
43,13,3
91,16,2
