103,29,2
47,16,3
77,0,3
30,1,0
17,7,0
71,9,0
49,8,2
73,0,0
95,10,3
32,19,0
16,10,3
17,2,1
69,10,1
4,27,2
47,6,1
4,9,2
15,1,0
68,8,3
77,13,2
102,23,2
91,8,0
66,23,2
30,3,1
91,15,2
18,10,3
5,28,2
103,1,1
57,13,3
61,19,3
3,10,3
41,4,3
45,10,2
55,15,0
18,11,2
106,14,2
77,12,3
89,11,1
95,14,3
92,2,0
72,22,2
9,16,3
26,16,0
90,20,3
0,0,2
22,2,1
52,5,2
21,22,2
64,7,2
29,17,3
24,13,0
86,22,1
108,21,3
107,10,3
85,1,2
26,19,2
63,0,0
17,11,2
63,16,2
97,4,3
1,15,0
95,23,2
62,0,0
27,17,2
0,18,1
29,18,0
0,10,0
87,28,3
35,0,0
57,23,2
77,17,2
44,24,1
57,4,1
39,0,1
76,25,1
26,26,1
31,13,1
108,15,0
78,10,2
12,5,0
74,27,2
11,10,1
64,27,2
6,4,3
103,6,2
2,17,1
9,0,1
82,5,0
67,13,3
15,23,3
29,1,1
91,6,1
30,2,2
108,28,2
51,6,1
45,3,1
88,5,2
70,11,1
23,8,1
28,9,0
41,11,2
