86,18,0
94,19,1
110,11,2
96,0,2
87,1,3
37,0,2
57,1,0
20,8,3
114,17,2
62,2,3
76,10,3
103,1,1
18,26,0
12,23,0
65,0,2
99,24,0
71,23,3
51,1,3
15,5,1
42,5,2
51,25,3
0,28,2
98,8,3
22,8,2
42,8,3
47,5,1
72,7,3
45,10,0
98,3,0
7,14,3
30,24,1
108,0,0
90,7,1
98,0,3
47,11,1
75,14,1
47,29,2
102,8,2
44,17,0
90,1,1
65,4,1
116,24,1
88,19,2
86,0,2
69,17,0
109,26,3
65,23,2
47,14,2
90,9,2
68,29,0
98,25,1
16,9,1
72,3,2
16,17,2
65,29,0
98,27,0
37,13,2
41,7,1
107,28,3
72,28,0
1,13,3
64,15,2
72,2,1
50,12,0
85,18,2
62,15,1
85,11,1
55,13,1
29,20,3
32,8,0
80,19,3
1,5,1
24,13,2
92,11,3
86,16,2
6,0,0
12,14,3
77,1,1
33,26,1
55,25,2
21,16,0
83,28,3
102,22,2
44,26,1
7,13,2
43,15,3
89,26,0
16,0,0
57,15,2
80,9,3
16,15,1
84,3,3
18,1,1
43,18,0
50,25,1
0,6,1
39,27,1
71,11,0
0,1,2
80,1,3
