81,20,2
43,8,0
99,7,3
69,16,3
90,0,3
82,5,0
113,21,3
54,3,3
37,15,0
75,18,3
83,22,3
69,15,3
94,6,3
31,25,1
107,6,1
7,27,0
26,16,3
35,5,1
91,16,0
12,12,3
24,0,2
11,15,0
2,14,3
64,9,1
47,12,0
68,13,2
1,13,2
6,12,3
96,23,2
37,26,3
5,2,0
94,18,1
30,16,3
82,6,2
100,23,0
46,22,0
1,8,1
11,5,1
22,15,3
105,19,2
9,28,3
20,7,3
51,25,3
37,6,3
10,25,2
14,1,1
62,3,1
115,28,0
32,4,3
18,19,0
46,2,1
9,18,1
75,19,1
14,27,0
105,3,3
75,0,3
17,22,1
31,29,3
108,19,3
105,26,3
79,26,0
78,2,1
4,4,0
78,29,1
63,24,1
48,0,2
4,16,0
36,0,1
21,21,0
98,16,3
20,17,3
86,14,1
62,25,0
46,15,1
72,1,0
48,6,1
43,2,3
18,13,1
88,7,2
6,0,0
13,12,2
38,6,0
114,9,2
112,17,2
95,8,0
49,28,0
66,20,1
25,12,1
70,1,1
74,6,2
61,4,0
32,8,1
85,1,1
95,5,0
97,29,2
39,1,3
36,12,0
77,18,3
48,16,3
82,25,1
