11,25,2
43,29,2
35,16,2
16,0,2
13,9,2
84,26,3
1,11,0
110,22,0
57,13,0
72,24,0
39,10,3
69,14,0
103,16,1
42,4,3
103,7,1
89,20,0
94,21,0
107,10,0
43,9,1
76,5,0
52,4,3
89,2,0
10,0,2
90,21,0
58,13,3
20,1,0
93,12,0
63,17,0
112,10,3
18,2,1
64,10,2
95,25,2
55,22,3
84,0,3
33,10,2
77,20,3
64,5,1
38,10,2
53,29,2
40,26,3
84,22,2
14,1,3
1,6,2
57,0,0
67,2,2
46,6,3
101,29,2
0,10,3
81,1,0
41,10,3
44,21,0
25,0,0
16,19,3
40,20,0
8,21,1
34,14,3
69,25,3
75,11,2
94,5,3
47,20,0
30,14,1
48,1,0
0,8,2
100,0,0
46,1,2
26,16,3
52,10,3
107,22,1
48,25,1
108,10,1
107,17,0
94,20,3
110,11,1
111,3,2
21,13,1
0,25,1
34,11,3
21,14,2
73,6,3
64,14,1
10,26,2
84,15,2
66,0,2
108,7,1
14,21,1
0,2,3
78,20,0
2,14,1
11,7,2
101,27,3
4,28,1
64,2,3
12,0,0
68,9,0
106,24,1
0,1,0
47,3,0
47,22,0
92,28,3
103,22,2
