28,24,1
32,0,0
40,8,1
107,14,3
90,0,0
99,0,2
59,19,0
110,25,2
26,4,3
92,11,2
86,12,3
19,25,1
72,7,2
44,27,2
80,16,1
102,17,1
21,15,1
22,22,1
20,3,0
16,20,1
25,15,1
70,21,3
83,4,3
68,7,0
84,0,2
5,22,2
13,15,2
52,11,3
106,13,3
38,17,1
89,0,0
62,5,3
43,17,3
11,20,2
26,5,0
99,19,2
67,27,1
12,6,2
61,29,2
47,0,0
21,0,1
92,1,3
106,23,3
108,24,1
7,19,2
26,23,3
68,1,0
72,17,2
32,6,2
96,24,3
80,6,2
21,11,2
85,26,3
47,21,0
8,8,0
51,0,0
70,11,1
83,16,3
25,3,3
80,5,1
22,28,0
84,6,3
77,6,3
46,21,1
109,19,1
13,28,0
4,9,2
101,4,2
7,20,3
102,14,0
20,18,1
52,27,0
100,27,0
107,1,1
2,12,2
47,8,0
78,0,2
23,12,2
8,26,0
27,22,2
112,0,0
52,12,1
46,5,3
82,23,1
60,22,1
49,0,2
47,17,2
83,29,1
60,21,1
52,6,0
64,26,1
48,20,2
26,12,1
37,9,0
66,3,1
26,0,0
95,5,2
47,23,2
28,4,3
55,4,2
