80,7,0
9,11,2
37,6,3
7,3,1
90,15,2
29,0,1
1,21,0
40,24,1
73,11,3
92,2,3
91,23,3
79,6,1
36,0,2
42,0,3
43,14,3
17,11,1
55,23,2
54,29,1
76,22,3
99,10,1
86,11,1
11,12,1
48,11,3
22,8,0
1,29,0
73,5,1
23,11,1
9,17,2
16,18,3
7,12,2
60,0,2
72,22,1
29,19,1
63,14,0
92,20,2
18,23,2
90,29,2
64,26,1
21,17,3
9,18,0
22,27,2
64,17,2
59,5,3
60,1,2
31,27,3
24,4,3
54,28,2
20,7,0
88,3,1
28,9,2
50,0,2
57,11,1
97,21,2
64,3,0
3,8,0
60,2,0
96,24,1
85,23,0
51,8,2
21,29,1
29,20,0
13,25,2
97,1,1
53,6,3
33,23,0
89,8,2
115,2,1
97,2,2
55,11,3
67,7,0
56,11,3
33,27,2
61,10,0
0,12,2
111,16,0
57,7,1
67,0,1
9,1,2
33,5,0
45,21,3
102,15,1
78,7,0
6,0,3
70,14,3
93,27,2
42,12,1
91,6,2
1,22,0
104,1,0
63,3,2
37,9,1
87,0,2
97,11,1
22,12,1
3,12,0
0,1,1
63,26,0
39,11,0
13,6,0
100,17,2
