82,0,3
114,6,3
13,28,1
92,10,3
36,11,0
39,26,0
42,19,0
74,6,3
92,23,1
28,15,1
39,20,3
96,28,3
38,20,2
114,5,2
61,4,1
5,13,0
11,21,2
0,11,3
77,18,3
81,2,0
42,14,0
101,15,0
18,5,1
108,0,1
15,28,0
71,7,1
26,15,2
60,3,3
50,18,3
109,4,1
40,29,3
109,26,2
85,12,1
0,10,3
5,20,2
43,3,1
18,1,1
39,21,0
9,24,2
42,15,1
2,1,0
20,15,1
62,26,3
42,29,3
90,24,0
46,6,3
112,19,2
70,21,3
12,19,0
89,11,0
92,19,0
22,19,0
72,4,0
109,8,2
104,20,3
25,4,0
50,5,3
111,9,1
44,0,3
3,0,2
66,10,2
55,1,2
92,3,0
36,12,0
103,28,1
26,28,0
29,14,1
34,24,2
38,0,3
25,7,2
8,26,0
70,12,0
58,29,0
61,5,1
10,5,0
108,2,3
105,0,1
75,8,3
88,13,3
42,20,1
76,10,0
76,28,3
53,22,0
95,2,0
95,17,2
15,16,2
78,26,3
8,20,1
54,16,2
34,25,3
57,23,1
0,2,3
21,4,3
51,16,3
94,9,2
93,13,2
73,19,2
72,13,0
89,16,2
36,17,0
