52,10,2
20,2,2
83,14,2
88,0,0
66,9,0
57,1,2
95,2,3
29,25,3
23,28,1
84,16,1
15,18,1
110,27,3
37,12,0
54,20,3
0,5,3
64,19,2
85,10,1
77,0,2
23,6,0
11,12,0
87,24,0
79,13,2
78,0,2
88,17,1
32,0,2
93,24,1
98,21,0
57,10,3
3,13,1
0,0,2
63,20,1
26,17,0
69,15,3
46,4,0
50,26,1
57,22,3
13,9,3
47,13,1
22,2,2
61,10,1
66,14,2
21,20,0
79,9,3
63,0,1
33,8,2
83,1,1
42,23,0
41,22,3
75,1,0
75,20,0
34,6,2
92,8,0
59,12,0
61,3,2
102,2,2
66,8,1
91,25,1
106,20,0
71,11,0
56,13,3
10,23,1
57,14,0
5,29,3
64,0,3
114,7,2
98,8,2
47,4,3
103,21,1
79,29,2
35,15,2
14,15,3
102,18,3
34,0,1
109,24,0
74,12,2
0,28,2
81,3,3
21,26,0
21,9,0
107,6,3
101,1,0
38,19,0
65,24,2
72,20,2
51,14,0
43,21,0
59,0,1
52,12,0
39,24,3
49,10,0
17,14,2
58,21,1
18,27,3
69,5,3
102,23,3
77,11,0
19,14,1
95,13,1
48,10,0
23,24,0
