69,25,2
106,19,3
64,7,2
60,20,0
60,12,0
82,1,0
103,16,3
112,25,3
54,9,3
12,5,2
16,29,3
27,23,3
97,29,0
105,10,0
84,9,0
93,8,0
37,20,2
21,4,1
31,27,0
61,23,1
71,13,2
93,7,0
54,0,2
33,1,2
18,22,0
26,8,1
106,1,1
97,13,0
85,13,3
39,23,1
59,22,1
22,25,2
41,23,0
22,5,1
51,7,2
37,15,2
56,13,0
15,13,3
72,1,0
74,1,0
0,11,1
13,0,3
75,23,0
20,20,0
68,23,1
19,9,2
63,24,3
44,13,0
60,11,3
96,4,3
31,18,0
97,12,2
54,3,2
78,6,3
78,26,3
34,16,1
68,4,3
45,3,2
65,19,1
89,16,0
9,4,3
49,7,0
46,0,3
15,8,1
67,29,0
10,26,1
80,15,1
76,6,0
66,16,1
85,9,1
47,21,3
52,20,3
55,25,0
4,8,0
96,29,2
78,22,1
4,1,0
32,0,2
101,20,1
25,7,2
30,17,3
59,10,2
91,14,3
50,11,0
76,26,2
5,4,2
91,23,3
33,23,0
67,7,0
18,26,3
13,13,2
45,5,1
4,12,0
35,14,2
74,0,0
96,1,3
55,12,1
19,2,2
14,25,0
18,18,1
