89,8,3
69,9,1
0,0,3
89,19,1
40,10,0
98,27,0
62,16,0
88,26,3
73,12,1
89,26,1
98,19,1
88,6,3
46,0,3
108,17,1
108,4,1
109,26,0
87,0,2
98,0,1
2,22,3
75,29,1
28,17,1
65,12,3
48,7,0
95,8,1
92,19,0
26,10,1
81,8,2
112,26,1
8,28,2
41,17,3
82,11,2
39,17,3
29,3,2
26,5,3
45,6,2
40,9,3
39,27,3
11,22,3
51,7,0
4,8,3
19,10,0
50,5,0
3,28,3
26,19,3
77,2,2
85,14,2
40,28,1
15,11,2
26,7,2
31,0,3
23,11,1
60,0,1
51,19,0
93,4,2
68,26,1
31,12,2
103,16,0
98,1,1
60,21,0
76,2,2
65,22,0
97,15,1
95,28,1
14,8,1
24,0,3
44,21,1
25,20,3
49,12,0
68,15,2
50,28,0
25,25,2
96,19,1
47,25,3
69,13,0
42,22,3
43,13,3
61,5,1
70,17,1
72,10,1
98,11,3
69,29,2
77,6,0
8,8,2
57,27,2
104,21,2
113,3,1
20,0,1
58,19,2
53,11,0
65,16,3
101,24,2
67,13,0
10,25,2
92,12,1
13,0,0
15,10,2
88,25,1
95,12,2
28,26,0
78,16,1
