38,9,1
49,7,3
106,16,1
29,7,2
111,6,2
67,0,2
109,18,0
57,11,3
54,5,3
97,17,0
11,22,0
30,5,2
80,0,3
20,0,3
62,13,1
55,24,1
32,26,2
15,16,2
13,19,0
107,2,0
85,29,0
64,0,1
109,7,0
100,0,1
51,12,1
21,23,3
28,8,1
58,17,2
21,11,0
96,23,3
80,15,1
89,8,1
108,17,1
86,4,0
34,17,2
3,5,3
46,17,3
9,8,0
28,27,2
87,0,1
60,9,1
20,17,2
54,16,2
60,12,2
20,13,0
25,19,2
84,16,0
79,0,1
3,24,2
2,24,0
12,9,0
79,19,2
111,25,3
5,1,2
102,10,3
27,16,1
52,18,0
82,25,1
78,5,1
58,20,2
72,12,0
74,12,2
15,29,2
100,1,2
15,5,0
7,9,3
15,20,3
55,10,3
97,24,2
87,12,3
14,20,2
53,2,2
26,29,3
37,8,0
85,22,3
33,24,1
7,1,0
84,5,0
63,17,1
6,11,0
29,0,0
78,14,0
97,8,0
50,1,0
52,21,3
58,28,3
38,3,2
86,20,0
74,28,2
60,29,1
101,9,0
83,2,1
68,29,2
58,8,2
23,22,3
1,7,2
2,10,1
70,17,0
98,27,3
53,28,0
