107,7,2
29,13,3
96,7,1
45,0,3
112,14,2
41,22,3
84,8,2
95,16,1
101,0,0
50,10,2
92,19,1
51,11,1
0,11,0
34,27,1
80,0,2
25,8,2
6,19,3
51,9,3
69,8,2
64,28,1
31,4,1
50,22,3
45,5,1
8,8,3
10,16,3
43,11,3
69,14,3
77,22,1
58,1,0
80,26,1
98,12,0
44,20,0
16,19,2
49,7,1
67,7,2
92,12,0
7,23,2
34,14,2
61,14,3
72,27,3
30,18,0
13,1,3
70,17,1
41,13,1
96,15,0
74,19,3
48,15,2
25,7,0
113,24,0
51,6,3
10,15,0
39,10,3
70,10,3
6,0,0
84,18,1
27,0,3
92,1,1
3,20,0
19,10,0
48,21,2
63,8,3
7,1,0
39,7,1
108,0,3
31,16,1
65,27,1
60,21,0
13,15,2
60,23,2
101,22,0
68,16,1
89,19,1
108,17,1
71,26,3
51,26,1
12,22,1
101,8,2
58,0,3
2,25,1
30,8,0
105,14,3
32,10,2
18,4,3
1,6,1
88,15,0
109,0,2
106,19,2
89,13,0
97,7,0
45,3,3
97,13,3
1,26,2
40,1,1
40,22,3
6,27,1
1,7,2
78,12,0
31,18,1
41,5,0
10,12,1
