39,22,1
57,28,2
65,17,1
54,13,2
42,0,2
75,21,1
85,1,3
8,22,1
27,4,3
72,0,0
40,9,0
97,13,3
48,19,3
37,29,1
65,27,0
94,3,1
95,8,3
78,7,2
16,14,2
65,5,1
42,6,1
91,0,0
65,1,2
52,12,3
87,10,0
43,9,2
48,4,2
0,14,2
42,15,3
56,20,1
14,19,3
79,3,0
100,21,2
96,9,0
41,23,3
107,8,3
46,1,1
29,20,1
61,1,0
6,26,3
21,1,1
5,5,0
46,10,0
78,20,3
22,14,0
47,18,2
16,10,2
39,21,3
46,24,0
95,18,2
36,20,1
49,4,1
103,3,2
56,11,2
95,27,3
38,11,2
96,2,2
62,19,1
33,12,3
89,15,1
71,15,3
56,1,0
87,29,2
59,18,2
52,29,0
8,9,3
106,2,1
94,16,0
2,13,0
8,10,0
69,23,1
77,7,1
70,14,0
94,10,0
2,12,2
29,0,0
55,3,1
77,15,2
88,12,0
81,22,2
95,17,0
37,0,0
115,26,1
72,10,2
34,29,3
17,2,3
98,10,2
75,25,1
101,25,2
88,17,2
5,27,3
66,7,1
95,14,1
65,29,2
31,24,1
5,6,3
20,25,2
74,9,1
32,23,2
35,6,3
