20,2,0
71,7,3
27,10,3
82,7,2
36,7,1
106,8,1
69,10,0
70,21,3
118,22,2
30,5,2
50,5,1
15,3,1
114,6,2
89,5,2
104,19,0
89,10,3
24,0,2
99,11,3
0,23,2
94,2,0
85,18,2
66,18,0
89,6,2
41,7,0
101,12,2
1,1,0
68,1,2
81,9,3
115,14,1
4,20,1
36,9,2
98,9,2
51,26,0
72,16,0
23,29,2
22,20,3
64,15,2
25,12,0
72,9,1
112,22,0
4,2,0
13,15,2
7,8,2
20,24,1
83,22,1
93,23,0
41,11,3
36,22,0
14,24,2
11,18,1
21,14,3
121,27,3
12,2,0
99,22,1
81,3,1
92,7,1
55,4,3
102,14,1
13,27,0
77,20,1
63,27,0
29,12,2
0,6,0
72,0,3
111,7,2
79,21,0
79,15,3
121,28,0
59,15,3
17,15,0
95,29,0
15,16,1
51,10,0
64,1,1
34,27,1
80,9,0
85,9,1
115,6,0
108,15,3
62,5,0
44,24,2
86,27,2
16,14,3
97,17,3
115,13,2
23,15,3
16,12,3
42,8,0
7,13,0
0,0,2
18,1,1
58,1,2
108,28,3
12,29,3
81,0,0
21,18,1
35,21,0
38,24,0
9,12,2
27,21,2
