108,0,0
92,15,2
0,0,3
106,16,3
76,28,1
76,21,1
89,26,1
0,27,1
115,23,2
99,18,3
4,15,2
41,5,0
11,28,1
110,21,0
104,6,2
77,22,1
48,5,1
78,3,2
84,18,2
104,21,3
69,9,3
57,17,0
25,11,1
22,6,1
95,1,0
28,22,2
111,0,2
67,16,1
5,9,3
42,26,3
88,16,0
26,28,2
29,9,2
54,22,0
100,5,1
73,4,0
60,12,0
31,19,0
78,8,0
111,28,3
22,15,2
98,24,0
61,28,3
99,7,1
78,7,0
65,19,2
48,23,2
62,15,0
15,24,2
79,19,0
51,2,1
76,19,3
42,25,3
42,5,1
62,2,1
53,25,1
13,4,3
14,5,3
79,26,0
65,1,2
39,14,1
13,26,2
16,13,2
98,25,0
0,15,3
68,9,2
55,5,1
20,29,2
102,15,2
38,20,0
69,8,1
80,7,3
89,12,3
90,24,1
17,23,2
78,20,1
23,19,0
21,4,3
67,26,0
21,6,0
50,13,2
87,7,0
109,14,1
21,27,2
18,0,1
11,11,2
90,3,0
6,1,3
28,28,2
54,23,3
98,28,1
91,28,0
24,6,0
48,19,3
41,13,1
59,19,1
11,17,2
39,19,1
76,12,2
69,20,2
