57,26,1
77,21,0
86,29,1
0,18,1
1,22,3
73,20,3
64,9,3
63,5,3
36,3,3
97,10,2
70,10,3
35,15,3
44,26,0
82,7,1
81,5,1
23,19,3
88,3,3
1,0,2
51,3,0
8,5,1
92,3,0
13,17,0
65,28,2
102,25,0
83,26,2
82,9,0
99,4,3
73,26,1
111,28,2
5,17,1
10,27,0
89,18,1
110,10,1
53,13,0
20,0,3
14,16,3
5,13,1
8,14,0
87,24,1
88,9,1
11,22,2
34,17,1
114,21,0
24,27,0
17,25,3
32,9,2
45,15,3
59,14,0
45,12,3
19,15,0
52,0,3
38,23,1
55,5,0
82,28,2
95,9,2
34,25,1
98,27,0
22,4,2
8,25,3
56,9,3
85,8,3
67,11,3
15,7,2
37,22,0
53,23,0
28,9,2
4,15,0
7,29,2
60,28,2
73,10,1
22,26,1
86,2,0
42,6,2
106,1,1
79,20,2
31,27,1
78,7,3
28,22,1
98,19,0
59,16,2
60,22,3
0,26,2
90,27,0
76,8,3
108,19,3
5,9,0
30,18,1
9,26,1
12,8,2
5,5,0
7,20,0
4,1,1
38,21,2
95,1,0
103,12,2
27,27,3
67,16,3
66,18,2
58,16,0
35,19,0
