46,20,2
0,19,0
102,19,3
2,6,3
71,13,0
71,11,2
22,8,0
68,21,2
48,12,0
80,14,2
106,21,3
81,4,2
71,0,3
10,6,2
94,7,2
7,24,1
25,11,1
44,3,0
87,11,1
95,19,0
11,16,3
96,17,0
26,2,1
12,8,2
31,5,3
90,22,2
61,28,0
82,6,2
37,7,3
2,9,3
82,1,2
89,12,2
9,25,3
101,28,0
0,18,1
100,26,3
46,12,3
52,9,0
81,22,2
26,8,1
39,28,3
5,16,1
105,13,1
2,0,1
20,24,0
19,18,0
51,7,2
44,21,0
21,25,2
23,7,1
28,18,2
21,24,2
46,28,3
57,13,1
69,6,2
6,0,0
88,2,1
12,10,1
48,25,0
98,18,2
99,14,1
48,10,1
63,22,0
0,0,3
29,2,0
56,29,1
70,5,1
50,13,2
38,18,3
42,7,0
47,14,1
41,25,3
110,10,0
73,17,3
60,11,0
31,11,0
12,4,3
49,17,0
33,15,3
63,0,0
68,25,2
72,27,3
67,18,1
37,18,2
27,2,0
62,3,3
33,6,2
94,6,2
12,2,1
44,29,3
52,18,3
103,8,0
32,4,3
74,20,1
28,14,3
33,0,2
60,10,2
74,26,2
44,11,1
14,24,1
