80,14,0
107,11,3
93,29,1
4,16,0
81,9,0
50,24,2
72,21,0
61,19,1
105,28,1
83,0,0
24,10,1
74,18,3
52,0,3
36,21,1
56,7,1
74,22,2
82,14,3
72,3,0
57,25,3
5,23,3
103,20,1
70,11,2
92,12,2
27,28,0
66,7,3
65,0,3
104,15,1
3,20,0
9,8,1
0,0,2
70,21,1
5,22,2
56,12,2
39,26,0
85,3,0
33,26,3
102,19,1
41,1,2
77,20,1
69,24,2
60,28,3
34,29,1
45,4,0
70,5,3
17,24,1
31,22,2
92,27,1
57,14,1
44,10,1
73,7,1
61,29,0
43,25,1
55,15,1
38,26,1
30,4,3
8,28,0
12,25,0
2,11,3
94,13,3
49,19,1
5,5,0
80,25,1
92,11,2
41,0,2
69,8,3
18,21,1
113,22,1
47,23,0
100,23,2
46,22,2
13,0,2
90,17,0
9,9,2
90,26,0
87,5,1
47,15,3
13,29,2
70,12,3
40,10,2
43,17,2
4,10,1
95,8,1
103,9,0
46,5,0
78,10,1
57,11,3
79,13,3
113,6,2
51,9,1
45,9,2
61,5,0
6,21,1
115,17,2
93,4,2
67,29,2
0,9,1
21,16,1
101,11,3
39,14,1
18,6,2
