33,14,1
95,10,0
111,7,1
98,1,3
109,1,3
91,26,2
54,27,2
97,0,0
74,14,2
15,13,0
19,17,1
59,2,1
63,21,2
69,11,3
28,11,2
2,10,2
81,22,3
97,8,1
67,0,1
38,19,3
33,13,2
51,11,0
112,15,1
10,18,2
35,17,2
38,9,2
79,21,1
20,10,0
96,28,2
48,0,2
52,0,1
83,0,0
9,5,1
97,14,3
59,0,3
29,9,3
53,12,0
20,8,3
20,3,1
115,22,0
46,21,3
30,28,1
98,25,3
65,25,3
62,15,1
113,19,2
44,6,2
55,3,2
41,28,2
14,0,2
49,12,2
33,25,3
91,5,1
66,24,1
70,3,3
56,29,0
51,25,0
67,19,3
94,2,2
116,18,1
109,0,3
43,9,2
46,23,3
25,29,0
41,10,0
98,15,1
33,29,3
42,11,1
7,0,3
89,20,2
83,26,1
6,18,1
78,18,3
90,4,1
85,17,1
58,9,3
5,19,3
95,9,3
11,16,1
71,16,2
3,15,1
97,13,1
113,0,3
17,1,0
37,5,3
48,14,2
79,17,2
62,14,3
92,15,2
93,0,2
50,28,3
43,0,2
83,28,3
57,13,0
37,0,0
92,27,2
18,16,3
98,22,2
78,11,0
89,26,1
