15,13,3
68,16,2
14,1,3
24,9,3
59,18,0
74,26,2
86,16,0
63,26,1
26,24,1
72,4,3
32,5,2
47,26,3
93,17,2
56,25,1
82,24,1
57,6,3
46,28,0
91,3,2
72,3,0
83,0,3
98,16,3
11,17,1
101,9,2
8,8,2
100,0,2
91,29,1
70,17,2
9,17,3
45,19,2
44,21,0
102,21,0
46,21,1
75,8,2
47,12,0
5,19,2
16,17,2
76,27,1
89,21,3
9,18,0
38,8,3
106,12,3
24,24,2
105,6,2
74,16,3
20,18,2
64,21,3
6,28,2
33,14,0
79,26,2
87,1,3
41,13,3
84,17,0
6,17,3
83,20,1
22,9,2
7,0,2
28,13,2
2,24,3
59,0,3
40,2,2
27,9,3
20,25,1
74,25,1
80,15,0
85,28,0
29,29,0
55,23,0
50,16,1
97,7,3
56,16,3
101,0,3
63,27,0
112,18,1
98,5,2
83,12,3
32,27,1
102,11,3
0,14,2
45,23,2
101,23,2
14,0,0
108,10,0
79,15,2
77,6,1
31,22,2
15,10,0
44,10,2
79,1,0
88,16,3
35,1,2
43,9,0
54,16,0
52,9,1
24,6,2
42,23,3
77,8,1
53,2,2
44,5,2
12,25,3
60,1,2
