88,29,1
9,15,3
57,22,3
44,16,0
108,14,2
28,8,1
84,8,1
61,14,2
20,18,3
69,17,0
46,24,0
44,23,3
106,28,0
19,1,3
94,5,3
87,2,1
25,13,2
101,9,2
26,24,2
22,23,0
4,11,2
50,10,3
38,15,0
96,14,1
101,8,3
93,15,2
6,26,0
74,12,0
100,24,1
91,3,3
72,11,0
82,4,3
83,16,1
90,28,1
26,5,1
66,7,3
54,14,3
48,14,2
83,10,3
68,0,1
61,4,1
21,24,2
56,13,3
65,11,3
37,13,2
76,14,1
43,19,3
46,27,3
68,23,2
68,21,1
10,0,2
79,5,3
58,0,1
87,26,0
79,22,1
65,23,2
25,8,1
86,6,3
105,24,2
14,7,3
39,15,2
82,27,1
19,6,3
67,5,3
85,28,1
57,19,0
100,21,1
71,26,2
106,24,1
23,9,2
3,23,1
55,7,3
115,11,0
68,15,1
54,28,2
86,27,2
67,13,2
19,9,1
96,20,1
49,6,0
13,15,3
110,13,3
58,5,0
30,12,1
104,13,0
22,16,3
20,3,2
18,0,3
51,14,1
39,23,2
62,24,1
88,27,2
118,12,0
37,0,1
28,29,2
107,2,3
2,10,1
21,12,1
39,11,0
18,26,0
