64,9,3
63,2,2
68,23,0
0,14,3
68,0,2
57,13,3
106,26,1
87,5,3
46,11,0
64,10,0
24,11,3
85,11,0
80,28,0
26,26,1
45,16,1
44,0,2
74,19,0
78,22,2
60,21,3
76,5,2
79,25,1
113,14,3
42,25,1
110,7,0
66,19,1
9,23,3
33,12,2
81,23,0
32,2,0
37,4,3
81,1,0
64,20,1
56,25,3
35,4,0
70,7,2
15,4,0
38,13,3
0,3,3
63,5,1
79,28,3
28,6,2
96,0,3
43,26,2
54,12,3
31,9,3
60,8,0
37,20,1
75,3,2
79,6,3
113,29,1
27,2,2
11,27,2
96,13,2
77,0,0
3,22,0
0,29,0
92,3,0
60,26,3
89,22,3
115,22,1
109,19,2
33,26,3
32,29,1
9,0,3
103,2,0
43,8,3
83,28,3
80,29,2
87,15,1
11,16,3
71,18,0
35,21,1
0,8,2
110,18,0
9,10,1
112,21,2
84,24,0
73,5,0
22,18,3
31,20,0
14,19,2
71,9,3
44,20,2
91,18,0
19,14,1
72,20,2
89,16,0
106,19,0
34,9,2
108,1,1
92,23,1
27,27,2
55,2,0
8,24,0
88,15,1
61,10,3
95,1,3
43,2,2
69,27,1
62,19,1
