2,15,2
108,24,0
49,10,3
43,9,3
91,22,2
3,15,2
37,1,3
17,4,0
43,1,0
9,5,2
100,17,3
109,12,2
69,10,0
68,9,3
48,5,3
86,2,1
89,27,2
89,12,2
46,25,3
101,12,0
90,14,0
71,15,0
35,28,1
36,20,3
27,23,2
29,1,0
13,17,2
104,8,1
2,4,0
39,25,1
80,9,1
83,21,1
63,3,2
18,14,1
68,7,3
32,28,0
13,26,1
70,22,0
78,29,2
20,26,2
51,23,2
5,24,1
33,2,1
0,4,1
93,19,0
12,23,0
109,3,0
118,7,0
107,21,3
18,16,1
99,6,1
86,6,1
41,28,2
18,22,3
102,3,3
45,1,0
42,7,0
37,14,0
19,13,1
43,15,3
42,14,3
29,15,1
95,27,1
28,20,1
114,4,3
95,18,3
89,4,1
26,29,0
50,28,1
23,13,2
86,26,0
97,26,3
17,26,3
92,1,1
20,10,1
90,28,3
20,18,1
80,14,3
73,22,0
44,1,1
73,9,1
39,23,3
26,0,2
76,18,3
63,16,0
19,7,3
84,11,1
12,17,3
95,1,0
59,18,2
45,0,3
37,3,2
108,12,0
3,9,1
17,12,2
88,2,1
116,20,2
13,14,3
3,18,3
67,3,1
