62,28,2
63,23,1
105,23,1
78,5,0
3,18,2
0,1,2
77,19,2
41,3,1
73,20,1
40,14,1
20,5,2
51,7,0
73,28,0
72,19,2
72,0,2
75,0,2
57,25,1
95,25,1
26,22,0
55,14,1
62,10,1
105,29,2
40,7,3
14,9,2
0,11,3
36,9,2
95,3,2
34,24,3
99,5,2
74,13,3
37,21,0
13,14,1
103,17,3
68,22,2
92,29,1
57,20,3
53,14,1
55,8,0
5,9,3
9,12,0
25,23,0
87,23,2
10,24,1
86,16,0
37,24,1
31,18,1
97,15,1
33,10,2
109,12,3
29,9,1
70,6,1
106,28,3
82,1,1
34,19,1
63,27,3
28,7,2
42,4,3
32,4,2
75,29,3
43,9,3
80,22,0
3,13,3
7,12,2
75,10,2
87,7,3
51,28,0
37,1,2
66,14,1
6,10,1
46,8,0
69,0,2
22,27,3
50,19,1
16,7,1
78,23,3
20,2,3
7,27,1
78,8,1
65,9,0
105,9,1
114,16,3
88,6,3
6,11,1
47,20,2
2,17,1
18,29,0
3,19,1
19,23,0
1,3,1
110,16,1
46,13,3
23,10,0
90,17,2
44,18,0
112,7,2
6,12,3
53,23,1
33,15,0
26,4,1
29,26,1
