4,27,1
96,18,3
43,17,0
51,17,2
10,20,1
112,5,0
102,1,1
62,15,3
74,24,1
58,26,2
31,8,1
5,21,0
73,10,3
43,22,3
63,13,1
49,20,3
62,19,1
66,21,1
0,8,2
64,12,0
82,20,3
68,28,3
93,2,1
108,7,0
64,20,1
49,3,3
8,16,3
78,7,2
98,16,3
104,20,2
62,28,3
74,9,2
31,20,0
102,19,3
17,12,2
73,3,1
51,1,1
110,24,3
27,13,3
56,8,2
51,29,2
109,4,3
99,25,2
97,18,1
98,13,0
15,1,1
1,14,0
100,18,3
50,25,1
11,4,2
22,29,0
92,11,3
90,22,3
69,17,3
94,3,1
72,16,2
38,15,2
48,19,1
109,23,0
30,7,3
52,9,0
96,1,3
68,1,3
92,19,1
25,26,0
9,0,2
98,29,3
78,8,1
11,17,3
109,16,3
8,12,2
27,7,3
69,27,3
31,5,3
51,16,2
39,7,0
30,1,0
30,24,1
12,10,0
22,6,3
42,0,0
93,12,2
72,25,2
45,14,1
103,8,0
110,19,0
20,20,0
112,18,1
102,5,1
25,25,3
113,29,3
0,19,1
82,17,2
49,23,0
12,27,1
62,29,0
82,25,0
23,17,3
75,28,0
68,5,1
