100,14,1
45,15,1
53,14,3
97,20,2
77,12,1
77,3,3
8,23,1
120,3,3
92,13,2
46,21,2
17,23,3
93,23,0
27,13,0
59,9,1
4,0,2
31,27,0
24,28,2
89,18,3
79,17,3
5,19,3
39,12,1
80,7,0
8,25,1
55,19,0
97,12,1
94,9,2
44,14,0
47,2,2
30,12,0
65,23,1
52,21,0
114,0,0
12,11,1
115,19,1
94,20,0
30,18,1
14,16,1
25,19,2
91,3,1
34,11,2
51,4,0
32,5,0
81,2,1
116,20,0
39,18,3
64,11,1
13,23,0
104,7,0
77,23,1
53,2,2
110,16,3
53,13,2
66,23,0
29,16,1
28,0,2
83,28,2
91,20,0
86,11,2
111,9,0
68,29,1
80,27,1
48,24,3
78,18,1
47,27,0
69,27,1
87,9,3
34,24,3
25,2,0
111,22,2
63,4,3
68,3,0
110,14,2
109,17,3
99,13,0
10,2,0
74,25,2
49,5,3
116,24,1
119,24,2
88,23,1
95,14,1
30,9,3
14,1,3
84,13,1
23,16,0
112,23,1
3,10,1
103,17,1
21,11,3
100,27,1
34,19,2
49,1,1
26,25,1
105,9,0
13,3,1
110,0,0
84,19,3
58,11,3
39,4,3
95,1,3
