62,14,2
101,1,0
108,15,1
50,11,0
5,26,1
51,3,3
15,8,0
83,7,3
99,0,0
65,6,3
26,19,2
6,27,3
56,16,3
75,8,3
22,24,3
104,23,0
96,20,0
114,18,0
9,3,0
64,7,0
105,7,0
76,17,0
52,16,3
58,14,0
101,6,1
67,7,0
15,25,0
60,13,0
71,7,2
79,4,0
81,17,3
41,25,2
46,4,2
76,21,2
110,14,2
111,26,0
22,27,1
111,10,3
42,29,2
2,26,2
54,11,0
27,13,1
18,25,0
5,29,0
98,17,0
69,23,0
95,0,0
113,21,0
60,29,0
21,18,2
22,23,0
87,29,2
17,10,3
11,7,3
33,8,1
51,14,2
85,13,2
102,28,3
1,19,2
42,0,3
66,1,2
17,18,0
52,26,2
13,9,3
43,19,1
39,3,2
28,13,0
114,0,1
57,18,3
12,22,1
4,21,1
88,22,0
84,15,3
113,8,0
77,10,0
94,11,0
24,1,3
44,13,3
44,17,0
99,29,3
0,12,2
84,28,2
107,20,2
82,19,2
80,17,2
64,13,2
44,9,2
17,7,3
92,11,1
0,27,0
0,18,0
94,26,3
41,4,0
7,12,3
51,28,2
66,11,3
81,27,2
19,2,1
106,27,1
91,3,1
