45,24,1
18,7,3
47,20,3
12,15,1
89,26,2
84,0,0
72,7,2
62,9,3
24,13,2
79,10,3
115,11,1
90,11,0
22,21,0
95,26,2
6,17,3
25,20,3
31,26,1
85,0,2
35,11,0
42,0,3
63,23,3
102,15,3
71,12,1
60,2,1
10,21,0
31,10,0
39,11,3
3,13,0
63,15,2
72,21,1
64,0,1
39,20,0
67,9,1
116,6,1
87,12,3
45,3,3
49,23,3
46,7,3
110,19,3
21,14,0
83,2,3
71,11,3
83,19,1
55,5,3
84,15,2
1,15,2
113,13,0
54,24,3
23,27,0
30,25,1
9,2,1
20,25,3
63,16,1
11,19,0
3,25,0
75,25,2
94,15,3
48,26,1
0,6,0
113,28,1
71,8,0
26,17,1
79,27,3
64,20,0
14,0,3
37,29,0
103,11,2
13,0,1
86,9,1
93,18,2
108,27,0
80,13,3
93,13,2
72,18,0
107,0,0
10,17,2
10,23,1
45,15,0
7,26,0
12,28,3
32,0,1
88,29,3
82,22,1
45,7,2
6,16,2
119,27,1
60,16,0
23,0,0
110,7,3
46,10,2
115,20,3
65,28,0
37,15,1
116,5,3
108,9,0
14,14,3
35,12,3
103,10,3
5,26,1
89,7,2
