98,18,1
97,1,3
104,9,3
74,8,0
110,25,1
46,0,1
103,28,2
69,8,2
110,20,3
50,17,0
31,16,0
65,19,2
105,28,0
4,24,0
74,24,3
60,6,1
62,29,0
109,23,1
78,14,2
92,26,1
112,22,0
61,0,1
53,7,1
27,14,3
107,18,2
115,9,2
21,24,1
54,18,3
27,5,2
96,4,0
52,6,0
70,17,0
26,10,1
81,0,1
49,17,3
51,5,0
2,5,0
109,0,2
18,20,0
23,22,1
91,17,1
48,13,1
78,3,2
5,22,2
56,14,0
59,9,3
92,13,3
28,12,3
57,20,1
32,0,3
90,20,1
38,12,2
10,11,1
108,10,2
109,13,1
87,20,3
33,4,2
84,12,1
115,18,1
3,10,0
28,22,0
101,1,2
95,27,3
24,0,0
43,23,0
51,20,3
75,20,0
102,29,2
73,27,1
46,16,0
89,27,1
10,8,3
10,9,2
8,0,1
2,27,2
74,9,1
60,18,0
91,20,3
101,10,1
35,13,0
98,14,3
12,0,1
65,9,2
75,6,1
30,24,1
15,19,0
81,6,2
52,0,3
68,15,0
98,5,0
110,17,1
105,6,3
5,21,2
98,6,2
97,18,1
46,26,1
32,15,0
62,18,1
47,26,3
90,2,2
