53,15,0
74,26,0
102,8,3
34,21,3
56,14,2
89,0,2
107,18,3
101,4,3
17,12,1
83,10,2
63,5,2
95,26,3
8,20,1
115,29,2
68,18,1
40,21,2
56,5,3
63,12,0
34,13,3
112,23,2
102,3,0
36,19,3
75,10,0
94,15,2
74,0,3
76,29,1
53,0,2
55,24,1
65,11,2
2,15,2
38,0,0
11,22,2
50,17,3
39,10,2
103,5,3
17,6,3
18,13,0
24,18,2
99,11,1
74,9,1
0,4,2
13,23,2
4,6,3
103,23,3
62,5,0
46,16,2
116,14,2
84,14,1
76,11,1
94,0,2
63,2,1
14,4,3
66,27,2
59,25,3
74,25,0
37,21,3
84,7,1
21,16,3
41,22,3
63,27,0
93,12,0
79,21,0
65,19,3
102,7,0
89,19,2
40,29,1
52,5,1
113,16,2
75,16,2
43,13,2
46,6,2
60,10,0
10,16,1
54,26,3
32,15,0
16,27,1
38,2,3
66,8,0
34,1,3
7,0,1
44,29,2
96,20,1
89,13,2
44,4,2
91,5,3
83,23,3
67,29,3
114,10,2
18,16,2
65,2,3
10,13,3
25,24,3
22,11,3
0,6,1
91,18,0
74,12,1
90,16,1
52,13,2
98,29,3
102,16,0
