28,7,0
16,3,2
105,27,1
1,21,1
45,20,3
43,20,0
64,1,1
90,29,2
94,9,1
41,8,3
17,16,2
91,19,0
89,15,1
111,5,1
13,13,0
50,6,3
20,17,2
20,21,2
78,24,3
17,0,3
11,5,2
11,0,0
0,0,1
25,9,3
14,26,0
92,10,0
88,27,1
20,26,1
23,23,2
6,13,1
98,25,2
120,10,3
91,8,1
115,0,1
101,10,3
86,19,1
53,18,3
48,8,0
60,29,2
110,22,1
3,24,0
28,15,3
37,19,2
81,25,0
33,6,1
102,12,0
59,12,1
21,21,2
19,7,0
74,13,0
54,18,0
74,2,0
40,6,0
106,28,0
116,20,0
76,16,3
108,27,3
79,8,3
55,23,2
30,13,3
106,8,3
100,19,2
45,7,3
54,28,1
64,29,0
1,16,0
29,29,3
1,17,2
12,13,3
83,13,1
95,0,3
13,25,0
68,9,1
4,26,0
15,23,2
2,0,0
106,29,2
56,5,0
20,10,1
64,25,2
75,20,3
68,26,3
106,3,3
51,13,2
58,13,2
46,21,3
43,4,1
109,6,3
56,19,3
6,28,3
93,13,0
112,21,0
36,23,1
24,17,3
5,26,1
57,21,2
24,2,0
93,3,0
112,19,0
70,9,3
