57,26,1
84,22,1
0,4,3
92,5,0
9,8,0
38,16,0
106,1,1
62,11,1
8,13,0
53,24,2
66,10,3
25,16,1
31,8,0
35,23,3
61,13,2
0,20,3
34,0,2
16,5,0
102,9,3
89,18,1
100,25,2
99,19,1
97,20,2
67,16,0
62,21,0
33,10,3
77,26,0
117,2,1
92,4,3
92,25,2
100,4,1
41,20,2
4,11,2
109,18,0
90,25,2
71,25,2
82,4,0
116,24,1
109,5,1
84,26,3
100,11,1
48,24,2
20,26,0
17,7,1
39,12,3
51,6,2
98,21,3
81,5,2
78,5,0
50,0,2
72,23,1
96,5,0
24,8,2
57,24,0
17,20,0
56,2,3
65,24,1
102,21,3
98,2,1
42,26,0
111,14,2
116,26,2
62,8,1
93,1,0
104,3,2
59,19,2
69,5,3
57,27,2
79,8,3
9,3,3
85,0,3
36,7,1
68,17,3
101,10,1
22,3,0
116,4,0
109,1,3
100,22,3
26,19,3
6,19,3
44,21,2
31,20,1
113,8,2
59,2,3
91,28,2
86,2,3
24,25,2
74,24,2
1,2,2
80,18,0
30,14,2
51,2,3
29,4,3
38,6,2
87,25,3
97,19,1
29,17,0
72,4,0
17,3,2
40,24,1
