18,15,2
100,7,2
23,16,0
23,17,0
64,28,1
99,24,2
53,10,2
57,0,0
40,24,1
107,22,0
71,9,0
19,24,3
70,22,0
0,4,1
62,7,3
46,8,0
54,14,1
72,2,2
99,20,2
54,20,3
69,24,2
15,15,3
72,7,2
34,19,3
112,10,1
0,6,0
89,24,1
62,17,1
5,20,3
107,15,2
112,21,2
116,0,0
31,15,1
31,1,2
33,29,1
53,5,1
49,2,3
98,24,1
48,26,0
18,7,3
14,22,3
105,3,3
13,12,1
82,14,2
102,20,3
79,7,1
12,6,2
81,7,0
74,25,0
32,17,2
54,26,3
77,12,3
40,1,0
76,6,2
90,0,2
71,29,2
83,8,2
33,7,3
50,26,0
108,8,1
53,12,2
62,23,0
106,14,2
108,9,3
105,26,2
9,12,2
86,13,0
80,13,0
22,22,1
22,9,1
80,26,2
91,14,1
104,9,1
69,18,1
88,11,0
95,0,1
100,3,1
69,21,1
98,12,2
42,26,2
46,17,0
21,13,0
13,15,2
114,13,3
16,0,1
73,21,1
79,16,1
46,14,2
116,5,1
54,29,3
83,18,2
27,15,1
79,4,3
33,21,2
118,17,3
83,0,2
106,27,0
14,25,0
1,6,2
64,18,0
