21,16,1
104,0,0
44,16,2
89,11,3
82,16,1
65,5,3
29,0,0
104,18,0
63,0,3
87,11,3
42,17,2
101,16,0
57,1,3
16,16,0
98,15,1
24,9,0
106,29,0
100,26,1
117,15,1
5,10,3
93,25,2
57,5,1
27,6,1
42,15,0
79,15,3
107,21,2
50,6,1
1,19,3
113,22,3
20,3,3
96,0,1
68,17,0
100,4,1
9,1,2
21,14,3
112,16,1
61,26,2
76,22,3
26,17,0
0,5,2
21,23,1
70,5,0
76,16,1
111,23,1
34,4,0
90,4,3
33,9,1
86,14,3
71,19,2
70,12,0
0,6,3
75,9,1
42,28,2
61,12,2
11,14,0
111,11,2
115,7,0
95,21,1
2,0,3
65,21,3
57,15,3
17,29,2
27,0,0
104,12,0
10,4,0
112,1,3
10,15,2
63,11,0
0,20,0
31,28,0
106,22,1
17,1,0
32,10,3
99,20,2
28,17,0
21,11,1
28,8,1
5,25,1
34,14,3
103,27,2
75,15,3
14,18,2
70,29,0
55,12,1
27,10,3
96,16,2
16,25,2
49,27,1
82,22,3
38,9,3
15,24,0
96,23,1
72,4,1
111,14,2
45,24,3
56,22,1
104,5,0
110,8,0
87,27,0
65,23,3
