102,19,3
108,6,0
55,10,1
66,17,3
6,16,3
18,21,1
100,10,3
78,7,2
92,27,2
31,3,0
5,10,3
37,6,1
92,0,3
83,23,2
18,5,3
76,8,1
4,15,2
39,16,0
2,25,3
106,8,2
59,3,2
77,10,3
102,22,0
67,19,1
7,25,2
92,28,1
64,0,2
29,29,3
6,21,1
12,25,2
26,4,3
105,20,2
114,23,3
7,22,3
6,24,1
17,15,2
103,17,3
33,10,3
66,10,1
25,0,0
11,28,3
32,9,2
43,15,2
106,21,0
112,17,1
58,23,0
21,18,1
98,26,0
2,10,1
68,29,1
69,18,0
22,29,3
96,13,2
9,15,0
59,19,3
115,5,2
85,3,0
11,14,3
6,12,0
51,11,1
78,24,2
110,1,2
0,15,2
103,18,2
107,18,3
27,21,2
82,17,1
96,29,2
50,29,2
81,9,2
13,16,3
14,8,3
38,25,0
89,11,1
28,12,2
41,0,1
49,0,0
67,6,0
81,28,1
47,22,1
54,15,0
50,27,2
4,28,1
65,15,1
57,17,2
93,4,1
2,6,2
45,13,3
21,21,0
2,27,3
96,12,3
14,14,1
112,4,3
63,13,0
1,4,1
13,5,1
18,10,1
92,7,1
9,4,2
10,13,1
