92,0,3
106,0,3
60,27,1
17,9,2
109,22,3
71,8,0
72,22,3
83,7,2
35,16,2
10,11,2
44,5,2
12,16,0
9,29,1
0,4,1
116,4,1
111,25,0
114,15,1
45,9,0
88,27,3
84,23,0
112,9,1
0,5,1
1,13,2
2,8,3
68,10,2
104,24,2
13,13,0
81,9,0
16,24,2
31,10,2
26,22,3
9,21,3
93,17,2
84,18,2
6,11,3
61,19,2
16,7,0
92,25,3
13,27,3
19,29,3
27,28,2
50,19,0
68,2,1
36,16,3
105,11,1
51,10,0
55,19,1
91,7,2
117,6,0
103,1,2
55,26,0
26,17,1
79,10,0
93,0,3
75,2,1
94,9,0
22,23,1
46,3,2
14,6,3
88,1,2
39,8,3
111,28,0
92,1,0
117,27,2
62,14,0
113,17,1
65,19,3
71,20,0
24,8,2
117,15,1
83,26,1
88,11,0
65,10,0
66,8,0
27,14,3
29,2,3
100,20,0
72,29,1
72,20,0
67,22,1
24,29,2
74,11,1
36,10,0
95,6,1
74,24,1
108,26,1
46,24,3
85,13,1
18,25,3
44,29,3
99,3,2
17,10,0
27,1,1
35,24,0
46,21,0
109,26,0
102,21,2
19,9,2
32,14,2
84,8,1
