90,13,1
10,21,2
27,0,3
86,8,2
68,19,2
8,10,2
95,28,1
85,17,3
32,14,2
62,11,1
72,17,1
17,1,1
8,8,1
91,29,2
87,22,1
114,2,1
111,12,1
79,20,3
3,18,3
46,5,2
65,3,0
59,21,2
111,4,3
73,22,0
109,13,3
63,9,2
2,15,0
46,15,2
16,19,2
96,26,1
65,8,3
96,25,2
58,12,3
100,15,1
26,20,2
12,3,1
108,5,3
31,27,0
60,17,0
90,9,2
86,24,0
71,3,3
72,21,3
89,16,0
49,6,3
112,12,3
19,3,0
16,26,0
94,4,3
40,13,2
110,27,3
7,27,2
1,11,1
41,23,0
9,9,2
94,21,1
60,24,3
64,26,3
67,22,1
21,13,3
41,27,0
98,10,1
51,29,3
7,18,0
96,27,0
93,8,2
96,14,3
105,18,1
108,25,1
38,19,1
106,18,3
77,7,3
36,12,2
56,11,1
110,9,3
25,29,3
0,22,1
113,9,0
20,15,3
69,4,1
79,29,2
87,14,3
113,3,3
91,3,2
78,6,1
32,20,1
104,13,1
20,13,2
34,18,0
32,18,1
95,17,2
28,24,1
33,8,1
21,7,1
87,7,2
65,20,3
120,24,2
21,28,3
76,12,2
101,22,3
