32,10,0
9,11,3
58,7,1
0,12,0
46,3,0
71,15,2
101,28,1
60,21,1
60,0,0
46,2,3
86,19,1
45,13,3
54,20,2
80,17,2
112,20,2
83,20,1
30,18,0
61,22,2
44,24,0
38,5,1
87,10,3
86,0,1
101,25,2
70,7,0
86,22,1
60,12,3
110,21,0
109,25,1
55,20,0
37,4,2
77,19,2
36,13,3
108,8,1
11,27,0
7,6,2
80,24,3
23,6,1
77,4,3
51,8,0
61,11,1
24,18,2
74,22,1
27,5,3
53,5,3
23,0,1
50,19,3
81,25,3
20,29,0
76,11,0
20,12,3
13,11,2
25,23,0
80,1,0
57,18,2
94,17,2
27,19,0
7,14,3
71,4,2
75,3,2
3,19,2
17,6,2
72,28,0
94,26,1
76,1,3
27,21,2
28,27,0
29,16,1
6,21,3
53,13,0
110,3,3
10,13,3
101,23,0
10,23,0
93,14,0
45,29,2
16,17,2
25,22,0
75,27,0
56,10,1
26,22,1
94,1,1
37,17,2
10,25,2
104,19,3
22,4,0
46,16,1
104,8,3
90,7,3
9,2,2
108,17,2
31,0,1
0,20,1
54,24,1
75,21,3
37,28,2
11,1,1
97,2,2
2,11,3
37,11,0
85,15,3
