26,29,2
46,3,3
91,0,2
22,7,3
46,22,0
22,13,3
17,0,0
63,16,2
104,12,1
32,9,2
10,10,0
103,11,2
94,7,3
44,2,3
20,20,3
113,3,1
55,0,2
50,6,0
74,18,3
63,1,3
51,21,0
76,19,1
20,10,3
102,17,1
20,6,3
8,18,0
28,26,3
77,7,2
69,27,1
43,7,1
11,24,2
95,20,3
70,16,3
50,21,1
88,20,0
67,25,1
77,19,1
95,11,2
9,18,1
16,23,2
104,14,1
22,5,0
20,21,1
25,8,2
99,14,1
104,9,3
61,8,2
76,17,1
76,25,2
32,14,2
88,2,1
92,15,3
42,18,3
27,16,2
81,20,0
80,8,1
96,4,0
49,2,2
21,18,1
44,21,0
61,26,1
80,9,1
84,14,0
38,0,3
49,24,0
41,11,1
108,0,1
6,22,0
41,13,3
11,7,2
66,26,1
24,8,1
10,11,1
67,15,1
99,23,1
46,20,2
20,8,3
98,3,2
38,13,2
35,18,3
1,12,2
49,29,3
51,29,0
14,12,3
79,5,3
56,15,1
107,13,1
47,16,1
55,2,1
94,26,0
85,11,0
72,12,3
20,0,0
58,10,0
8,2,3
49,27,3
33,4,2
105,22,2
77,29,3
50,26,1
