51,27,3
75,10,1
65,29,1
18,0,2
76,24,3
105,13,1
82,27,1
109,23,1
30,1,3
95,26,2
25,8,1
99,6,0
105,24,0
59,5,2
43,13,1
21,15,3
61,23,1
33,23,0
77,8,2
61,11,3
111,11,1
44,25,2
45,26,0
7,1,2
109,27,0
17,24,1
104,0,2
85,20,0
86,11,1
72,0,2
60,0,2
70,14,2
56,10,1
56,12,2
5,0,0
53,9,1
31,15,2
69,21,2
96,2,2
4,9,3
76,23,2
104,10,2
80,6,2
106,16,1
87,19,3
64,16,3
40,28,2
65,13,3
31,0,2
4,28,0
22,27,1
39,7,3
108,0,1
34,12,1
94,10,3
15,9,3
18,13,1
91,2,2
90,23,1
11,19,0
72,13,3
50,1,3
92,20,2
108,14,0
13,13,3
62,26,0
43,17,1
71,20,1
31,20,3
119,16,1
120,8,1
24,21,0
109,1,2
57,21,3
93,18,1
94,27,1
32,28,3
11,11,0
106,24,2
105,9,1
75,11,1
16,10,2
68,0,2
3,2,3
92,5,3
91,20,1
9,20,1
53,5,3
86,12,2
67,10,0
48,17,0
63,21,2
47,7,0
32,21,1
63,5,0
85,17,0
0,17,0
0,11,2
102,6,0
76,10,0
