96,29,2
6,24,0
94,29,1
10,3,3
104,3,1
77,11,2
59,0,0
6,1,0
75,13,2
79,14,3
41,19,1
69,15,0
45,13,3
52,4,1
31,7,2
69,27,3
76,9,3
97,22,2
53,11,0
37,12,3
9,13,1
71,0,1
76,24,2
23,27,3
101,1,2
116,20,3
119,1,1
69,8,2
11,9,1
108,2,1
95,20,3
52,25,2
25,12,3
29,28,1
97,26,1
7,4,3
19,15,3
101,23,1
78,16,1
26,1,1
93,20,3
36,5,3
30,24,0
41,23,0
23,5,0
88,5,1
3,6,2
17,3,1
64,28,3
96,16,3
31,19,1
63,11,0
48,11,2
61,21,2
2,8,2
76,20,2
57,24,1
118,12,0
106,27,0
103,2,2
93,0,3
90,23,3
64,15,2
107,4,0
118,26,2
39,10,1
67,13,0
97,6,1
42,0,0
64,19,3
8,17,2
104,8,1
91,21,0
8,23,1
43,18,2
43,2,3
11,11,3
92,26,0
15,8,0
57,13,1
51,29,2
52,5,1
64,6,3
6,21,2
89,19,2
15,20,1
19,28,3
94,15,1
48,21,1
32,11,3
81,25,1
49,16,2
107,23,2
32,22,2
17,16,3
90,27,2
87,2,2
114,7,1
61,6,0
85,17,2
