73,14,2
104,17,3
95,1,2
3,19,3
27,24,0
20,20,1
81,19,0
60,7,1
48,4,3
0,27,1
32,24,3
87,15,3
69,11,3
103,29,1
4,5,2
76,10,0
37,0,0
94,7,2
44,21,3
33,0,3
18,12,3
103,5,0
61,0,0
110,20,0
79,5,3
39,16,0
3,18,3
11,10,2
19,17,1
86,20,0
99,21,1
60,20,0
77,25,3
94,4,0
99,12,1
44,17,1
20,27,1
94,21,2
68,11,3
7,0,0
93,0,0
96,13,3
21,23,2
19,25,3
49,10,1
8,22,1
99,9,1
86,14,1
34,10,3
0,26,0
97,0,3
114,7,1
76,24,0
87,4,2
17,11,0
110,22,3
115,14,2
62,3,3
112,24,2
50,24,0
37,29,1
44,27,2
50,26,1
59,7,1
91,27,2
48,29,0
106,3,2
24,5,1
54,19,1
79,4,3
5,5,0
90,1,0
120,23,0
19,19,1
16,2,1
51,3,3
106,9,3
111,26,0
26,11,3
110,6,3
85,26,2
75,0,0
60,8,1
10,10,2
63,26,2
112,19,2
114,8,3
82,0,0
49,17,1
27,25,3
20,8,2
115,25,1
59,9,3
81,20,1
15,22,0
57,11,2
15,16,1
69,27,0
98,25,1
14,24,3
