112,28,1
13,29,1
107,21,1
86,21,0
87,27,0
0,10,1
20,22,2
93,14,0
43,13,2
80,6,3
33,18,3
50,8,1
41,22,1
71,0,0
83,26,0
31,9,2
18,28,0
20,4,0
18,0,1
113,23,2
23,13,0
63,0,1
12,17,2
109,19,3
93,6,3
61,10,2
103,28,3
76,15,0
33,23,0
88,0,2
28,22,1
88,11,3
90,12,1
0,14,3
74,22,0
49,25,2
40,23,2
69,17,1
92,5,2
8,9,0
56,28,2
53,27,0
97,27,3
0,29,2
0,17,2
4,23,2
35,19,3
102,0,1
110,20,1
19,21,0
112,23,3
118,8,3
1,18,1
32,28,2
13,16,0
48,7,1
43,0,1
79,21,0
106,6,3
6,21,0
14,1,2
71,8,1
20,29,3
15,26,0
103,9,3
29,21,1
104,5,3
87,18,3
20,0,0
52,19,2
74,29,0
116,20,3
60,10,0
98,5,3
73,27,3
39,29,3
0,15,2
39,23,2
60,16,2
18,17,0
104,7,0
13,19,1
67,23,0
92,24,2
90,5,3
11,24,0
109,7,1
115,12,1
61,12,3
54,23,2
56,19,0
57,29,2
47,3,0
10,29,3
14,4,3
56,4,0
69,8,3
97,24,2
0,6,2
61,26,3
