46,19,3
18,5,3
110,29,1
61,22,0
109,5,1
50,14,2
60,19,3
108,26,1
74,6,0
33,9,1
38,15,0
80,10,3
58,14,2
0,2,0
82,9,0
41,8,2
70,8,1
34,1,1
75,9,3
119,17,2
3,20,1
48,11,2
71,3,1
47,17,1
62,19,1
9,8,3
79,17,1
33,12,0
96,15,0
49,13,2
54,9,3
49,4,3
67,4,1
33,16,1
36,0,0
11,3,1
74,24,3
15,29,0
89,27,3
74,25,0
107,4,0
34,15,1
113,6,0
108,10,2
24,27,0
98,12,2
50,12,2
7,9,2
58,20,0
96,9,2
25,28,0
25,6,2
39,16,1
4,0,2
97,2,1
12,15,1
44,5,1
71,2,2
41,7,1
19,13,3
81,24,0
42,29,2
77,3,0
85,18,1
65,12,2
1,14,3
118,13,0
29,17,2
75,29,1
26,9,1
84,19,1
55,1,0
63,16,1
67,7,2
15,12,2
114,23,3
48,6,3
89,17,3
90,18,1
36,21,1
106,0,0
54,27,3
105,20,0
35,27,1
12,17,1
39,18,3
55,8,2
120,25,2
32,28,3
45,1,1
12,3,2
0,9,1
86,19,2
6,21,0
105,4,1
40,23,0
99,13,0
9,15,1
22,11,0
46,23,2
