48,21,0
54,10,3
25,18,1
93,12,1
98,3,1
104,25,1
3,18,0
2,1,0
19,28,1
47,8,3
22,10,3
102,5,0
11,18,3
5,9,3
32,10,0
70,15,2
70,0,0
60,10,3
94,25,2
8,27,1
96,7,1
5,0,1
87,5,1
45,1,2
97,16,3
39,25,1
97,1,1
113,25,0
87,10,1
118,22,1
4,14,0
58,15,0
76,8,0
28,29,3
103,0,0
111,9,1
50,28,2
91,27,0
69,25,2
70,29,3
90,18,3
54,7,0
107,22,1
20,10,1
119,15,0
29,13,2
107,20,2
6,21,3
1,19,1
4,29,0
28,12,2
50,8,0
55,27,2
97,17,3
39,3,3
79,21,2
100,19,1
20,4,3
5,17,1
51,16,0
36,28,1
29,26,3
62,22,0
86,12,1
73,28,0
58,22,2
65,5,2
11,6,0
106,7,3
27,9,2
57,1,2
81,13,1
72,26,0
64,12,0
40,10,0
74,2,1
61,11,0
53,19,2
87,11,3
79,0,0
99,9,0
78,17,2
55,4,3
75,11,3
44,10,0
94,17,2
111,3,1
115,13,3
7,16,0
97,2,2
75,20,3
114,27,3
72,22,1
19,19,1
116,21,2
34,1,0
72,18,1
37,1,1
56,21,3
35,24,2
