6,22,0
35,7,3
20,8,1
26,29,2
104,17,3
98,5,3
104,0,0
45,14,2
101,14,1
69,6,3
33,10,3
16,14,0
8,4,2
114,23,0
71,4,1
84,26,3
52,26,3
84,21,2
70,14,3
109,22,1
51,13,1
47,20,3
8,0,0
97,28,0
63,11,2
95,0,3
110,8,1
83,21,3
26,11,3
58,0,2
32,29,2
108,0,0
102,24,2
118,17,1
30,23,3
31,22,0
61,21,1
20,19,2
113,2,0
120,7,3
55,20,1
119,16,1
12,12,0
52,9,1
13,22,3
24,17,2
39,9,2
70,22,2
101,20,0
44,7,3
0,21,0
62,18,3
82,16,2
59,3,3
23,6,2
74,1,3
43,21,3
75,6,2
109,21,1
90,7,3
53,28,0
58,8,3
12,16,3
61,10,1
95,15,3
42,25,1
22,22,0
69,7,1
41,10,1
51,20,2
106,12,2
44,28,2
0,27,3
52,19,1
79,17,2
118,18,3
85,25,0
55,19,0
3,0,3
40,1,0
86,12,2
7,23,1
75,26,0
23,4,2
81,21,3
34,28,0
78,3,2
84,8,0
83,8,1
61,13,3
40,16,1
35,15,2
53,17,2
76,5,3
100,18,2
57,19,2
89,3,0
17,2,2
54,25,3
107,29,1
