44,27,3
108,25,1
99,20,1
82,12,3
30,20,3
58,21,0
15,13,0
69,7,3
78,9,0
107,18,2
30,5,2
21,6,0
39,18,0
19,20,2
64,4,1
110,3,1
18,26,2
81,25,1
110,13,3
16,14,1
38,16,2
76,10,3
7,14,2
101,0,1
53,16,3
10,16,0
30,1,1
79,28,3
48,0,3
91,26,1
0,1,1
35,29,2
5,17,3
58,29,3
0,7,0
56,10,3
87,10,1
86,9,0
98,17,0
65,12,2
112,25,1
57,5,3
61,23,1
14,21,2
70,23,0
24,15,0
71,19,0
59,11,1
4,15,0
92,25,1
65,26,3
104,8,3
43,0,1
52,28,2
22,7,3
66,21,2
50,2,2
117,10,0
53,6,0
57,24,1
69,16,2
32,19,3
113,15,3
83,15,0
91,0,3
20,25,0
51,13,0
59,22,2
100,17,3
80,21,1
26,28,0
38,15,0
50,14,1
73,8,2
103,27,1
0,0,1
7,15,2
78,29,1
115,14,3
82,8,1
7,8,1
31,11,2
30,27,1
84,7,3
77,13,2
72,18,0
104,28,3
35,12,3
53,13,3
0,16,3
3,6,3
77,3,3
113,14,3
33,19,1
51,27,2
66,2,1
20,5,2
12,25,0
73,23,2
111,23,2
