10,19,2
48,22,2
108,7,1
74,14,2
80,16,3
61,3,1
1,25,2
11,10,3
74,1,3
100,24,0
93,16,2
80,4,1
97,3,2
111,4,1
37,15,2
5,21,0
56,1,0
23,3,2
98,22,3
87,18,0
45,12,0
49,24,3
103,5,3
68,20,1
67,14,1
12,9,2
32,22,0
74,17,1
72,13,2
31,23,3
17,11,0
89,26,2
59,12,3
23,8,3
42,0,0
103,3,3
35,11,1
54,14,2
86,20,3
54,10,3
84,26,2
48,3,2
111,8,0
7,22,2
112,21,3
1,11,2
19,7,3
25,7,1
35,26,0
76,18,2
22,27,0
22,18,2
1,0,1
84,29,2
88,8,0
73,24,2
40,29,3
33,0,1
30,24,1
4,0,2
27,12,0
33,4,1
8,7,2
79,0,2
39,26,0
19,16,0
25,10,3
53,0,2
97,20,3
72,5,3
22,29,0
75,2,2
7,11,2
112,15,1
80,11,1
17,28,3
33,16,3
105,24,0
107,29,1
35,6,2
77,13,1
15,27,2
44,4,0
105,14,1
78,12,3
52,12,1
51,26,2
61,11,0
86,14,2
49,3,2
61,23,0
28,11,2
30,4,3
23,24,0
54,4,0
59,24,2
53,13,1
60,28,3
25,18,2
53,5,3
