90,6,1
81,23,2
76,12,1
86,24,1
43,13,2
10,4,0
89,1,1
94,5,3
25,9,1
97,9,1
76,3,1
39,14,2
108,0,2
50,6,3
16,29,0
48,18,2
90,9,0
12,7,2
104,26,2
83,2,0
17,21,0
62,22,3
1,29,0
35,8,3
70,1,0
24,15,1
32,24,0
40,3,2
85,16,3
2,4,2
89,16,2
90,12,0
46,15,1
83,21,0
62,9,0
113,16,2
101,23,1
12,16,2
1,2,2
1,25,2
22,22,1
104,4,3
4,15,3
0,16,2
71,1,1
51,7,3
12,11,0
91,11,3
58,18,1
88,17,2
22,19,3
101,8,1
84,28,2
99,27,0
99,17,3
104,13,2
75,24,0
86,12,0
18,17,3
29,0,2
111,0,3
81,24,0
0,28,2
66,16,3
110,20,2
61,4,2
102,15,1
84,23,3
44,15,3
57,12,3
76,14,2
23,14,0
69,25,3
8,18,1
34,29,2
80,19,2
1,1,2
73,18,1
26,0,3
1,28,2
24,14,3
89,20,1
66,8,1
45,1,0
75,29,3
51,24,1
59,22,0
6,3,3
21,7,3
110,15,3
67,20,0
45,5,0
8,17,2
52,4,2
53,18,2
81,26,2
31,24,2
37,19,3
52,28,3
65,20,2
