70,7,2
113,22,1
13,14,2
89,18,0
36,8,3
98,15,0
101,19,0
47,8,1
27,21,1
44,29,2
77,9,1
89,9,2
47,23,1
90,14,1
78,0,2
61,12,3
49,28,0
57,22,1
70,16,1
14,11,1
56,11,1
26,10,3
77,28,2
77,21,2
53,27,1
102,21,1
86,5,2
15,24,1
54,17,2
18,18,1
47,11,2
93,4,3
111,22,3
98,9,1
91,19,3
30,9,0
107,7,3
44,16,0
94,24,1
95,24,0
7,10,1
88,18,1
24,7,1
28,14,2
8,5,2
106,23,1
28,1,3
14,0,1
88,15,2
118,16,2
31,26,1
2,10,2
7,28,2
72,10,2
2,0,2
28,15,0
83,3,0
64,21,1
85,10,0
73,28,0
46,5,0
88,26,1
114,24,2
55,25,0
36,7,0
88,25,0
69,4,2
101,28,2
21,13,0
31,12,0
38,26,1
95,0,1
108,14,3
102,18,1
39,2,3
77,27,1
79,6,1
14,17,3
46,16,0
19,22,1
46,26,2
5,23,2
18,25,0
104,10,3
106,13,2
109,15,1
17,8,1
53,21,0
18,20,1
69,24,2
92,17,3
70,9,0
1,28,2
27,27,2
74,7,2
28,6,0
68,8,2
102,16,3
55,9,2
84,2,3
