28,14,1
98,25,2
95,12,2
66,28,2
0,15,0
62,28,0
103,25,3
39,19,1
59,20,1
91,4,0
55,10,2
114,16,1
43,15,2
73,7,1
4,16,2
60,15,0
99,16,1
86,25,1
72,20,2
17,2,3
66,3,3
16,19,3
0,16,1
15,11,0
85,6,1
81,9,3
104,21,3
77,25,3
26,0,3
73,21,3
25,8,3
68,18,0
110,11,3
74,19,1
11,6,2
86,13,0
48,27,3
32,1,2
72,5,3
51,23,3
99,20,1
50,7,3
42,1,1
38,29,2
105,13,0
89,16,3
86,23,2
26,18,2
0,25,3
25,16,3
85,0,3
19,21,2
40,16,3
38,23,3
23,25,0
12,13,0
5,18,2
85,29,3
83,5,0
78,17,1
48,20,1
2,1,2
112,3,1
49,21,0
42,5,3
24,7,0
49,6,2
109,28,3
49,22,0
92,1,2
13,21,3
116,15,3
8,15,2
40,4,1
98,8,0
18,19,2
84,15,3
35,15,3
2,10,1
72,29,3
82,2,0
86,16,3
112,25,2
35,27,2
109,5,0
105,2,3
115,2,1
108,28,2
1,13,2
25,15,3
77,15,1
98,21,0
40,13,3
63,27,3
90,13,1
5,15,0
8,18,3
58,3,0
105,4,2
24,9,1
