53,7,2
111,5,2
27,24,1
52,18,0
35,0,0
95,9,3
61,11,1
64,8,2
29,0,0
47,16,1
89,9,1
28,5,0
65,11,1
116,20,3
81,11,1
104,25,0
15,19,0
40,28,1
29,21,2
49,1,3
14,26,1
98,6,1
95,27,3
24,28,3
80,2,0
1,19,1
82,2,3
105,0,1
30,8,0
34,0,1
59,25,3
98,25,3
43,19,1
72,28,0
6,27,2
59,8,1
118,11,0
40,19,1
80,21,1
111,12,1
41,24,3
6,13,3
36,3,2
40,5,2
56,5,3
103,17,3
72,0,0
99,2,2
16,21,0
77,22,1
39,21,0
12,12,2
111,11,1
96,9,1
44,23,3
43,27,1
2,24,3
18,2,1
54,19,3
8,0,3
98,5,2
60,8,1
12,18,2
117,20,3
29,27,0
114,28,1
99,19,0
102,14,1
83,20,0
95,19,3
69,14,1
19,13,3
119,0,1
69,2,2
21,14,1
60,21,1
97,12,0
51,18,2
45,10,2
70,11,1
52,26,2
50,22,2
25,8,1
51,13,1
86,29,3
57,15,3
8,3,1
85,18,2
86,13,0
1,28,3
96,21,0
34,15,0
1,18,2
58,21,1
37,8,0
80,24,3
81,0,3
79,24,3
9,26,0
43,1,2
