72,20,1
8,9,1
80,15,1
40,13,1
54,15,3
0,20,1
75,18,3
29,22,0
58,13,2
81,25,2
20,5,2
106,18,2
64,17,3
119,21,3
105,9,0
59,20,2
31,11,1
60,8,2
53,12,1
108,7,0
69,29,0
51,26,2
45,14,0
45,4,2
67,10,0
2,26,1
98,12,3
73,4,1
58,5,1
97,18,0
24,8,0
63,3,0
12,18,2
58,21,2
60,0,3
62,19,2
18,0,0
48,13,2
45,13,0
45,22,1
113,24,0
87,13,1
34,24,1
97,9,0
109,21,1
11,6,2
34,6,2
0,9,3
0,19,3
89,2,2
79,9,0
105,21,3
57,28,2
30,26,1
114,16,0
39,17,2
26,4,0
95,25,1
86,4,2
65,0,3
101,27,1
98,23,0
13,27,3
54,7,3
20,17,0
23,28,0
74,0,2
60,7,2
85,15,0
19,18,0
90,14,2
111,19,2
92,0,2
2,14,3
29,20,1
31,7,1
20,6,2
50,22,2
42,19,2
16,15,2
96,15,3
25,18,0
40,4,0
94,2,3
83,29,2
44,4,1
109,3,2
46,29,2
74,13,3
32,0,3
32,12,0
110,11,2
18,23,3
34,5,2
7,8,3
21,7,2
43,12,2
59,13,2
12,14,3
79,13,0
