86,13,1
94,20,0
61,0,3
83,27,3
17,13,1
15,14,3
22,25,2
79,18,3
107,4,0
104,0,0
29,5,2
99,24,1
84,8,0
44,17,2
105,15,0
89,26,3
81,16,0
75,27,3
64,19,2
75,12,2
107,26,2
72,13,3
0,0,1
62,19,0
12,10,0
20,18,0
54,3,2
6,18,2
12,17,2
115,8,3
112,9,0
5,4,1
64,18,1
64,25,3
65,28,1
0,5,3
13,13,3
11,25,3
79,12,0
17,4,2
63,5,0
15,8,3
74,3,0
75,26,2
110,8,3
50,14,1
84,22,3
90,15,1
68,24,0
0,15,3
117,20,1
112,22,0
76,11,3
7,9,1
2,17,2
115,0,3
98,13,0
31,21,3
11,19,2
68,12,2
15,10,3
47,16,3
33,26,2
94,23,0
58,12,1
102,29,0
103,13,0
89,29,2
37,1,3
54,0,2
56,13,0
87,27,3
102,12,0
83,18,1
40,24,1
92,17,1
61,11,1
46,5,0
88,12,1
113,7,1
21,15,1
21,11,2
36,28,1
81,2,3
7,1,1
78,11,3
76,29,3
52,17,2
113,27,3
108,21,3
10,27,1
62,1,2
21,13,1
94,16,0
53,6,3
56,4,3
42,10,1
45,21,2
59,23,1
0,12,0
