92,17,2
9,10,0
4,13,3
28,23,2
55,22,2
36,8,1
1,19,2
77,22,3
103,28,1
22,18,3
38,26,3
48,14,1
11,29,1
0,0,0
43,26,0
65,27,3
97,0,0
39,14,1
102,22,2
98,24,3
58,26,2
83,19,1
34,11,1
67,14,2
58,11,3
101,26,2
0,11,3
20,15,0
18,28,1
58,28,3
29,29,3
62,0,0
88,19,3
26,24,3
102,7,2
34,10,3
30,26,2
10,22,3
25,18,3
39,15,3
22,11,0
52,5,3
45,6,1
19,24,3
91,6,0
50,23,3
0,9,1
99,25,0
30,19,1
79,14,2
84,0,2
5,1,1
99,5,0
13,8,1
96,13,0
83,6,3
35,24,2
86,3,3
80,5,0
5,0,3
23,6,2
105,14,2
15,27,3
7,21,1
58,18,0
20,10,3
45,13,0
103,6,3
70,0,0
118,9,1
45,28,0
52,24,2
110,2,1
42,27,0
24,29,2
79,25,2
103,7,2
52,19,3
96,16,1
88,17,0
33,14,3
6,15,0
45,0,3
60,7,0
55,21,1
26,12,2
30,3,2
109,21,2
112,12,2
44,0,2
82,13,2
20,1,1
60,9,1
40,6,3
106,24,2
20,8,0
60,2,2
53,8,1
21,9,3
37,17,2
