59,24,3
94,20,2
31,27,0
34,3,0
4,0,2
47,12,1
29,24,2
92,22,0
111,4,3
20,19,3
92,11,0
46,17,0
50,4,2
63,25,3
44,14,1
101,23,0
43,4,1
0,16,3
24,3,0
78,29,1
10,10,3
31,15,3
8,4,0
107,22,3
118,25,2
90,1,0
21,28,0
88,6,2
43,23,0
0,0,2
82,21,3
69,4,3
116,14,1
104,19,0
96,20,0
36,25,1
58,21,2
42,19,2
21,2,0
27,29,3
6,21,1
59,7,3
55,22,0
5,15,0
52,22,0
59,4,3
55,9,1
28,5,2
102,28,3
88,0,2
24,14,3
106,9,0
68,27,2
9,1,3
16,26,1
97,18,1
97,3,2
34,4,1
37,24,2
27,17,2
108,29,1
85,13,0
96,18,3
12,22,1
5,16,3
21,16,1
64,24,3
38,29,3
45,8,0
9,7,2
91,24,2
93,7,3
71,1,2
72,8,0
2,17,0
50,2,3
6,23,1
45,18,2
3,3,3
18,6,1
82,23,2
17,6,3
65,29,0
79,1,0
78,14,3
48,29,3
42,5,0
109,13,1
104,2,2
83,12,3
47,3,3
46,24,3
81,19,3
52,0,1
110,12,2
103,4,3
98,0,3
9,10,1
54,18,3
22,24,0
