33,16,0
45,7,2
99,28,1
100,18,2
46,19,3
105,1,1
27,16,0
7,10,3
95,25,2
47,13,3
99,5,2
15,2,1
70,2,2
63,26,2
59,10,0
63,27,3
53,3,1
0,8,2
30,17,1
76,26,2
28,7,3
84,0,0
74,0,2
14,13,3
73,27,1
39,25,2
15,26,1
9,9,2
99,13,0
13,24,0
46,18,3
38,0,0
59,15,1
49,27,0
63,6,2
70,20,0
0,1,1
21,14,2
83,21,1
4,9,1
83,19,3
6,29,1
5,14,0
91,3,2
106,26,0
27,4,3
77,17,3
75,12,3
67,14,3
31,25,0
43,0,3
4,17,1
15,25,3
82,26,2
41,12,1
103,21,2
37,8,3
16,29,3
2,0,3
40,28,1
102,1,3
33,9,3
28,13,1
56,28,2
98,0,3
48,26,0
40,16,2
49,29,2
87,28,2
71,11,3
82,9,3
55,18,3
69,10,1
46,6,2
15,13,1
17,9,3
86,8,1
38,24,1
79,15,0
109,16,1
104,21,2
29,12,3
21,18,3
71,7,2
101,7,0
83,1,2
86,5,2
91,15,1
42,10,0
34,27,3
3,19,2
43,5,3
49,21,2
10,18,2
30,0,0
0,5,1
105,27,0
83,11,2
66,26,0
66,13,1
