97,15,0
70,20,2
47,9,2
32,29,1
118,1,3
74,20,3
111,13,2
2,19,0
80,0,0
24,15,1
107,5,2
111,5,2
39,6,2
106,7,2
74,0,2
24,13,1
13,4,3
31,16,3
30,6,1
55,19,0
69,5,1
55,14,2
28,14,0
92,27,0
93,28,0
109,20,0
91,8,3
3,13,0
33,7,3
0,3,3
91,12,2
13,24,3
106,13,1
4,8,3
9,18,3
117,15,1
103,0,0
74,11,3
86,24,0
11,21,2
12,18,1
68,23,2
52,6,1
38,18,1
50,5,3
38,28,3
88,18,1
45,6,1
82,5,3
96,12,2
119,23,1
83,22,2
4,28,2
55,9,1
64,17,0
110,19,0
97,25,2
25,19,0
3,6,2
90,27,0
51,25,1
12,26,3
67,14,1
31,17,3
92,14,2
48,4,2
55,0,2
81,6,3
32,26,1
97,13,3
73,8,3
54,11,1
27,0,1
57,26,3
108,14,0
120,1,0
1,19,0
70,28,0
50,26,2
53,19,1
4,2,1
67,27,2
118,22,2
70,7,3
97,5,3
91,4,1
73,26,2
17,0,3
95,25,3
75,29,1
100,29,3
111,29,0
13,21,1
11,13,2
28,3,1
0,5,0
80,14,3
41,4,0
1,17,3
25,28,1
