66,6,0
79,0,3
42,18,3
97,18,3
105,12,3
70,20,1
22,11,0
71,27,1
85,16,0
34,19,0
89,25,3
57,22,2
88,9,1
68,20,2
46,8,1
47,24,1
35,26,0
22,12,2
98,0,1
96,21,2
106,19,2
97,12,2
57,11,2
71,18,3
71,17,0
112,28,2
59,15,0
24,24,3
64,3,3
25,17,1
10,7,3
33,4,3
82,24,3
46,19,1
95,11,1
23,16,3
88,13,2
61,19,1
71,26,2
104,15,2
12,15,0
120,3,2
19,15,0
96,24,0
39,22,1
69,5,0
42,14,1
87,14,3
79,18,3
37,29,1
86,13,1
75,0,0
8,10,3
92,0,3
34,4,3
66,29,2
100,13,1
103,23,0
8,28,3
19,6,1
41,16,0
55,24,2
69,22,3
64,28,2
10,2,0
0,1,3
0,15,3
79,29,2
33,10,2
37,17,0
36,11,2
99,8,3
26,27,0
66,21,3
2,17,0
120,11,3
87,6,2
85,0,1
42,2,0
17,8,2
19,28,3
57,1,0
22,1,2
6,18,1
16,27,3
103,8,3
72,14,3
58,21,1
33,13,1
1,2,2
11,7,2
10,9,1
104,16,1
108,28,3
58,3,1
61,1,2
69,25,2
22,10,0
45,9,3
100,29,0
