72,28,1
101,25,1
80,13,0
72,12,0
59,25,2
118,23,3
62,17,1
52,24,3
43,18,2
19,3,3
87,8,2
48,12,0
116,17,2
120,11,3
105,23,0
19,27,3
92,19,1
58,18,3
117,3,0
57,21,2
74,21,0
100,8,1
66,15,1
82,21,0
41,22,1
60,7,3
90,28,3
26,11,1
102,1,0
52,16,0
56,19,1
22,24,2
68,24,0
106,5,1
90,19,0
101,4,0
9,20,1
8,5,1
69,15,1
51,20,3
9,19,1
30,10,3
61,3,0
102,7,1
106,11,3
113,12,1
14,26,1
0,14,3
73,7,1
98,16,0
110,28,1
78,3,0
116,28,3
28,14,0
7,11,2
18,4,3
93,13,0
9,2,2
28,5,2
53,20,0
82,4,3
28,2,3
62,6,2
0,15,3
74,2,0
49,2,2
73,17,0
27,26,2
66,11,1
3,25,0
70,19,2
57,15,3
36,15,2
66,13,1
120,8,3
27,18,2
62,25,2
62,24,3
54,0,3
59,10,2
100,23,3
33,15,0
19,1,3
87,16,1
35,0,1
118,17,2
33,9,3
55,1,3
36,26,2
44,19,0
4,0,1
16,28,0
72,22,1
79,14,3
63,3,1
36,28,2
14,6,3
65,27,0
32,27,1
35,23,0
