89,15,2
70,16,2
60,0,2
25,17,1
28,11,3
53,25,1
7,19,2
34,25,2
17,9,1
43,27,1
23,20,3
10,26,3
42,11,2
79,27,1
54,22,3
14,22,0
22,11,0
80,13,2
116,7,1
103,26,2
75,25,3
69,29,2
104,27,1
65,21,2
43,10,3
108,27,1
0,8,3
13,24,3
48,4,3
57,0,1
17,20,3
92,0,0
4,18,1
110,26,3
104,20,0
102,10,0
110,15,2
14,8,0
11,16,3
0,13,2
31,26,1
25,23,2
92,5,1
17,10,1
47,24,2
98,1,1
69,7,2
54,1,1
49,6,1
62,2,2
90,20,1
16,9,0
24,25,0
20,4,1
106,13,0
12,29,0
110,23,0
31,3,3
0,2,2
22,0,2
95,13,2
90,1,2
57,15,1
46,5,3
37,6,2
93,15,3
43,17,3
119,20,0
4,29,1
41,22,2
10,8,1
92,13,1
35,12,1
111,22,0
19,14,1
121,1,0
110,17,1
74,7,0
67,17,3
42,6,0
86,14,3
115,6,3
61,0,3
52,19,2
93,14,1
0,14,2
84,0,1
78,6,2
44,1,1
52,11,1
56,14,3
101,11,0
62,10,1
25,29,2
94,4,0
12,25,0
87,24,0
55,29,3
85,23,3
110,16,3
