12,18,1
35,27,0
32,6,2
36,19,2
33,6,0
32,29,3
55,10,3
3,16,2
12,29,1
29,11,2
120,10,0
91,15,2
77,1,2
90,16,3
66,4,1
50,21,3
90,24,3
25,24,2
60,22,2
65,18,0
28,25,3
4,3,1
96,20,1
13,10,3
1,3,0
96,11,0
117,12,0
19,13,2
21,22,3
16,14,1
93,0,2
0,6,1
32,17,3
35,22,2
14,6,2
97,23,2
95,3,3
4,17,2
83,2,2
99,21,1
72,19,2
13,22,2
79,17,1
58,5,1
80,23,1
39,20,1
97,8,2
22,15,0
4,28,0
7,20,3
20,3,3
4,14,1
43,6,0
47,25,1
38,16,0
97,9,3
117,28,3
92,18,2
88,23,2
50,26,3
99,28,0
38,2,3
30,23,3
57,24,2
59,29,0
106,19,1
108,4,1
71,26,0
59,25,1
88,5,3
71,19,1
117,17,0
54,25,0
85,24,0
58,19,2
117,2,3
0,0,2
36,17,3
10,4,2
78,0,1
89,9,0
108,15,3
49,16,0
75,23,2
47,13,2
13,17,1
75,6,1
61,4,0
35,11,1
48,1,2
50,17,0
63,6,2
43,18,2
109,10,0
69,2,3
59,26,0
40,2,2
110,20,2
32,22,2
35,21,3
