0,17,0
63,25,1
22,28,0
74,18,1
52,8,3
104,17,2
14,3,1
10,7,0
55,0,3
83,21,2
105,10,3
51,20,0
88,0,2
0,7,0
90,29,0
15,16,2
109,20,1
105,1,1
27,1,1
84,25,2
99,23,0
26,13,2
11,11,2
107,15,0
44,22,1
30,11,2
113,15,2
64,5,1
111,6,0
1,3,3
112,15,1
91,17,3
15,9,2
111,3,1
87,0,3
6,17,0
39,14,2
119,16,1
106,4,2
18,21,0
86,28,3
94,5,2
108,6,2
81,25,3
58,23,3
37,9,0
1,23,0
108,20,1
5,20,0
67,0,3
56,26,3
62,5,3
120,2,0
82,14,3
55,16,0
19,11,3
54,21,1
98,24,0
73,15,3
32,15,0
67,13,3
43,0,0
23,0,0
6,5,0
110,22,1
47,10,0
73,16,2
51,8,1
111,20,3
7,9,1
21,26,2
31,15,1
32,16,2
104,4,2
93,12,3
57,29,3
42,4,3
47,17,0
43,3,2
46,20,1
22,29,2
70,2,0
72,16,1
8,1,0
45,24,2
19,19,3
71,9,2
81,18,2
45,16,0
1,18,0
10,25,2
0,15,3
95,17,2
10,21,0
91,15,0
38,16,3
8,17,0
61,7,1
58,10,2
52,17,3
