79,19,0
19,24,2
36,27,1
6,8,1
49,21,3
24,4,3
110,28,2
60,7,0
24,7,3
8,3,0
62,23,0
85,5,1
92,6,2
110,13,0
54,22,0
106,11,1
21,20,3
36,22,2
101,26,2
24,23,1
72,11,1
90,24,2
56,16,3
55,10,0
39,8,3
7,11,1
40,1,1
107,13,3
45,17,0
37,23,2
46,5,0
78,11,0
34,18,3
83,27,1
97,7,2
78,23,1
51,18,3
61,7,1
105,22,1
110,23,2
23,27,2
104,21,2
70,21,3
116,1,0
95,14,0
5,9,1
95,11,1
84,12,1
21,28,3
70,6,1
61,2,3
55,4,3
108,23,3
98,7,1
20,20,1
84,18,3
108,18,0
3,21,0
27,2,2
34,8,2
57,9,3
37,10,3
91,0,0
79,28,0
89,14,3
34,17,1
37,28,3
64,22,1
29,16,2
2,13,3
11,17,0
37,22,2
71,10,1
40,4,3
83,8,3
0,26,1
0,11,3
31,8,2
98,2,0
67,14,3
50,9,0
73,27,3
106,1,3
6,24,2
100,23,2
10,27,3
114,0,1
36,2,0
14,2,2
37,21,0
10,18,0
23,8,2
88,4,3
8,0,0
3,7,2
105,27,2
24,10,1
78,17,2
42,12,3
42,3,0
