15,29,1
11,9,1
13,29,1
0,5,3
78,0,3
15,4,2
64,17,0
44,27,1
103,23,2
5,4,3
44,14,1
56,1,1
35,11,3
81,8,0
22,18,2
49,4,2
112,13,0
81,29,3
83,7,1
74,5,2
62,5,0
109,22,2
64,25,0
10,15,3
96,15,2
9,10,2
47,12,3
117,13,1
62,7,3
43,29,0
74,9,0
64,11,2
35,9,2
26,22,2
40,9,1
4,10,2
82,28,3
109,8,3
22,9,2
77,4,0
6,3,0
19,23,2
26,3,0
5,0,0
5,19,0
78,20,2
111,2,3
36,0,2
61,24,3
61,14,2
106,14,2
79,21,1
107,16,3
15,3,0
26,16,0
30,18,0
13,22,3
93,17,1
108,19,2
81,0,3
64,18,0
92,7,2
65,20,0
69,20,3
8,24,1
56,10,0
98,28,3
41,0,1
97,20,3
18,18,2
86,9,1
69,13,0
96,4,1
105,4,1
54,2,3
81,1,0
74,6,0
34,0,2
12,14,3
85,18,1
24,11,0
50,23,1
37,25,2
74,22,1
20,3,0
22,22,3
53,14,1
73,12,1
98,11,2
29,0,2
66,28,3
92,21,0
33,0,0
29,26,3
68,23,3
11,11,2
30,21,0
100,3,0
99,18,2
86,28,0
