7,16,3
87,5,2
91,1,3
104,12,2
89,24,0
75,0,0
59,23,2
56,24,3
23,5,3
45,24,1
111,18,0
70,24,1
2,8,3
32,23,0
33,4,1
21,23,1
92,16,2
39,11,3
104,18,3
42,26,2
35,7,3
97,27,3
90,23,0
113,7,0
89,28,0
62,3,3
14,11,2
0,6,2
71,18,1
25,25,2
21,6,0
37,16,1
83,25,3
53,29,0
102,20,1
20,17,3
39,24,3
0,3,3
48,18,1
111,19,1
75,19,2
18,17,0
97,19,3
36,10,3
73,19,0
22,7,1
9,3,1
53,13,3
20,24,2
11,16,2
15,20,0
46,4,3
76,15,3
90,26,2
50,12,0
19,20,1
7,8,2
11,29,3
80,13,3
93,25,1
39,5,2
72,21,3
62,9,2
48,27,2
61,17,3
29,9,3
53,3,1
108,24,0
48,13,2
65,19,1
109,17,0
52,13,1
81,19,1
104,27,3
64,9,1
48,0,1
26,29,0
5,15,1
109,8,2
98,20,1
92,0,0
109,16,2
89,7,3
27,21,0
85,21,2
91,4,3
74,8,3
25,13,0
56,21,3
66,22,0
81,0,3
26,9,2
64,27,2
94,8,1
41,17,1
40,4,1
73,20,0
3,17,1
65,5,3
66,25,3
