114,28,1
37,12,1
28,0,2
42,17,1
10,18,0
89,19,3
42,13,1
64,18,2
89,0,0
17,16,2
121,9,0
54,17,0
18,17,2
0,14,0
17,8,1
86,7,0
103,25,0
113,6,0
55,9,3
22,5,2
23,25,0
27,19,3
42,19,3
48,19,3
33,28,0
100,7,0
79,14,0
63,7,3
95,29,1
113,22,2
46,7,1
0,24,1
84,17,0
37,14,3
118,27,2
75,21,2
2,0,0
58,18,0
48,22,2
51,11,0
21,19,2
45,28,1
48,4,1
82,15,0
87,8,1
34,13,3
95,6,2
42,0,1
30,29,3
74,7,2
15,2,1
9,21,0
15,18,0
21,23,0
32,8,0
39,15,3
35,26,3
112,2,2
18,21,3
53,22,3
103,8,3
74,27,2
114,13,2
108,29,1
7,12,1
33,13,2
105,18,1
112,28,3
70,27,2
43,20,3
4,9,1
108,13,1
107,26,3
94,16,0
56,3,3
79,5,3
55,13,3
42,20,2
64,0,3
80,7,1
74,24,3
40,7,1
95,9,3
6,14,1
88,28,2
92,25,3
79,24,2
53,23,0
15,4,0
97,26,1
30,21,1
62,18,3
93,2,1
40,1,1
20,29,2
113,26,3
32,26,2
118,11,3
27,13,3
34,16,2
