28,8,3
113,28,2
80,26,1
52,22,0
16,23,0
82,27,2
14,12,2
90,16,0
99,20,1
14,23,0
43,19,3
33,24,3
81,20,3
99,4,1
24,29,0
21,7,0
25,4,1
0,0,3
18,13,1
31,11,1
27,4,1
11,29,3
53,25,3
58,24,3
84,7,0
36,22,1
47,28,0
71,6,3
6,28,2
15,4,0
102,7,0
97,8,0
43,14,2
4,2,1
110,22,1
63,0,2
26,3,1
89,10,0
115,27,0
70,14,0
112,23,0
49,0,3
57,18,0
60,1,2
74,16,2
110,1,1
8,0,0
91,15,2
1,26,2
104,18,0
37,12,2
4,3,0
58,22,2
102,6,2
70,0,2
98,16,1
4,16,0
63,22,3
15,29,3
58,25,3
104,24,2
60,16,1
25,14,2
97,7,1
118,11,1
72,6,2
1,9,3
69,29,3
82,13,2
49,19,3
11,8,3
7,7,1
92,9,1
94,8,0
52,2,3
81,19,2
81,2,2
84,5,0
0,12,0
58,0,1
53,14,2
28,24,2
118,12,2
69,14,2
108,16,0
111,25,0
14,19,0
98,0,0
59,11,2
65,24,1
9,23,3
59,13,2
33,18,3
44,23,0
20,11,2
62,26,2
46,6,2
99,9,1
115,6,1
29,20,3
