40,13,1
7,9,1
66,17,3
73,23,1
55,3,0
79,23,0
93,20,3
80,16,1
60,8,0
109,15,0
23,9,0
114,10,0
102,6,3
0,5,1
9,13,1
55,17,3
31,14,2
32,0,3
74,7,0
6,14,3
49,2,3
72,5,1
110,4,2
112,0,1
0,6,3
47,2,0
102,7,1
77,22,3
110,9,1
57,25,3
73,9,3
92,10,3
113,22,0
83,3,3
59,0,3
3,25,0
51,26,2
58,10,0
40,1,1
115,12,1
42,14,0
13,28,1
47,26,2
100,5,2
68,7,1
22,23,1
8,7,0
14,1,2
73,16,3
60,24,3
81,27,1
100,0,1
24,1,0
55,8,1
88,24,1
54,16,3
52,8,1
97,17,2
15,27,1
9,29,1
100,15,2
54,14,3
88,7,3
23,23,0
63,12,1
17,22,0
75,11,1
101,28,2
96,20,3
99,11,3
48,8,1
50,28,2
21,25,0
80,2,2
46,28,2
12,9,0
115,11,3
54,2,2
120,21,2
29,16,0
31,29,2
34,1,1
32,8,1
57,21,0
36,21,2
32,24,1
19,5,2
75,6,2
77,1,1
82,24,2
33,5,0
62,27,1
116,26,3
119,10,3
30,15,0
40,4,0
28,11,0
81,2,2
66,6,0
101,19,0
