91,10,1
9,15,2
80,28,1
13,26,2
80,25,0
17,19,2
104,23,3
30,16,1
43,14,0
51,2,3
29,11,3
42,23,0
96,13,2
54,3,0
17,4,1
108,13,3
36,26,1
95,4,0
56,9,3
107,18,2
37,3,3
118,10,3
94,12,3
104,8,0
68,26,2
71,18,1
38,8,2
67,12,2
59,14,2
50,3,2
63,12,3
106,4,3
65,20,3
25,2,2
29,18,2
24,29,0
54,20,2
14,23,0
24,14,1
50,29,3
100,20,3
27,2,3
94,17,1
69,27,3
64,0,1
32,20,2
3,6,2
53,27,0
29,3,1
1,28,0
96,0,2
113,23,3
6,11,3
96,6,0
56,21,2
70,7,2
110,24,1
23,10,0
109,6,3
116,17,2
63,5,0
108,24,0
32,29,3
62,28,0
44,19,0
109,7,3
21,22,0
27,23,0
66,8,0
105,10,2
27,13,3
44,0,1
80,2,2
21,13,2
4,22,1
79,24,2
80,21,1
11,25,3
79,4,3
81,22,2
48,14,3
35,27,2
19,25,2
84,14,0
0,9,1
93,9,0
34,25,0
56,26,1
1,17,1
56,27,3
51,15,1
82,23,0
80,24,1
91,22,0
12,9,1
0,8,1
35,12,1
54,16,0
85,18,1
82,11,0
