46,18,2
1,4,0
30,15,3
20,17,1
16,25,0
8,29,2
73,28,1
11,7,2
85,3,0
47,18,1
108,20,2
54,7,1
10,20,2
113,4,0
8,24,3
86,19,3
19,18,3
28,4,0
50,9,2
27,11,0
2,3,0
58,15,0
26,29,3
42,29,3
79,12,0
87,2,3
96,25,0
61,24,0
66,21,3
78,27,3
0,1,2
38,14,2
100,18,3
0,28,0
104,0,3
83,17,0
27,0,0
61,11,3
2,7,3
43,10,1
68,19,3
0,23,0
16,15,2
111,10,3
33,9,2
20,10,3
16,7,0
22,11,2
31,1,1
46,1,3
61,9,0
86,25,1
59,10,3
98,26,2
16,3,3
97,23,0
18,22,1
103,28,3
33,0,1
26,27,0
79,1,2
29,23,3
57,22,2
1,17,1
108,19,1
39,0,3
114,29,0
15,11,0
0,9,0
39,1,2
53,0,2
105,24,3
64,27,3
76,10,3
78,22,1
46,27,1
28,5,2
79,18,0
40,21,1
117,28,3
98,14,3
117,10,3
27,21,3
22,27,2
78,13,0
16,22,0
73,13,3
33,18,0
108,2,2
15,5,0
114,11,3
30,12,3
102,20,2
81,19,0
64,20,2
95,27,2
23,27,1
56,26,3
9,10,3
44,22,0
