12,25,2
86,26,0
52,8,2
72,12,2
10,7,1
68,26,0
107,5,3
35,22,0
6,17,1
41,22,0
94,2,1
78,21,3
66,15,3
0,23,1
19,22,0
107,11,1
76,10,1
30,29,3
30,16,0
56,23,0
28,9,0
109,23,3
20,11,3
75,9,3
114,6,1
82,25,1
46,4,3
94,13,1
10,0,0
74,4,0
98,21,1
87,18,3
54,15,1
43,19,1
96,14,0
81,9,3
66,14,2
6,8,3
47,21,2
103,28,3
6,7,2
24,14,3
1,3,2
82,12,3
90,17,2
31,10,2
89,10,2
36,9,3
114,27,0
81,27,1
63,25,0
36,0,1
5,27,2
64,9,2
70,14,3
14,29,0
91,24,2
104,0,1
60,2,2
108,13,0
6,13,3
44,15,3
8,11,0
17,21,1
43,21,2
0,7,3
108,0,2
10,27,3
25,16,3
95,4,2
54,0,2
49,26,0
120,28,0
17,26,0
31,27,2
18,0,1
39,22,2
35,28,1
52,28,1
59,22,1
65,15,3
30,12,3
114,0,3
3,12,3
83,0,0
25,5,3
42,18,3
120,22,2
36,13,1
0,5,0
111,14,3
95,1,2
58,9,3
21,1,0
85,3,1
19,2,2
71,0,3
54,16,2
79,24,3
32,14,0
