69,0,3
11,25,1
0,14,0
39,20,0
6,25,1
42,4,3
55,7,3
25,27,2
108,15,3
75,5,2
74,12,2
44,6,0
53,14,3
49,15,0
62,20,2
62,12,3
55,24,1
54,15,2
9,15,0
39,0,3
24,16,2
27,11,3
75,14,0
85,15,2
49,10,0
75,29,1
79,6,1
15,15,0
79,0,0
29,0,2
41,21,1
23,12,0
74,19,1
0,22,0
21,14,2
55,3,3
79,21,2
78,20,2
6,29,2
12,10,3
64,21,0
85,12,0
31,7,2
90,0,2
47,25,0
33,5,0
103,11,2
12,17,1
112,18,0
47,23,0
108,0,3
34,7,1
42,8,1
6,5,1
113,26,0
39,19,1
70,24,0
57,26,1
42,21,0
16,7,3
93,23,1
48,3,1
0,23,0
47,24,0
17,0,2
19,10,1
106,0,2
91,20,0
29,17,0
100,3,3
56,7,0
85,28,2
112,27,0
69,15,3
97,9,0
30,26,1
85,13,2
54,11,1
52,3,2
1,5,1
34,15,3
113,11,0
69,28,1
97,4,2
1,29,2
65,8,1
90,3,0
61,18,2
112,5,2
54,5,0
70,9,3
43,2,1
18,12,0
61,19,2
92,22,3
74,10,3
29,15,3
46,1,1
101,7,0
9,23,2
