90,10,2
115,16,2
61,27,0
70,11,1
73,6,2
48,14,2
59,15,2
70,12,1
106,0,0
19,23,2
51,23,0
78,15,1
117,15,2
116,28,2
24,13,2
97,26,3
85,4,3
45,9,1
87,26,3
18,12,0
4,21,2
94,10,1
85,9,2
66,10,0
32,28,0
117,27,2
82,6,1
62,29,3
98,0,3
48,9,2
28,27,0
110,4,1
56,10,3
25,17,0
5,17,2
53,19,0
36,12,0
14,12,2
5,18,0
24,11,1
72,13,0
44,29,1
70,26,3
69,0,1
105,12,3
24,9,3
94,25,3
42,1,2
4,10,0
47,9,2
59,23,1
64,6,2
76,28,3
12,10,2
18,24,1
64,7,0
101,4,3
90,18,3
21,0,3
51,3,1
33,1,2
63,15,2
74,16,0
53,24,0
18,0,3
26,6,3
47,29,3
58,16,2
32,10,1
87,16,0
95,6,0
107,22,1
39,26,0
74,26,0
12,2,3
7,29,2
10,25,3
8,11,3
108,19,3
25,23,0
89,25,3
35,18,2
95,8,1
30,25,2
84,13,2
47,15,2
92,22,2
83,7,2
36,9,3
97,29,1
4,4,1
26,12,0
0,5,1
75,0,0
102,9,3
98,2,1
85,27,2
69,18,3
58,18,1
0,28,0
