99,29,1
30,4,2
34,22,0
14,29,1
13,21,1
53,11,0
98,12,1
17,11,0
0,24,1
106,16,2
85,20,0
4,5,0
101,28,1
54,14,0
98,5,3
29,13,1
34,29,2
93,15,0
103,7,2
71,28,1
54,7,3
120,10,3
5,8,2
37,3,2
37,26,0
94,17,3
1,11,2
40,0,1
111,28,1
51,22,3
38,3,1
31,14,2
86,4,0
53,1,1
104,15,3
29,24,2
0,8,1
80,7,2
48,25,3
63,28,3
8,20,1
101,21,1
29,15,1
48,1,1
49,19,3
25,25,3
13,23,0
21,29,0
76,4,2
111,27,0
87,28,1
3,25,1
65,1,0
37,8,0
52,2,2
56,8,1
112,10,2
74,9,1
100,1,3
19,8,0
74,16,2
38,11,1
36,9,2
6,0,0
92,1,3
49,27,1
5,12,3
76,17,3
44,24,2
93,3,3
105,0,2
67,22,0
78,6,2
38,19,3
111,19,3
73,22,3
0,16,3
10,13,1
47,10,0
3,12,1
33,3,0
63,29,3
87,8,3
51,23,3
5,1,1
12,10,2
93,26,0
52,0,3
116,14,3
52,20,1
103,24,0
14,2,3
75,7,3
67,28,3
80,16,0
97,4,3
22,20,1
56,12,2
31,20,2
5,17,0
