55,12,0
70,14,1
78,5,2
60,13,2
24,29,1
99,6,0
31,13,2
95,25,1
36,29,1
21,24,2
30,4,1
5,1,1
12,0,3
86,26,2
110,24,1
66,14,0
55,25,2
55,24,1
27,15,1
111,15,3
2,29,0
11,19,1
10,11,2
101,8,3
31,0,2
78,0,3
1,12,2
85,3,3
7,16,2
99,5,0
0,0,2
102,15,1
82,17,0
69,4,0
92,24,1
56,19,1
97,0,0
18,14,1
82,11,3
37,15,2
5,10,3
58,10,0
86,12,1
16,5,3
97,21,3
88,18,2
51,4,0
64,0,1
74,5,1
65,12,1
102,7,3
93,7,0
57,1,0
68,29,1
21,9,2
24,25,0
46,3,2
48,12,1
41,15,2
29,21,3
95,13,0
8,15,1
45,23,3
94,0,3
62,26,1
81,6,3
31,4,3
79,1,0
36,11,3
68,18,3
9,21,2
36,7,2
58,14,2
5,12,3
42,25,3
2,2,0
9,17,0
94,13,0
82,3,3
53,16,3
45,29,2
71,19,1
81,0,2
11,6,1
13,13,0
92,25,1
106,4,2
48,9,2
92,21,3
92,3,2
40,10,1
3,25,0
113,25,2
18,21,3
114,28,2
96,9,2
40,20,0
30,3,0
86,7,3
3,9,0
