0,12,0
58,23,0
106,21,1
58,24,0
51,25,3
78,28,2
81,1,1
6,26,2
23,16,2
67,0,0
7,28,3
38,9,0
105,17,0
89,8,2
80,4,1
74,21,3
23,3,2
90,4,0
94,26,2
93,6,0
21,15,1
119,26,3
1,19,3
8,10,3
59,22,1
6,10,2
79,24,1
37,18,2
51,13,2
61,3,3
62,26,0
27,15,0
91,25,3
38,15,1
94,6,2
40,11,3
78,25,1
76,13,3
48,26,2
1,16,2
72,9,2
110,6,3
102,4,1
65,13,2
59,11,3
45,7,2
64,11,1
57,0,2
81,10,3
35,18,2
95,0,3
43,22,0
21,24,3
93,25,0
48,12,3
36,18,3
69,22,3
77,16,0
98,24,1
93,23,0
106,24,1
103,28,1
60,27,1
89,20,1
2,29,0
66,22,1
37,17,1
0,5,1
14,28,1
51,6,3
25,13,0
50,22,3
34,2,1
110,28,3
60,15,1
99,23,1
68,24,0
20,17,0
75,17,2
84,4,0
43,29,2
34,14,1
33,0,3
46,16,3
60,5,3
67,29,3
9,11,2
32,6,2
27,26,0
20,7,3
85,14,0
72,11,1
85,9,1
5,0,0
40,0,0
89,21,3
82,16,3
116,3,0
21,6,3
6,13,2
