72,28,1
78,18,3
30,6,3
66,2,1
1,0,3
2,13,3
26,13,3
76,10,3
13,9,3
45,13,0
121,16,0
104,4,3
13,21,0
80,13,0
84,11,1
72,20,0
67,15,0
72,1,2
63,27,3
53,23,0
17,24,0
48,10,3
85,9,1
16,0,1
2,25,1
16,20,1
54,3,3
30,11,0
60,10,1
10,13,3
53,14,0
18,1,0
68,4,1
77,6,0
3,6,1
100,25,3
55,2,3
10,21,1
97,16,3
79,23,2
66,5,0
56,15,2
71,23,3
73,14,1
42,8,2
69,6,2
49,26,3
55,4,2
4,0,1
27,0,2
11,10,2
118,19,3
99,5,0
98,21,0
120,26,1
16,25,2
104,17,0
11,27,0
15,7,2
69,21,2
63,26,1
11,1,3
55,19,2
98,11,3
51,13,1
103,8,3
4,13,0
112,13,2
90,19,0
59,17,1
0,20,3
44,18,0
25,16,2
52,3,2
77,13,0
115,22,3
28,13,2
77,7,1
39,14,3
47,23,0
100,12,2
112,12,2
16,22,1
33,9,3
104,13,3
19,2,2
94,14,0
84,6,2
84,7,3
65,26,0
25,27,3
72,25,1
97,24,3
32,5,3
26,23,3
25,18,1
94,27,2
88,10,3
42,21,1
62,22,2
