88,10,2
54,25,2
60,5,3
18,26,1
45,26,0
98,19,1
75,26,3
60,21,1
113,15,3
50,10,0
10,8,1
17,20,3
35,12,0
103,14,3
56,10,1
64,15,1
22,19,0
10,10,1
74,0,1
24,20,0
23,24,2
120,9,0
45,1,0
7,3,1
19,21,2
37,1,3
8,2,3
47,1,2
78,10,3
19,11,2
8,19,1
55,6,1
55,18,0
0,6,2
0,5,1
30,20,2
8,24,1
22,12,0
40,28,3
16,12,2
39,11,1
35,26,0
62,28,3
90,14,1
104,21,2
102,4,3
9,22,1
112,7,0
105,9,2
84,14,2
109,8,1
86,12,3
6,29,3
55,11,2
3,17,0
6,7,3
85,26,2
9,7,3
59,4,2
65,14,0
93,4,3
96,25,1
28,5,2
80,27,0
94,13,2
89,19,2
60,25,1
90,4,1
99,28,2
107,28,0
36,8,2
75,8,3
78,24,0
97,3,2
37,27,3
44,17,2
99,27,3
83,28,3
32,11,0
0,18,1
33,15,3
79,12,2
93,11,1
32,4,0
47,20,3
20,18,0
82,19,0
102,12,3
69,28,2
81,5,0
102,13,1
103,9,3
68,4,3
8,11,1
108,5,0
25,26,0
101,29,1
86,2,2
44,0,1
98,4,0
