7,21,3
50,0,0
27,17,3
20,22,0
0,3,1
112,4,0
1,7,2
88,4,0
103,25,2
86,2,3
37,5,2
14,25,1
86,10,3
79,18,1
22,4,1
52,24,0
102,11,1
9,1,2
20,24,2
31,3,0
102,3,3
77,18,3
9,5,1
8,18,0
92,20,2
95,10,2
50,18,0
61,6,1
43,22,2
66,0,2
76,14,1
4,10,2
100,10,3
45,2,2
43,15,2
5,11,3
28,27,1
63,19,1
14,17,2
97,21,0
49,11,1
81,12,3
46,25,2
78,28,2
27,2,2
12,20,0
112,14,0
74,27,0
70,7,0
54,3,3
18,23,1
78,19,1
71,17,0
27,18,0
31,14,3
81,10,1
112,25,1
77,27,3
39,6,3
85,10,0
88,23,0
86,28,0
41,20,0
102,15,0
75,14,3
85,1,3
47,29,3
99,0,1
32,7,0
55,16,0
65,5,3
58,18,1
27,10,1
109,8,0
46,15,0
78,18,2
66,14,1
0,20,0
21,10,1
27,6,1
18,14,3
119,24,3
27,19,2
15,7,0
13,29,3
117,9,0
67,25,0
20,12,1
104,10,2
61,10,2
13,24,3
14,1,1
110,17,2
48,5,2
10,16,1
29,26,2
108,25,2
66,5,2
113,24,0
115,13,0
