71,10,1
58,18,3
93,4,2
10,27,2
105,4,0
6,29,3
65,27,3
116,6,3
32,24,2
94,19,1
70,18,2
34,9,1
55,19,0
45,16,2
21,1,2
43,0,2
98,0,0
89,5,1
85,22,2
5,19,3
109,0,2
58,5,1
18,1,0
9,6,1
77,21,1
8,12,1
39,23,0
31,6,3
46,22,2
63,3,2
74,20,0
51,29,2
105,12,1
49,2,3
68,8,2
101,10,1
25,15,0
95,9,0
46,12,1
56,11,0
40,0,0
39,24,1
81,10,3
56,0,1
36,10,2
104,5,0
7,16,0
34,29,3
47,0,2
42,8,3
100,19,0
70,19,1
46,23,3
33,8,2
105,27,0
2,25,0
80,4,3
84,3,3
11,20,0
42,10,3
62,5,2
8,22,1
75,12,3
7,11,0
64,22,1
78,11,3
63,29,3
72,0,1
70,11,1
11,1,2
62,24,0
34,26,0
115,8,1
114,16,2
48,28,2
20,28,2
49,3,1
54,14,1
88,4,3
12,16,1
22,1,1
87,16,0
8,8,0
32,1,0
113,14,0
18,2,3
93,26,2
71,6,2
102,20,3
30,18,2
29,4,0
7,17,2
4,1,0
15,23,1
13,14,0
37,11,0
19,21,1
16,13,0
13,24,1
30,10,3
