105,21,1
93,2,2
37,27,0
92,11,3
3,20,2
95,21,2
15,24,1
13,23,2
47,11,0
2,0,0
40,14,3
4,25,0
19,5,2
107,4,1
72,27,0
115,14,1
14,3,2
76,20,3
64,14,2
104,24,0
9,25,2
62,18,0
105,17,3
23,29,3
12,0,2
71,20,0
46,15,2
70,8,0
110,18,2
41,18,0
53,17,2
9,15,0
24,12,0
76,21,3
36,10,1
88,6,3
83,16,0
104,9,0
117,27,0
8,22,1
7,9,1
61,3,3
46,25,2
50,29,0
3,5,2
111,22,2
78,7,3
118,20,0
49,5,1
12,13,3
9,14,1
99,14,1
95,22,2
52,2,2
55,3,2
55,1,2
8,24,3
60,7,2
78,27,0
98,20,0
102,11,0
73,15,0
53,28,1
91,27,1
18,6,2
53,16,0
36,3,1
86,9,3
93,0,0
36,17,1
76,11,3
15,9,2
87,5,1
89,19,0
50,17,2
47,5,0
10,17,1
63,12,2
94,22,1
63,0,0
28,16,0
90,24,2
68,20,2
1,9,1
83,6,3
61,28,3
33,21,1
89,5,0
117,6,0
12,19,1
49,0,3
66,13,1
86,25,1
5,15,0
114,25,3
0,0,0
28,2,2
85,27,3
65,19,1
39,5,2
