67,27,2
76,20,1
58,7,1
95,8,1
44,20,3
34,17,2
42,1,3
73,22,0
47,1,0
40,23,2
96,19,1
5,14,1
86,1,3
58,0,3
70,14,0
62,27,0
3,0,0
86,0,3
16,2,2
112,23,2
74,4,1
97,13,0
101,3,1
87,15,0
60,12,3
51,19,3
111,10,1
57,9,2
53,23,1
65,4,3
85,29,3
8,21,2
31,4,1
59,4,0
29,10,2
98,4,0
98,12,3
18,7,1
37,16,0
61,4,2
27,23,2
119,24,2
62,11,3
69,28,0
38,6,1
52,13,1
6,16,3
6,15,3
77,21,3
35,2,3
46,8,2
102,28,2
109,20,0
87,25,0
27,29,0
107,1,0
34,10,3
64,8,2
85,10,0
0,28,0
83,26,1
62,3,1
76,21,0
57,19,0
112,0,2
90,0,3
85,3,1
98,28,3
75,15,3
68,19,0
100,21,2
8,27,2
13,19,3
3,27,3
59,27,3
18,24,3
1,6,2
72,8,3
39,15,0
13,20,2
31,20,3
85,24,2
98,9,0
8,4,0
44,27,3
1,3,2
49,28,3
0,13,1
1,2,1
79,27,3
14,9,2
88,17,2
93,14,1
106,8,2
43,9,3
59,9,1
33,15,1
16,21,2
104,6,1
7,26,2
