86,3,0
116,22,2
114,5,2
22,29,2
77,25,1
36,12,3
35,1,1
87,27,1
23,8,3
21,20,2
25,4,1
90,14,1
106,15,2
11,3,0
33,9,0
84,21,1
57,3,1
79,13,0
45,3,1
103,7,2
35,19,0
81,18,0
77,26,2
59,17,1
84,7,2
54,18,3
85,11,3
104,19,2
48,5,1
110,9,0
0,14,2
97,24,1
108,3,2
64,5,2
115,29,2
13,25,3
77,27,1
46,17,0
52,21,2
69,0,0
72,6,2
5,5,0
4,22,1
60,8,3
109,29,3
53,12,2
70,7,3
70,11,1
76,1,1
72,8,3
27,26,3
42,25,1
43,23,3
30,23,3
43,5,3
41,16,1
5,10,3
97,3,1
51,10,2
23,19,2
96,22,2
53,26,0
90,12,3
85,10,1
88,19,0
30,20,3
15,10,1
72,0,2
74,23,2
24,18,3
98,14,0
118,1,0
37,9,1
109,19,3
2,1,0
35,22,1
52,7,3
56,26,0
61,0,3
22,0,1
85,1,0
0,25,2
79,4,0
21,6,1
89,8,1
60,28,3
61,29,3
7,15,0
61,22,3
20,28,3
36,15,3
59,15,2
88,17,3
39,13,3
34,10,1
72,1,2
54,1,3
61,4,1
10,22,2
88,4,3
