27,7,2
16,16,0
36,15,3
101,11,1
61,24,2
104,1,0
78,2,0
10,24,3
15,15,0
40,5,2
5,10,3
48,23,1
74,8,1
22,19,0
72,19,2
99,0,2
69,18,0
101,8,3
6,1,1
113,2,0
85,8,0
77,11,2
43,24,2
66,27,0
101,26,0
106,14,2
97,9,2
33,20,0
66,12,0
114,28,0
82,28,3
37,10,0
3,21,3
13,13,3
90,14,1
99,20,2
66,16,0
60,0,2
107,15,3
70,8,3
13,10,1
52,18,0
115,22,0
86,22,2
76,23,2
107,2,1
8,18,2
44,19,3
11,13,3
18,24,1
6,25,3
35,4,3
84,29,3
72,29,2
104,20,3
117,29,2
13,6,2
31,20,0
65,2,2
86,21,3
44,0,3
86,25,1
71,19,3
61,29,2
101,28,0
6,12,3
16,15,3
28,7,3
99,8,2
14,16,0
54,0,3
26,3,1
117,17,0
81,12,1
51,0,0
56,9,1
73,24,2
21,21,1
111,3,2
79,0,0
33,28,3
84,14,1
49,19,3
35,20,1
54,28,2
86,29,3
100,13,1
53,6,0
23,7,3
34,6,2
100,8,2
75,7,0
23,6,3
84,8,1
55,12,2
34,12,0
29,7,0
86,18,0
75,22,0
16,20,0
