48,26,1
60,20,2
94,16,2
90,7,0
17,21,3
78,24,0
60,11,0
64,12,2
26,2,3
93,27,1
101,26,3
5,1,1
27,24,0
60,8,2
66,10,2
7,8,1
55,8,1
53,4,0
19,20,1
118,7,3
18,8,3
54,29,2
7,25,2
83,12,1
115,24,2
43,5,3
78,12,0
108,17,1
114,19,3
21,25,0
100,27,2
4,15,2
38,17,1
13,2,3
107,0,0
9,18,3
66,14,1
100,11,3
80,7,2
91,15,2
46,17,0
2,26,0
103,24,3
46,9,1
44,3,2
39,18,2
33,15,1
43,20,2
67,6,0
23,0,3
20,26,0
94,10,3
44,1,0
100,0,3
2,16,2
9,9,1
22,5,2
72,0,1
32,25,1
11,26,1
17,15,0
112,27,3
14,19,1
107,26,1
47,23,0
99,2,2
79,27,0
17,14,3
37,11,2
54,15,2
50,16,1
7,27,2
80,8,2
96,0,1
65,2,3
42,24,2
47,12,1
39,4,1
10,11,3
14,12,1
58,14,3
100,10,2
41,24,2
11,6,1
80,16,1
88,5,3
120,19,0
21,27,1
98,14,3
112,14,0
45,12,0
55,3,3
78,27,3
74,10,3
35,21,3
10,6,3
70,14,1
111,18,3
111,1,2
68,22,1
