11,19,0
78,20,3
13,1,2
90,23,2
93,10,3
99,0,0
75,22,0
79,24,2
47,15,0
82,15,1
55,5,2
86,5,2
52,0,3
87,24,2
51,5,1
95,26,3
83,18,2
6,25,0
105,25,3
50,20,1
106,23,1
104,10,0
2,22,2
52,11,2
87,6,3
25,4,0
116,27,1
35,20,0
115,19,3
90,14,1
4,9,1
28,20,0
6,4,1
56,7,2
25,15,1
19,25,2
23,0,0
112,8,0
74,1,1
75,10,1
43,17,3
93,3,3
22,18,0
82,29,2
93,20,0
57,19,2
96,22,3
22,14,1
37,17,1
89,1,3
100,25,0
89,4,1
61,26,3
0,4,1
63,18,3
82,26,1
36,27,0
3,10,0
16,21,2
40,22,1
39,14,1
85,13,1
26,22,3
4,1,3
41,13,1
36,11,1
118,29,0
12,6,3
52,13,2
80,7,0
41,18,3
62,1,1
110,5,1
32,2,2
85,27,1
17,17,3
22,9,1
2,21,3
112,16,3
95,15,3
106,17,2
20,0,0
49,1,3
27,20,2
96,1,1
12,20,2
22,4,2
66,13,1
81,10,1
37,23,1
60,29,1
36,15,2
75,4,0
7,16,0
20,10,3
4,18,1
44,11,3
10,28,3
71,23,2
38,11,2
