61,15,3
87,8,2
94,14,0
109,25,3
37,12,3
49,7,3
7,1,3
92,11,3
21,13,2
32,28,2
104,1,1
19,12,0
0,13,0
22,5,2
22,6,3
109,12,2
6,13,2
9,25,2
11,17,1
113,10,0
80,21,1
0,23,2
30,19,3
31,11,3
49,29,1
74,23,3
31,9,3
86,26,0
109,14,1
42,5,2
36,0,0
31,16,3
52,4,0
0,28,0
53,12,3
13,23,0
91,1,1
106,16,1
37,6,2
101,29,2
36,14,2
68,0,3
97,24,1
75,22,3
81,10,1
6,24,0
36,19,3
42,19,1
85,15,2
0,3,3
74,7,3
9,29,3
75,28,2
76,17,3
62,5,3
22,11,0
22,20,2
70,27,3
110,24,3
21,21,0
31,28,0
1,1,0
75,24,1
64,17,2
90,18,3
9,22,0
12,27,3
55,0,0
111,9,1
51,16,0
68,16,0
47,4,1
51,21,0
65,9,1
95,14,0
108,18,2
86,28,0
11,5,2
53,22,0
63,0,0
79,23,2
30,12,1
4,22,1
64,20,3
112,23,3
86,18,2
68,19,3
59,24,2
38,28,2
79,10,1
25,24,3
42,20,2
91,5,3
69,21,2
84,13,3
22,16,1
108,20,0
59,26,0
43,24,3
111,29,0
