89,23,2
10,11,0
55,15,2
18,17,3
0,0,3
1,0,2
98,1,1
104,10,2
94,0,3
84,13,3
29,17,3
111,21,0
99,17,1
78,7,2
71,1,2
12,2,1
21,27,2
105,20,2
11,24,3
10,27,2
36,11,2
79,5,1
31,0,1
9,13,3
17,10,0
23,23,2
66,2,1
115,27,0
37,25,1
91,14,2
88,5,3
43,26,2
3,25,3
87,23,0
78,0,3
33,24,2
85,6,1
67,3,2
50,2,2
72,15,2
106,0,0
51,12,0
59,26,2
60,17,1
99,11,3
102,26,3
8,22,2
68,16,0
88,17,0
78,13,2
55,9,2
39,6,2
107,20,3
66,23,3
52,16,1
107,7,0
107,3,2
44,6,3
49,24,2
17,8,0
89,25,2
105,10,1
1,13,2
24,24,1
83,14,3
76,12,2
13,4,1
67,24,2
98,12,0
97,25,1
42,12,0
31,2,2
107,8,2
65,25,0
15,29,2
0,24,2
54,10,1
63,15,0
5,11,0
51,27,2
25,8,1
65,16,3
37,13,0
79,25,1
109,24,3
32,10,3
26,23,0
53,28,1
28,24,2
5,4,1
81,18,0
34,15,0
35,6,3
83,5,3
98,26,3
105,18,1
32,17,0
76,20,0
97,1,1
54,5,0
