41,16,3
55,23,2
34,2,2
56,1,2
105,11,2
101,14,3
40,27,2
118,25,3
93,6,3
104,0,0
43,5,2
94,4,3
106,3,3
104,24,0
13,3,2
2,14,2
100,24,0
55,18,0
115,19,0
5,23,3
16,22,0
33,25,2
88,10,3
116,0,1
29,24,1
33,9,2
85,29,0
36,12,1
55,10,1
53,25,1
75,3,2
4,12,2
21,16,2
87,17,2
48,6,3
96,11,0
101,18,3
45,16,2
93,20,0
97,14,2
21,25,3
36,29,1
68,26,0
100,0,1
92,10,1
50,13,0
90,28,2
91,0,1
88,5,3
57,21,1
9,15,1
40,5,3
50,1,1
69,17,1
9,27,3
40,26,2
59,7,1
65,22,1
65,13,1
115,5,2
103,4,3
34,15,3
49,16,1
101,7,1
25,9,2
75,10,0
70,4,3
79,20,2
68,21,0
76,13,2
87,16,2
75,11,2
16,13,1
78,19,2
41,0,0
0,0,1
111,23,2
29,23,0
59,27,2
26,16,3
72,14,3
102,15,0
105,19,2
73,7,3
54,13,2
112,26,0
27,21,0
66,20,2
94,24,3
97,26,3
108,0,3
81,6,3
31,7,3
42,12,2
4,8,2
55,25,0
89,18,1
69,10,3
21,28,3
109,19,2
