40,10,0
66,5,0
31,20,1
67,11,1
31,5,1
102,18,2
9,10,3
83,13,2
29,27,1
29,9,0
65,17,0
42,7,3
10,19,0
96,27,1
9,8,1
80,18,1
24,29,2
1,23,2
19,10,3
36,6,1
76,12,1
98,14,0
44,12,3
70,21,1
87,25,1
74,29,1
115,15,1
74,20,2
87,18,3
55,24,2
59,23,0
86,14,2
30,22,0
18,2,2
72,14,2
20,26,0
103,2,1
11,19,3
41,2,2
95,22,0
30,16,1
39,8,3
5,4,0
38,9,2
63,23,1
33,1,1
87,15,1
44,1,2
103,0,2
70,10,2
89,7,1
41,22,0
49,29,3
10,0,0
14,8,0
94,15,0
117,5,0
24,26,3
50,11,2
38,12,2
89,22,0
104,25,3
108,5,3
9,16,3
56,1,3
30,4,2
79,21,3
56,13,1
66,10,3
45,24,0
8,14,2
90,2,2
102,28,3
79,7,2
105,27,1
8,20,2
2,27,0
0,0,3
29,3,2
103,13,3
13,29,3
113,12,3
29,19,0
46,14,1
99,0,0
48,2,3
65,6,0
21,23,0
111,9,3
70,23,1
85,22,2
75,15,0
63,1,1
51,2,1
25,12,0
109,2,0
2,18,3
72,18,1
60,12,3
86,3,0
