11,9,2
7,5,1
15,12,0
30,0,2
18,4,1
1,4,0
28,13,2
3,9,2
6,13,2
19,6,0
1,15,0
4,3,0
25,15,2
30,7,2
20,10,1
23,18,2
3,6,0
39,4,3
25,16,0
20,7,0
28,12,3
8,16,1
12,3,0
33,15,2
31,9,3
16,19,2
12,17,2
11,0,1
12,8,3
34,3,0
1,2,3
39,3,3
33,2,2
14,8,0
0,12,3
7,15,2
19,4,2
15,4,2
19,10,0
3,3,2
7,10,0
22,4,2
9,2,3
7,9,0
19,17,1
18,1,0
11,16,2
5,0,3
18,8,0
25,11,0
34,19,0
26,3,1
19,3,3
5,12,0
25,3,3
6,1,1
16,9,2
4,14,0
23,3,3
0,0,1
19,16,3
18,10,2
32,10,3
33,8,2
13,12,1
33,7,1
30,18,0
37,19,2
4,0,1
32,0,1
25,7,0
40,19,0
26,14,1
39,12,2
15,3,2
28,1,1
2,15,0
0,4,2
36,12,1
24,10,2
11,15,0
24,1,2
36,6,3
8,8,1
34,5,1
6,14,0
4,19,2
30,2,3
16,4,1
29,3,3
20,0,3
12,5,0
6,19,3
38,18,3
11,19,3
34,0,3
14,14,1
24,8,2
27,1,3
37,14,3
