24,19,1
32,14,2
9,10,3
27,7,3
20,2,0
6,19,3
19,10,3
6,4,1
11,18,2
22,2,1
0,13,1
4,14,0
14,11,2
22,11,0
5,3,0
38,4,0
31,1,3
15,17,2
2,1,1
11,11,3
30,6,2
3,6,3
35,11,2
18,8,1
16,12,3
3,7,1
30,0,2
34,17,2
22,3,0
12,19,3
9,5,0
12,4,1
4,1,2
30,11,1
6,15,0
14,13,3
35,6,0
21,16,0
29,10,2
11,5,1
0,7,0
1,7,3
33,4,3
21,5,3
12,14,1
22,6,0
35,2,0
22,4,1
9,16,2
11,0,0
23,11,2
23,0,0
33,17,3
3,3,2
31,16,3
28,13,2
42,4,0
4,13,3
5,11,0
6,13,3
2,0,0
5,0,1
5,16,3
25,12,1
43,17,2
30,14,2
22,1,3
18,5,2
2,18,0
2,12,3
34,1,2
20,16,2
3,18,3
29,15,0
30,10,2
36,3,3
21,11,3
15,10,2
12,2,2
31,6,2
8,0,3
20,5,1
4,2,3
9,8,2
33,12,0
36,0,3
29,9,1
36,6,2
36,11,1
1,11,3
21,9,1
31,8,3
20,14,3
37,6,2
8,11,0
40,5,1
22,0,2
34,8,2
43,16,1
43,8,0
