25,5,0
33,16,2
13,18,3
21,17,2
23,4,0
5,13,0
40,9,0
30,3,1
9,12,1
39,2,2
35,2,3
2,4,2
15,13,1
14,7,2
4,9,2
35,16,1
11,1,3
28,7,1
34,14,1
40,5,3
38,2,3
9,14,1
1,19,0
3,12,1
42,14,0
25,11,1
27,3,3
18,15,3
11,2,0
8,0,1
28,13,0
36,17,3
16,5,0
5,11,2
29,6,2
0,17,2
9,9,0
4,11,1
25,10,0
31,16,3
7,3,3
32,8,1
0,2,0
0,1,3
11,9,3
35,11,3
11,10,0
18,0,3
12,0,3
35,1,2
40,19,0
8,19,0
8,3,0
4,1,0
16,1,3
27,0,1
11,11,1
23,8,1
28,14,3
2,17,1
0,12,1
29,18,3
4,8,3
14,1,1
29,10,3
11,4,3
41,1,1
16,12,2
33,8,3
32,4,2
1,8,3
33,10,2
38,10,2
19,11,2
30,19,3
15,6,1
24,14,2
6,18,0
29,1,2
7,6,3
24,5,2
2,8,0
13,16,0
29,17,2
32,6,1
9,3,1
13,5,1
1,0,1
42,0,0
26,13,3
41,11,0
43,2,2
11,0,0
21,0,1
28,4,0
20,16,3
32,0,0
39,18,3
20,12,3
7,15,1
