27,11,2
9,3,3
15,2,2
17,4,0
19,9,1
21,18,3
9,9,2
2,17,2
24,10,0
25,1,0
4,11,0
5,16,0
1,4,0
29,16,2
0,3,2
40,16,0
28,0,1
21,16,3
36,18,0
8,0,0
27,6,2
23,6,0
34,19,1
14,8,2
39,5,2
2,11,0
6,1,2
39,15,0
38,14,3
31,8,2
35,3,2
37,3,3
6,11,3
18,2,2
22,0,2
0,2,2
0,8,3
20,17,0
17,7,1
16,19,2
2,3,1
29,15,2
12,10,1
16,16,0
10,17,2
32,6,0
8,5,0
25,16,2
9,1,3
32,0,0
34,9,1
3,0,3
34,5,2
38,4,1
29,11,3
5,8,0
25,9,3
38,3,3
26,16,0
2,8,1
18,7,2
15,9,3
9,13,3
25,15,3
37,6,3
39,19,3
9,7,0
33,1,3
40,9,0
31,9,3
34,17,2
5,13,3
8,7,0
39,11,3
13,11,0
3,7,0
21,1,0
17,11,2
34,1,2
20,12,3
30,13,0
13,15,3
27,3,3
11,10,0
41,14,2
14,11,0
0,9,3
12,2,3
26,11,1
5,19,2
5,2,3
20,3,1
27,2,0
31,3,1
8,12,0
13,0,1
10,3,3
8,13,1
17,0,2
24,9,0
