38,0,2
6,15,0
42,5,1
11,1,0
34,10,3
31,13,3
30,0,0
27,15,1
20,2,0
30,2,3
31,6,2
7,0,3
13,6,2
40,17,0
37,14,0
1,16,1
27,6,1
6,6,2
33,19,3
39,3,1
18,17,3
18,10,3
21,18,0
40,13,3
13,8,2
3,19,2
42,9,0
37,5,1
29,7,1
2,19,0
33,10,2
19,0,0
22,3,0
8,6,3
5,7,3
20,11,2
6,4,1
26,18,1
5,13,3
15,3,2
21,0,0
28,14,3
11,2,1
9,12,2
43,8,3
11,0,0
0,11,1
17,2,3
16,5,0
43,4,2
39,14,1
22,4,3
36,9,0
3,10,2
1,11,0
12,15,0
32,1,1
29,19,3
12,14,2
34,9,3
3,6,3
36,7,0
11,5,2
25,5,2
34,1,0
4,1,0
16,12,2
24,15,2
24,6,1
36,2,2
3,2,0
8,11,0
16,16,2
36,4,3
22,0,1
11,10,0
8,16,2
0,4,2
11,9,3
3,16,2
36,18,0
8,7,1
9,10,1
23,9,0
4,3,1
17,13,2
5,12,0
1,1,0
34,11,1
36,16,2
12,10,0
13,14,0
3,3,0
37,1,1
15,19,0
21,8,3
25,16,1
2,17,3
29,12,0
28,12,3
