23,1,3
3,4,3
30,9,1
29,3,2
6,7,2
36,14,2
31,4,0
41,6,1
22,18,2
8,2,3
25,7,2
10,12,2
13,6,0
28,16,0
9,1,0
36,5,2
37,0,3
7,15,1
27,10,0
5,19,1
3,11,0
23,13,2
0,8,3
34,18,3
31,12,0
35,1,1
30,11,2
35,19,3
7,0,2
36,8,2
0,14,0
27,8,2
16,1,2
6,0,0
19,8,1
31,13,1
16,6,3
19,0,3
7,14,0
26,15,3
7,7,1
22,11,1
8,6,3
13,13,3
42,9,0
2,17,3
0,2,2
25,18,1
34,7,3
16,2,2
39,3,1
13,19,0
13,10,0
27,7,1
7,4,2
41,0,0
20,7,3
15,15,1
26,2,3
25,19,0
6,14,0
6,1,3
15,1,1
42,10,1
0,7,0
32,7,1
16,4,1
30,3,2
0,1,3
24,15,3
26,14,3
41,17,2
34,4,3
16,18,2
15,14,3
19,3,3
7,5,3
29,10,3
39,7,3
27,19,2
12,0,0
7,10,0
33,16,2
38,1,1
39,14,2
36,2,0
27,17,0
36,9,3
33,6,0
24,17,3
36,18,1
16,9,3
10,5,1
12,7,3
19,15,2
26,4,2
20,17,1
6,10,1
8,15,0
29,5,2
