2,10,2
9,5,0
37,1,3
1,19,1
20,16,0
2,19,2
23,17,0
33,0,2
36,11,0
24,5,1
7,6,3
30,18,3
7,11,0
28,17,3
8,12,2
25,4,0
35,13,2
13,7,1
32,7,3
5,5,3
28,14,0
31,2,2
17,3,0
5,11,1
4,4,3
13,5,3
38,2,2
14,19,3
24,0,2
36,2,3
11,10,3
13,14,3
6,4,0
6,5,2
1,9,0
13,2,3
28,12,2
26,8,2
27,14,2
19,0,0
28,13,3
17,11,2
23,9,1
33,11,2
23,6,1
7,9,3
42,17,3
17,6,0
31,12,2
43,12,3
5,3,3
31,3,3
34,11,0
0,11,0
11,18,1
40,3,3
18,5,2
27,0,2
22,14,2
15,16,2
19,3,1
23,14,2
18,11,2
37,15,3
33,19,0
8,2,2
27,6,2
18,1,0
1,6,0
8,4,1
38,19,3
16,2,1
41,18,3
41,9,3
36,7,0
12,19,3
19,14,1
42,4,1
39,8,3
7,3,3
11,14,2
24,3,1
32,8,3
14,7,1
11,6,1
33,6,1
18,16,3
23,18,3
32,11,0
9,17,3
38,13,1
5,10,2
35,5,0
33,9,0
2,5,0
4,15,0
22,6,1
11,11,0
17,7,3
27,10,2
