1,5,3
7,16,1
11,4,0
36,0,3
38,19,0
37,19,3
3,4,3
26,2,0
30,8,0
28,1,1
22,8,2
13,10,3
10,6,1
21,18,0
22,17,3
10,3,1
21,0,3
26,17,2
39,16,0
27,10,1
41,13,1
18,18,2
5,14,0
27,2,2
38,14,3
6,19,2
20,5,1
14,13,3
43,2,0
22,18,2
18,14,0
30,15,1
39,10,2
23,13,0
25,9,3
21,6,2
2,4,0
24,9,2
5,3,3
34,13,0
3,12,2
7,18,3
6,1,1
30,4,1
7,0,0
19,12,1
28,14,0
33,0,1
17,9,2
2,6,0
16,11,3
31,4,3
3,7,3
37,15,1
15,0,3
42,1,3
4,14,1
26,13,2
4,0,0
0,2,3
16,18,3
5,9,2
20,18,0
15,12,3
25,1,0
33,11,0
38,3,3
13,9,2
31,9,3
0,11,0
33,13,1
21,3,0
40,8,3
4,11,2
23,6,0
35,0,0
2,15,0
43,0,1
11,13,0
43,4,0
26,12,1
34,12,0
33,7,0
2,11,0
38,5,0
16,14,3
0,6,1
4,4,3
6,12,1
27,3,0
32,19,1
11,16,0
41,8,3
7,15,3
9,8,0
30,3,3
19,15,2
38,17,2
13,1,3
28,9,3
