28,1,2
16,8,3
35,4,3
24,0,2
5,11,2
32,5,3
5,3,2
12,3,0
4,12,2
39,8,0
15,13,2
21,16,3
2,11,0
34,8,2
16,14,0
21,6,0
31,4,3
35,18,3
5,19,3
34,0,3
19,12,0
18,10,3
17,5,1
3,12,3
35,5,2
4,5,1
37,2,3
20,17,2
1,10,1
17,16,0
22,1,3
29,12,3
1,7,3
25,3,3
29,0,2
1,19,2
13,10,2
20,15,1
31,7,1
0,13,1
34,17,1
1,9,0
37,13,2
9,10,0
40,6,0
12,9,3
31,15,0
20,3,0
11,1,3
21,4,0
32,7,2
24,2,2
21,7,3
28,14,3
15,6,0
16,11,1
5,6,2
38,9,2
32,14,3
0,3,2
25,9,2
16,18,3
32,6,1
0,9,3
4,0,2
0,1,2
33,15,0
11,12,0
34,13,2
13,14,1
25,10,0
15,4,1
37,6,1
34,5,2
22,5,3
27,19,3
6,17,0
22,13,3
12,17,0
26,8,3
6,11,0
12,4,2
8,18,3
15,17,3
42,4,2
29,1,1
27,5,1
11,9,0
9,0,2
30,9,3
34,6,0
29,13,0
8,8,0
4,14,1
8,0,1
13,6,1
42,15,2
35,0,2
29,19,1
30,16,1
