4,13,2
37,1,0
19,1,3
27,11,2
30,7,1
28,12,0
37,19,2
22,9,3
19,0,1
0,2,0
33,2,0
2,4,3
14,2,2
33,15,3
37,8,3
17,6,2
16,2,0
2,2,0
36,0,1
0,12,1
39,2,1
29,15,1
8,16,0
36,5,2
7,14,3
20,2,3
34,0,0
12,4,0
4,1,1
30,5,3
16,9,1
25,4,1
14,8,3
37,17,1
26,2,2
18,19,3
5,11,1
22,17,0
19,12,3
36,14,2
3,4,0
37,6,2
36,18,3
35,1,1
30,17,2
42,8,3
9,12,2
14,13,2
3,3,1
8,8,3
41,7,1
0,13,0
11,11,3
19,19,1
25,16,3
0,15,0
10,9,0
10,15,2
9,10,2
15,3,3
18,10,0
13,2,2
10,10,3
10,19,0
39,11,2
1,5,1
13,7,0
8,0,0
16,14,3
17,8,0
18,8,2
1,16,0
13,14,0
18,4,1
21,18,3
35,4,0
21,14,3
22,3,3
30,8,2
9,3,2
21,5,2
16,8,0
38,6,2
42,10,0
37,16,1
11,5,0
14,16,3
19,9,2
33,11,3
39,13,0
19,3,2
25,17,0
37,13,1
3,0,2
15,13,2
23,19,0
5,8,2
25,9,2
34,9,1
24,8,2
