10,8,0
11,12,2
32,0,2
0,9,3
33,0,2
23,12,0
14,13,0
26,15,3
30,7,2
1,7,0
11,6,2
14,8,1
23,7,2
22,9,3
17,3,1
36,0,0
19,12,2
33,6,2
20,19,0
35,9,0
30,13,0
7,2,1
16,10,2
43,15,0
8,17,3
21,4,3
17,0,0
1,12,2
1,9,1
3,3,0
32,9,0
27,7,1
23,2,2
18,3,1
22,11,3
2,8,3
15,12,0
1,0,3
33,19,1
20,1,2
43,5,2
13,8,3
4,11,1
3,10,3
22,2,1
27,16,2
9,13,1
33,14,0
5,18,1
14,6,0
22,1,2
15,5,2
33,9,0
2,13,0
20,8,2
23,0,3
21,14,2
34,4,2
9,7,2
5,7,0
7,1,0
20,6,3
14,3,0
33,3,2
4,3,2
29,0,1
27,1,2
36,19,1
35,12,0
27,5,1
18,2,0
10,2,0
30,16,2
26,10,2
40,7,0
31,0,0
37,13,3
20,15,0
24,14,3
32,17,0
18,18,1
29,11,0
3,1,1
28,17,0
13,0,0
35,17,0
3,16,1
36,8,3
11,7,2
3,6,0
2,11,1
23,8,2
15,16,3
3,17,0
4,14,2
37,2,1
26,0,3
22,16,2
6,8,1
14,19,3
