43,12,1
1,10,1
9,10,2
9,15,2
18,8,0
27,16,1
9,4,3
32,0,2
0,0,1
0,1,2
32,10,0
24,8,0
24,13,3
4,4,2
9,17,1
27,19,2
29,18,1
32,8,3
37,6,1
9,5,0
15,9,3
20,6,1
34,9,2
43,7,3
19,11,2
11,14,0
1,14,0
20,2,0
31,10,1
27,7,2
2,8,3
38,6,3
29,2,2
39,1,0
1,8,1
24,15,1
25,6,0
29,1,3
12,13,2
17,1,2
33,17,1
16,3,3
13,8,1
17,5,3
28,1,1
40,4,2
17,19,3
0,19,0
14,6,0
0,7,1
33,3,2
42,5,2
2,2,1
31,0,3
21,14,2
11,0,1
41,11,0
36,15,2
23,0,1
14,15,3
3,1,0
31,5,3
39,2,1
32,6,0
27,10,2
41,15,3
35,7,0
36,10,0
34,16,0
32,15,2
32,16,1
11,4,3
27,17,2
10,17,1
1,19,2
8,4,0
12,3,3
18,3,3
9,14,3
9,9,2
16,13,3
31,13,1
13,1,1
2,11,3
14,12,1
33,7,3
23,12,0
27,8,3
30,4,2
0,13,2
15,16,2
7,19,1
38,16,0
24,7,2
2,3,3
22,0,1
36,19,0
23,17,3
32,9,2
40,3,3
