30,0,3
6,12,1
43,0,1
5,9,0
4,0,2
24,12,3
19,2,0
3,8,1
30,15,2
24,1,1
26,0,1
32,9,2
40,16,1
31,15,0
12,5,1
24,3,0
7,0,3
21,8,2
19,7,1
23,11,1
2,3,3
39,13,3
8,8,1
37,17,0
8,6,3
42,9,3
11,0,2
37,1,0
32,5,3
28,11,3
10,1,3
1,17,2
5,10,1
13,0,2
13,6,1
34,15,3
6,11,3
28,5,0
10,15,2
17,6,1
42,1,3
10,7,0
19,0,3
24,10,0
35,3,0
36,9,1
37,2,0
21,17,0
10,13,0
29,15,3
22,16,1
0,12,3
21,7,2
10,6,2
38,10,1
5,16,3
22,14,1
6,15,2
0,11,1
7,5,3
25,2,3
4,18,3
35,15,0
39,14,1
10,14,3
0,5,2
3,1,2
23,18,1
35,5,1
30,8,3
20,8,1
2,9,1
15,10,0
40,5,3
29,13,3
4,6,0
12,4,2
31,10,0
23,13,2
0,0,1
38,18,2
7,6,1
38,6,3
13,12,1
31,11,1
12,11,0
5,6,1
36,6,3
21,4,3
15,5,1
43,8,3
19,13,2
22,0,1
9,5,1
36,12,2
15,18,1
30,16,0
8,14,0
15,9,0
13,19,2
