7,19,0
30,3,1
33,1,1
21,19,1
9,14,1
18,8,1
15,8,3
24,3,1
35,9,0
24,6,3
34,12,3
40,3,0
37,17,1
3,5,1
19,4,0
4,4,0
37,14,2
9,0,1
15,15,3
9,12,1
12,16,3
3,11,1
15,11,1
12,8,0
6,9,1
36,8,1
0,9,3
1,16,3
0,15,3
25,10,2
0,6,3
27,13,1
0,11,1
17,8,0
23,0,0
31,16,1
23,3,1
2,14,3
35,0,1
43,2,2
31,0,3
41,6,2
18,12,2
38,7,1
4,3,3
9,2,2
33,19,0
24,18,0
13,10,3
30,4,2
37,18,0
39,1,0
11,6,3
40,10,1
19,2,2
2,11,2
38,19,3
17,3,2
26,19,2
31,15,3
26,2,2
10,5,3
12,3,0
25,12,2
8,5,0
21,1,2
18,0,1
6,19,2
19,15,1
0,7,1
26,8,0
25,9,0
22,10,1
5,19,3
35,1,1
39,2,0
0,0,0
16,9,3
15,17,0
37,2,0
11,3,2
13,0,3
12,4,2
17,15,2
34,1,0
38,14,2
7,9,3
22,15,2
24,9,1
28,18,3
20,15,3
6,2,1
20,2,3
23,1,2
26,15,1
41,0,1
36,17,1
25,5,2
28,11,0
12,15,0
