18,14,2
23,4,3
10,16,1
42,15,1
34,5,2
35,4,3
22,10,0
5,6,1
7,7,2
25,13,2
20,0,1
34,13,2
9,17,1
32,3,0
23,7,1
37,0,0
35,17,2
15,0,2
39,7,1
29,18,1
29,13,0
7,17,0
3,16,0
36,7,0
37,15,2
14,8,3
36,9,0
38,8,0
19,16,3
32,10,0
4,19,0
37,13,2
35,3,0
8,14,0
8,11,2
5,1,0
31,5,1
25,4,0
9,0,2
42,18,2
25,9,0
15,11,0
39,16,3
8,2,2
25,15,2
27,17,1
1,0,2
0,9,2
28,15,2
13,4,2
22,9,3
23,11,1
0,5,1
21,6,3
25,7,0
22,11,0
30,19,3
35,11,1
3,18,3
19,5,3
10,0,1
0,7,0
35,1,3
6,12,0
7,13,0
24,2,0
24,12,3
0,0,0
15,17,0
0,12,0
37,2,1
16,5,0
39,1,1
15,7,1
10,8,2
13,10,0
14,9,3
21,11,2
2,7,3
26,18,3
37,17,0
14,19,0
29,3,0
4,10,3
7,10,1
36,14,1
0,4,0
29,12,0
27,5,0
28,9,1
12,0,0
18,0,3
16,6,0
0,14,2
36,13,0
41,0,2
4,9,0
31,1,1
14,10,3
20,16,1
