14,11,3
34,12,2
22,0,3
10,0,2
28,16,3
4,5,3
14,5,0
3,13,0
3,6,1
10,11,2
3,17,2
0,4,1
35,2,2
30,12,0
7,11,3
40,18,2
13,16,2
27,3,0
15,3,2
26,3,3
28,2,1
5,16,2
14,1,2
21,7,2
30,5,2
30,14,1
42,1,1
6,9,2
14,6,2
16,17,0
6,18,1
10,17,3
21,9,1
2,6,0
21,4,1
36,11,0
28,17,2
14,0,3
19,0,2
3,1,3
13,11,0
5,5,0
34,17,2
40,8,2
16,9,3
6,12,2
20,12,0
13,6,2
17,18,1
42,11,1
5,11,3
10,18,0
39,8,0
26,18,2
18,13,3
9,1,0
25,12,0
4,4,3
30,4,3
40,15,2
4,11,1
8,2,2
4,17,0
12,15,3
12,0,3
0,6,2
31,7,3
37,14,3
36,18,1
11,10,3
37,0,1
40,5,2
35,4,2
29,6,0
40,6,1
0,19,2
33,15,2
30,8,3
21,19,3
22,1,1
28,3,0
0,9,0
40,12,1
12,3,3
8,7,3
1,14,0
0,3,1
7,13,2
26,12,3
2,3,3
42,4,2
23,12,3
38,0,2
33,16,1
17,8,0
8,13,2
37,5,3
21,8,0
6,19,0
24,11,0
