25,0,1
7,8,3
13,5,1
29,12,2
10,11,1
28,15,0
40,0,1
7,2,1
8,18,3
38,3,3
38,5,3
6,10,0
28,4,2
35,6,2
30,0,2
19,4,2
2,0,1
35,2,0
21,2,0
6,2,3
19,13,3
20,17,0
17,14,2
15,10,3
8,5,3
3,7,0
40,17,2
16,9,2
5,5,2
34,15,1
0,10,0
0,17,2
6,14,3
13,1,0
22,17,1
32,8,2
40,13,0
12,12,0
10,4,0
31,9,1
14,6,2
42,8,1
1,10,0
17,12,1
3,10,1
30,2,1
10,18,2
29,6,2
37,19,1
23,1,0
21,5,1
29,15,1
7,0,3
11,14,0
34,11,3
35,10,3
23,10,3
3,4,0
40,5,1
0,11,1
16,5,1
12,6,1
9,7,1
28,10,3
34,13,0
39,5,2
36,18,1
1,13,1
20,16,2
28,1,2
41,8,0
40,12,1
39,9,2
7,11,0
9,3,2
17,3,1
35,11,1
32,18,0
35,4,3
1,16,3
16,11,0
11,9,1
24,16,0
23,5,1
22,4,0
11,7,1
16,16,1
39,16,0
15,17,3
30,16,2
15,0,3
28,11,0
31,1,1
2,14,2
34,4,0
5,6,3
10,12,3
38,17,0
11,10,2
28,14,0
