14,9,0
36,0,0
12,8,2
23,10,2
16,5,3
8,16,2
33,2,1
12,5,1
32,10,2
10,9,0
10,0,0
25,9,0
26,2,2
2,16,2
40,12,0
7,15,1
40,8,0
15,6,2
32,3,0
6,18,2
11,12,0
22,16,2
3,12,1
16,6,2
22,12,2
15,11,1
10,4,2
41,5,1
3,17,2
8,5,2
39,5,2
8,4,3
18,7,2
38,11,2
27,12,1
2,13,0
5,11,2
2,11,0
9,3,0
43,14,2
6,6,0
0,10,0
4,11,0
30,15,1
2,5,3
9,14,1
41,15,0
16,12,1
4,3,0
15,4,1
19,4,3
24,4,3
3,7,1
13,19,2
26,6,1
42,0,0
21,15,2
41,19,3
7,1,0
2,6,0
14,15,0
38,6,0
19,14,2
18,18,3
13,0,3
32,14,2
13,6,2
29,11,0
3,11,3
13,14,3
28,7,0
2,0,2
28,2,1
39,19,3
41,4,3
40,16,3
35,13,2
18,9,3
36,5,0
17,14,0
19,11,0
21,5,1
40,3,0
30,7,0
33,7,1
9,19,2
11,8,3
18,11,2
31,0,2
21,14,0
28,12,1
20,0,2
12,2,3
38,12,1
11,0,2
6,5,0
38,8,2
28,19,0
8,0,2
29,16,1
