27,15,3
0,13,1
14,11,3
1,9,1
0,14,2
0,10,1
31,7,3
10,13,3
29,16,3
6,19,0
3,11,3
26,1,1
18,12,2
35,14,3
21,11,1
22,3,2
33,2,2
23,19,3
33,5,2
32,14,2
29,17,3
35,13,3
41,9,1
28,10,3
25,6,0
22,16,0
27,10,1
12,2,0
35,4,2
20,0,2
16,7,1
2,0,1
13,1,1
14,8,0
38,2,3
9,8,1
14,13,0
30,16,3
16,14,1
21,14,0
10,9,3
34,6,2
9,12,2
36,10,1
24,7,0
35,7,1
10,1,0
30,5,2
17,16,2
30,2,2
6,9,3
14,16,3
27,12,0
5,14,1
23,5,2
38,13,1
13,3,3
16,5,2
18,3,2
14,12,2
38,10,1
11,13,0
11,0,3
25,5,3
38,19,0
6,17,1
9,5,1
32,9,2
15,8,1
0,16,1
5,6,0
20,11,3
7,18,2
19,19,2
3,19,2
26,6,0
11,19,1
25,14,0
7,11,0
37,3,3
0,6,1
9,14,2
8,4,3
30,1,1
39,0,3
3,5,1
34,0,3
5,4,1
27,8,3
6,4,3
23,0,3
35,15,3
4,19,3
7,9,3
17,4,1
4,12,0
9,13,2
19,11,1
12,12,3
6,0,0
