40,12,0
14,1,3
38,3,0
0,8,3
41,12,3
12,7,2
13,15,3
18,0,2
6,18,3
34,2,3
33,19,2
38,11,2
36,2,2
40,0,3
9,2,3
13,8,0
7,4,3
25,19,0
34,19,3
32,16,3
6,2,1
22,0,1
20,19,1
1,8,1
33,10,3
15,3,1
34,1,2
18,17,0
15,0,0
35,6,1
27,5,2
27,4,2
12,9,0
41,1,2
39,4,0
38,6,0
7,17,2
4,11,3
34,7,0
40,3,0
35,17,1
2,11,0
21,16,1
6,6,1
9,16,2
34,11,2
41,19,3
5,3,0
31,7,2
29,12,0
21,6,3
38,17,1
0,2,2
11,7,2
7,9,0
39,5,3
25,8,0
26,15,2
5,12,3
38,13,2
35,4,2
30,1,0
15,6,3
19,15,0
5,14,3
10,1,0
26,7,0
33,2,0
5,16,0
11,10,1
21,15,3
33,13,3
8,7,0
17,7,3
17,14,1
17,11,1
2,5,1
20,4,2
13,4,3
37,18,0
19,9,1
9,15,1
18,7,2
23,13,1
5,8,1
7,14,0
12,13,2
29,8,0
28,5,1
9,12,2
30,9,3
32,5,1
18,3,2
29,0,1
15,9,2
40,19,0
8,3,0
12,19,0
42,6,2
0,4,2
