17,7,1
42,17,3
31,18,3
24,8,2
36,2,0
38,17,3
33,17,0
9,10,2
6,0,3
3,9,3
22,15,2
14,4,1
5,14,2
36,12,3
24,17,0
34,14,1
30,14,2
10,14,1
31,16,3
34,6,3
2,15,0
33,4,3
21,10,2
12,19,2
36,15,2
8,17,1
40,7,0
14,1,2
6,13,2
11,13,0
5,19,1
15,18,0
1,1,0
36,3,0
6,6,0
2,9,0
4,3,0
8,7,2
16,14,2
27,7,3
13,16,1
23,6,0
12,3,0
31,11,1
39,5,0
25,14,1
37,8,2
11,9,1
23,15,0
0,17,1
32,5,0
13,10,1
25,1,3
42,10,3
27,5,1
12,9,0
21,19,0
38,3,3
37,0,0
4,6,0
9,16,2
38,9,3
8,3,0
36,5,1
3,18,0
7,16,0
26,18,1
13,11,0
28,16,1
23,0,3
11,5,1
5,1,3
0,3,1
23,7,3
38,16,3
13,3,1
22,16,1
36,0,1
22,11,3
11,0,1
1,5,0
15,11,1
12,14,2
0,2,1
21,14,3
3,11,1
12,6,0
6,2,0
29,16,3
8,4,1
0,10,1
40,6,1
18,4,1
13,2,3
9,0,2
3,4,3
20,2,2
5,7,1
25,3,3
20,12,3
