17,9,3
1,3,2
20,14,1
9,1,0
5,16,0
21,2,3
34,16,3
11,7,2
26,0,3
33,11,3
13,5,1
17,16,0
26,12,1
35,5,1
7,11,2
34,6,2
35,9,3
6,2,0
41,7,0
29,12,0
22,13,0
10,17,1
19,3,2
29,3,1
37,14,3
11,16,2
0,6,1
25,2,2
39,1,2
16,3,0
43,6,2
2,8,3
33,8,3
20,1,2
6,19,2
16,16,0
25,4,0
11,2,1
42,6,1
15,4,2
38,1,3
9,17,1
30,7,0
20,12,1
4,18,3
7,15,2
29,0,2
14,14,3
14,10,0
15,0,2
13,18,3
35,7,0
28,14,3
30,6,2
42,3,1
32,7,0
35,15,2
4,9,3
39,14,2
13,10,1
15,8,3
0,13,0
35,11,2
22,8,0
3,9,2
15,10,2
9,7,0
9,9,1
21,6,1
29,11,1
27,3,1
22,5,1
29,19,2
43,5,3
0,4,1
29,18,3
21,14,0
5,12,3
2,1,2
25,7,0
22,1,0
26,17,1
12,10,2
38,13,0
8,8,2
21,11,0
10,16,1
23,6,3
25,9,1
13,3,3
36,8,0
22,12,1
6,7,1
25,5,0
41,2,1
5,11,0
29,1,0
19,16,1
11,6,1
4,14,3
