8,5,3
5,11,2
30,8,1
23,0,3
1,3,1
1,8,0
4,0,1
4,7,3
11,4,1
21,0,3
39,9,2
11,8,2
35,9,0
23,18,0
19,6,3
9,12,2
8,6,1
3,13,1
25,9,2
10,13,0
9,14,3
29,17,0
42,3,1
32,0,0
37,4,3
10,17,0
7,7,2
33,11,1
38,4,3
32,17,1
34,5,3
6,13,2
1,0,2
18,10,3
1,18,0
3,5,0
24,6,2
37,8,1
21,18,0
7,15,2
29,6,1
23,13,3
36,2,3
32,16,0
16,5,1
11,3,2
27,7,2
6,0,2
32,4,3
19,11,2
8,3,3
26,6,0
10,1,1
24,19,2
21,11,1
39,4,1
0,13,2
34,16,2
0,9,0
41,2,3
11,17,1
1,5,0
19,1,2
15,0,2
32,2,0
10,8,2
30,1,1
25,4,1
29,10,3
0,1,2
34,13,2
40,12,2
7,0,1
9,7,0
40,7,0
14,5,0
4,14,2
20,19,0
25,10,1
40,0,0
15,10,1
3,1,2
22,16,2
43,7,3
30,15,3
12,2,3
1,19,0
16,3,3
14,19,3
29,13,2
28,13,2
19,7,0
17,1,0
16,2,2
40,19,0
24,0,2
24,5,0
27,2,2
20,12,2
10,10,2
