29,8,3
20,11,0
12,9,3
25,1,0
9,3,1
15,6,2
11,9,1
32,13,2
12,1,0
15,11,2
10,18,3
3,18,3
24,15,0
4,9,1
22,4,1
10,14,3
22,6,3
22,3,3
15,0,2
32,14,0
30,5,1
3,15,0
29,7,0
36,17,3
28,8,1
16,2,3
17,2,3
26,2,2
21,19,0
4,14,3
21,0,2
0,19,3
12,10,2
38,1,0
27,4,2
2,0,0
23,18,0
22,7,1
10,19,1
16,9,0
37,0,3
23,10,1
20,16,0
42,12,0
26,7,2
12,18,2
38,4,0
31,15,0
0,6,2
6,10,3
30,13,1
32,11,1
0,3,0
11,14,0
10,7,0
22,14,1
16,14,1
4,3,1
24,9,0
28,0,2
32,19,3
5,2,3
22,10,2
43,0,1
28,19,0
12,0,1
11,4,2
22,15,3
22,1,3
4,1,2
25,8,3
7,10,1
33,9,2
15,10,1
17,7,3
9,7,0
9,2,2
27,15,0
4,11,1
10,6,3
3,5,1
32,7,0
19,16,1
40,8,3
15,15,0
16,8,3
39,9,3
26,11,0
0,10,2
5,15,0
18,6,2
6,15,0
31,9,0
39,17,0
37,2,3
15,13,3
19,8,0
26,13,0
37,10,3
4,7,2
