2,14,2
31,2,0
22,5,1
21,6,3
16,14,1
28,18,3
32,7,0
25,13,1
26,13,1
4,17,2
21,16,0
33,9,2
4,5,1
0,14,0
4,0,2
36,1,0
12,0,1
3,13,2
9,15,0
31,0,3
8,3,0
35,14,0
9,11,2
37,9,3
16,12,2
13,7,3
23,9,1
38,12,0
25,3,1
0,17,3
10,16,0
12,5,2
1,0,2
39,19,0
10,9,1
18,3,0
18,8,3
39,17,1
11,15,2
26,15,0
38,14,0
4,16,2
35,0,1
17,10,1
23,6,3
15,9,2
29,16,0
13,2,1
22,16,2
23,0,0
9,6,1
28,4,0
0,2,2
1,19,2
4,7,3
18,6,3
4,19,3
11,1,2
33,5,2
16,2,1
22,14,2
39,18,1
30,1,3
14,18,3
15,12,0
39,13,3
1,3,3
30,17,1
19,4,3
20,0,3
24,5,3
3,6,1
27,12,3
43,0,0
38,8,2
27,6,1
32,8,3
0,4,2
20,19,0
11,14,2
33,10,0
6,11,2
18,1,3
15,1,1
22,7,1
39,6,0
12,15,3
34,0,1
15,8,0
27,4,1
24,19,1
39,15,0
28,14,0
41,7,1
5,4,0
42,0,1
22,1,0
13,16,1
4,8,0
22,8,1
