35,1,3
30,14,1
16,16,3
43,9,1
25,11,2
15,4,1
36,5,2
7,11,3
22,6,2
0,11,0
9,16,3
29,1,3
29,5,1
31,8,1
22,12,3
14,2,3
0,16,0
10,5,0
6,3,0
8,15,2
12,16,1
36,6,0
35,13,2
5,2,2
24,13,0
29,18,3
37,7,3
41,9,3
34,6,0
2,2,0
39,13,2
15,0,1
1,19,0
24,2,0
1,5,0
24,16,3
30,10,2
25,6,0
0,0,3
26,1,2
13,7,3
10,11,3
15,9,0
20,8,3
43,15,3
19,5,1
38,10,1
28,3,2
33,16,1
17,18,0
34,10,2
25,16,1
25,8,0
36,14,2
39,12,1
25,13,1
20,6,0
20,9,1
32,18,1
7,1,0
10,6,0
15,6,2
21,5,0
26,14,1
5,4,3
5,7,2
4,13,0
15,8,1
5,9,0
36,2,1
0,13,2
2,6,2
32,8,1
19,19,3
16,3,2
10,17,3
33,9,2
14,6,2
31,18,0
42,12,3
36,0,0
0,9,3
19,14,1
9,5,3
27,5,0
34,17,3
8,0,2
22,10,0
17,1,2
1,3,0
8,12,2
35,0,2
8,18,0
36,4,0
43,19,0
23,0,3
32,0,3
27,2,2
15,16,1
8,19,2
