19,0,1
26,6,1
23,3,1
17,7,2
25,1,0
23,2,3
31,13,0
11,13,3
0,5,0
36,3,2
20,1,1
8,15,0
5,2,2
37,0,3
38,6,3
26,16,3
6,9,1
39,11,1
39,18,3
35,17,1
40,4,3
26,9,3
4,10,3
26,11,2
27,18,2
26,0,1
24,6,2
12,4,0
34,2,0
16,1,2
42,19,1
16,2,1
9,2,3
1,1,0
4,3,2
13,10,2
8,6,3
5,17,0
33,4,2
11,3,2
20,10,1
22,18,0
39,8,1
17,2,2
36,10,2
27,10,2
31,1,2
32,5,2
19,17,1
10,15,1
32,3,2
23,8,3
28,12,3
16,19,3
25,12,2
35,14,2
19,13,0
39,7,2
11,18,3
8,19,2
4,6,1
36,2,3
19,1,2
15,1,1
1,15,1
6,12,0
12,15,0
22,6,3
42,11,2
27,17,2
10,1,2
17,16,0
16,18,2
36,19,3
40,3,1
3,7,0
19,19,1
15,18,0
36,16,0
6,1,1
19,5,0
30,3,1
24,2,3
1,6,2
0,17,1
32,16,1
39,12,0
38,1,3
23,4,2
40,16,1
8,2,1
32,4,2
12,8,1
23,13,2
5,5,1
31,9,0
31,0,0
34,5,1
34,9,0
11,10,0
