37,4,2
21,15,0
40,17,1
19,8,0
29,13,3
40,19,3
17,9,1
41,2,0
30,2,3
19,7,0
19,14,0
29,14,3
13,3,0
40,10,0
40,0,1
35,6,3
24,11,2
0,9,2
12,6,2
21,6,1
14,2,2
27,18,3
38,12,0
0,5,2
12,13,1
29,5,3
18,15,3
8,8,0
19,4,3
41,6,0
18,1,3
17,14,1
6,1,1
24,5,1
31,14,0
19,11,1
10,13,3
41,8,2
38,5,2
27,1,2
6,9,0
20,6,3
8,12,3
30,15,1
17,0,0
16,15,3
6,4,0
38,4,3
40,18,1
5,10,3
11,13,1
26,13,0
33,2,3
36,4,0
6,15,3
14,7,3
39,16,1
29,9,1
25,12,2
25,13,1
8,15,3
31,5,2
31,8,2
11,1,1
27,7,1
40,13,2
13,12,2
15,4,1
0,0,2
24,0,1
10,3,3
2,12,0
29,7,2
34,19,3
29,19,2
26,0,1
36,3,1
31,12,3
0,15,2
13,10,3
34,3,2
24,4,3
3,13,1
14,10,1
18,6,0
21,5,3
1,9,0
19,0,1
31,15,2
1,7,3
4,13,3
18,17,3
3,14,0
30,4,1
11,11,0
35,13,1
34,1,2
5,0,2
43,18,1
20,14,2
