28,0,3
40,9,1
4,0,1
38,1,2
12,10,1
14,16,0
16,15,0
16,11,1
20,0,3
0,8,0
9,13,2
25,6,0
42,2,2
40,8,1
25,1,1
21,19,2
35,9,2
30,14,2
30,4,2
10,5,3
24,1,3
30,10,0
40,4,1
4,11,3
8,0,1
18,3,2
36,7,3
1,6,1
18,9,0
3,19,0
27,9,1
30,19,0
19,4,1
6,15,2
18,11,3
17,1,0
5,1,3
27,2,2
15,6,2
30,9,0
12,7,1
0,16,3
34,9,2
28,1,2
6,13,0
12,12,1
22,10,2
33,12,0
1,16,3
34,2,2
32,5,1
2,12,0
15,10,1
29,15,0
37,2,3
14,12,2
8,13,0
10,3,2
28,18,2
24,4,1
14,3,3
16,7,2
27,18,0
21,5,3
3,14,2
2,3,1
32,11,2
22,6,3
6,11,2
0,0,0
15,5,2
15,16,3
4,2,0
29,14,3
43,4,0
36,18,2
22,16,2
39,16,0
10,15,1
24,17,3
2,5,3
43,2,2
6,7,0
6,1,0
27,11,3
17,6,0
8,18,0
23,4,1
27,13,2
20,2,0
9,2,1
34,5,1
1,1,2
19,10,2
5,16,3
41,18,1
30,17,0
33,16,3
37,14,3
9,6,1
