18,17,1
21,4,1
24,9,3
34,1,0
15,1,2
39,2,3
21,14,1
30,17,2
23,1,3
1,2,1
23,0,3
28,8,1
2,12,3
27,4,0
0,1,3
27,14,2
3,1,1
5,3,3
17,10,3
28,11,0
5,12,2
12,5,1
30,19,1
16,15,3
21,6,1
3,18,3
14,19,0
0,9,2
1,6,3
37,6,1
8,0,2
26,1,1
24,8,2
28,2,1
26,7,2
14,13,0
34,7,2
28,0,3
3,6,3
27,10,3
1,13,0
31,19,1
0,3,1
9,0,2
27,15,1
36,10,1
10,7,0
33,16,2
22,13,2
15,10,3
38,16,0
10,2,1
30,4,3
8,18,2
31,8,1
5,14,1
3,19,3
6,5,0
9,9,1
1,7,2
20,18,3
26,11,2
4,0,1
34,5,2
21,2,2
18,14,3
3,8,1
18,11,1
11,0,2
21,19,1
29,12,3
32,10,2
36,13,2
34,11,0
13,3,2
20,4,3
31,3,1
39,4,1
25,16,0
30,15,0
13,10,2
28,7,0
14,18,1
13,9,2
14,16,3
26,17,2
0,4,3
32,2,0
40,0,0
24,18,2
35,10,2
22,5,2
17,11,1
36,17,1
17,15,3
4,13,3
10,8,2
9,18,3
22,6,0
13,14,3
