-25.0
-22.933333333333334
-21.7
-20.866666666666667
-20.233333333333334
-19.733333333333334
-19.433333333333334
-19.166666666666668
-18.933333333333334
-18.733333333333334
-18.533333333333335
-18.333333333333332
-18.266666666666666
-18.066666666666666
-17.966666666666665
-17.833333333333332
-17.8
-17.733333333333334
-17.733333333333334
-17.7
-17.666666666666668
-17.6
-17.633333333333333
-17.533333333333335
-17.5
-17.433333333333334
-17.433333333333334
-17.366666666666667
-17.366666666666667
-17.366666666666667
-17.366666666666667
-17.333333333333332
-17.266666666666666
-17.266666666666666
-17.3
-17.233333333333334
-17.2
-17.166666666666668
-17.2
-17.166666666666668
-17.166666666666668
-17.2
-17.166666666666668
-17.1
-17.1
-17.1
-17.133333333333333
-17.1
-17.133333333333333
-17.1
-17.1
-17.066666666666666
-17.1
-17.066666666666666
-17.1
-17.066666666666666
-17.066666666666666
-17.066666666666666
-17.1
-17.066666666666666
-17.066666666666666
-17.066666666666666
-17.066666666666666
-17.066666666666666
-17.033333333333335
-17.066666666666666
-17.0
-17.0
-17.033333333333335
-17.0
-17.0
-17.033333333333335
-17.0
-17.0
-16.966666666666665
-16.933333333333334
-16.9
-16.866666666666667
-16.866666666666667
-16.833333333333332
-16.833333333333332
-16.833333333333332
-16.833333333333332
-16.833333333333332
-16.833333333333332
-16.833333333333332
-16.833333333333332
-16.833333333333332
-16.833333333333332
-16.833333333333332
-16.833333333333332
-16.833333333333332
-16.8
-16.8
-16.8
-16.8
-16.8
-16.833333333333332
-16.8
-16.8
-16.8
-16.8
-16.8
-16.8
-16.766666666666666
-16.8
-16.766666666666666
-16.766666666666666
-16.766666666666666
-16.766666666666666
-16.766666666666666
-16.766666666666666
-16.766666666666666
-16.766666666666666
-16.733333333333334
-16.8
-16.766666666666666
-16.766666666666666
-16.733333333333334
-16.733333333333334
-16.733333333333334
-16.733333333333334
-16.733333333333334
-16.666666666666668
-16.7
-16.666666666666668
-16.666666666666668
-16.7
-16.666666666666668
-16.666666666666668
-16.633333333333333
-16.633333333333333
-16.633333333333333
-16.666666666666668
-16.633333333333333
-16.633333333333333
-16.633333333333333
-16.633333333333333
-16.633333333333333
-16.6
-16.566666666666666
-16.566666666666666
-16.566666666666666
-16.566666666666666
-16.566666666666666
-16.566666666666666
-16.566666666666666
-16.566666666666666
-16.566666666666666
-16.566666666666666
-16.566666666666666
-16.566666666666666
-16.566666666666666
-16.566666666666666
-16.566666666666666
-16.566666666666666
-16.566666666666666
-16.566666666666666
-16.566666666666666
-16.566666666666666
-16.566666666666666
-16.566666666666666
-16.566666666666666
-16.566666666666666
-16.566666666666666
-16.566666666666666
-16.533333333333335
-16.533333333333335
-16.533333333333335
-16.533333333333335
-16.533333333333335
-16.533333333333335
-16.533333333333335
-16.533333333333335
-16.533333333333335
-16.533333333333335
-16.533333333333335
-16.533333333333335
-16.533333333333335
-16.533333333333335
-16.533333333333335
-16.533333333333335
-16.533333333333335
-16.533333333333335
-16.533333333333335
-16.533333333333335
-16.533333333333335
-16.533333333333335
-16.533333333333335
-16.533333333333335
-16.533333333333335
-16.533333333333335
-16.533333333333335
-16.533333333333335
-16.533333333333335
-16.533333333333335
-16.533333333333335
-16.533333333333335
-16.533333333333335
