-17.0
-17.1
-17.266666666666666
-17.266666666666666
-17.433333333333334
-17.5
-17.5
-17.733333333333334
-17.833333333333332
-17.9
-17.966666666666665
-18.033333333333335
-17.966666666666665
-18.0
-17.933333333333334
-18.066666666666666
-18.166666666666668
-18.133333333333333
-18.133333333333333
-18.233333333333334
-18.233333333333334
-18.333333333333332
-18.333333333333332
-18.433333333333334
-18.5
-18.466666666666665
-18.4
-18.233333333333334
-18.133333333333333
-18.2
-18.166666666666668
-18.166666666666668
-18.2
-18.2
-18.133333333333333
-18.0
-18.0
-18.1
-18.1
-18.2
-18.033333333333335
-18.033333333333335
-18.133333333333333
-18.033333333333335
-18.2
-18.1
-18.266666666666666
-18.1
-17.933333333333334
-18.1
-18.233333333333334
-18.2
-18.166666666666668
-18.166666666666668
-18.133333333333333
-18.066666666666666
-18.133333333333333
-18.166666666666668
-18.2
-18.166666666666668
-18.166666666666668
-18.166666666666668
-18.166666666666668
-18.233333333333334
-18.166666666666668
-18.166666666666668
-18.2
-18.3
-18.233333333333334
-18.166666666666668
-18.266666666666666
-18.4
-18.4
-18.366666666666667
-18.5
-18.366666666666667
-18.433333333333334
-18.366666666666667
-18.2
-18.3
-18.433333333333334
-18.333333333333332
-18.3
-18.466666666666665
-18.3
-18.466666666666665
-18.333333333333332
-18.4
-18.533333333333335
-18.366666666666667
-18.366666666666667
-18.333333333333332
-18.3
-18.333333333333332
-18.366666666666667
-18.4
-18.366666666666667
-18.133333333333333
-18.3
-18.433333333333334
-18.3
-18.3
-18.233333333333334
-18.1
-18.233333333333334
-18.266666666666666
-18.166666666666668
-18.166666666666668
-18.233333333333334
-18.166666666666668
-18.133333333333333
-18.133333333333333
-18.166666666666668
-18.166666666666668
-18.1
-18.2
-18.233333333333334
-18.133333333333333
-18.333333333333332
-18.033333333333335
-18.166666666666668
-17.966666666666665
-18.0
-18.1
-18.1
-18.1
-18.133333333333333
-18.2
-18.166666666666668
-18.066666666666666
-18.266666666666666
-18.133333333333333
-18.2
-18.066666666666666
-18.266666666666666
-18.166666666666668
-18.2
-18.133333333333333
-18.233333333333334
-18.2
-18.133333333333333
-18.2
-18.1
-18.033333333333335
-18.1
-18.166666666666668
-18.133333333333333
-18.1
-18.133333333333333
-18.133333333333333
-18.266666666666666
-18.133333333333333
-18.1
-18.166666666666668
-18.2
-18.166666666666668
-18.2
-18.1
-18.2
-18.133333333333333
-18.133333333333333
-18.133333333333333
-18.066666666666666
-18.0
-18.1
-18.066666666666666
-18.133333333333333
-18.033333333333335
-18.0
-18.166666666666668
-18.133333333333333
-18.066666666666666
-18.066666666666666
-18.1
-18.2
-18.133333333333333
-18.1
-18.066666666666666
-18.2
-18.133333333333333
-18.2
-18.133333333333333
-18.033333333333335
-18.233333333333334
-18.166666666666668
-18.233333333333334
-18.233333333333334
-18.133333333333333
-18.166666666666668
-18.2
-18.3
-18.166666666666668
-18.166666666666668
-18.2
-18.233333333333334
-18.366666666666667
-18.2
-18.233333333333334
-18.233333333333334
