-17.0
-16.833333333333332
-16.6
-16.133333333333333
-15.566666666666666
-15.1
-14.733333333333333
-14.5
-14.3
-14.166666666666666
-14.166666666666666
-14.166666666666666
-14.166666666666666
-14.1
-13.966666666666667
-13.9
-13.833333333333334
-13.7
-13.733333333333333
-13.766666666666667
-13.7
-13.766666666666667
-13.633333333333333
-13.6
-13.666666666666666
-13.6
-13.6
-13.6
-13.6
-13.566666666666666
-13.6
-13.533333333333333
-13.533333333333333
-13.466666666666667
-13.533333333333333
-13.433333333333334
-13.433333333333334
-13.5
-13.5
-13.5
-13.666666666666666
-13.466666666666667
-13.366666666666667
-13.533333333333333
-13.6
-13.4
-13.433333333333334
-13.466666666666667
-13.533333333333333
-13.366666666666667
-13.366666666666667
-13.4
-13.333333333333334
-13.4
-13.366666666666667
-13.433333333333334
-13.266666666666667
-13.1
-13.166666666666666
-13.333333333333334
-13.3
-13.166666666666666
-13.266666666666667
-13.3
-13.3
-13.266666666666667
-13.166666666666666
-13.166666666666666
-13.133333333333333
-13.2
-13.133333333333333
-13.166666666666666
-13.2
-13.166666666666666
-13.166666666666666
-13.133333333333333
-13.133333333333333
-13.133333333333333
-13.033333333333333
-13.133333333333333
-13.1
-13.1
-13.1
-13.066666666666666
-13.1
-13.1
-13.066666666666666
-13.0
-13.066666666666666
-13.1
-13.1
-13.033333333333333
-13.033333333333333
-13.066666666666666
-13.066666666666666
-13.066666666666666
-13.066666666666666
-13.0
-13.033333333333333
-13.0
-13.033333333333333
-13.033333333333333
-13.033333333333333
-13.0
-13.033333333333333
-13.0
-13.0
-13.0
-13.033333333333333
-13.0
-13.0
-13.0
-13.0
-13.0
-13.0
-13.0
-13.0
-13.0
-13.0
-13.0
-13.0
-13.0
-13.0
-13.033333333333333
-13.0
-13.0
-13.0
-13.0
-13.0
-13.033333333333333
-13.033333333333333
-13.033333333333333
-13.0
-13.0
-13.0
-13.033333333333333
-13.0
-13.0
-13.0
-13.033333333333333
-13.0
-13.033333333333333
-13.033333333333333
-13.033333333333333
-13.0
-13.033333333333333
-13.033333333333333
-13.033333333333333
-13.0
-13.0
-13.033333333333333
-13.0
-13.0
-13.0
-13.0
-13.033333333333333
-13.0
-13.033333333333333
-13.0
-13.033333333333333
-13.0
-13.0
-13.0
-13.0
-13.0
-13.033333333333333
-13.0
-13.033333333333333
-13.0
-13.0
-13.0
-13.033333333333333
-13.0
-13.0
-13.033333333333333
-13.0
-13.0
-13.0
-13.033333333333333
-13.0
-13.0
-13.033333333333333
-13.0
-13.0
-13.033333333333333
-13.033333333333333
-13.0
-13.0
-13.033333333333333
-13.0
-13.0
-13.0
-13.0
-13.0
-13.0
-13.0
-13.0
-13.0
-13.0
