-17.0
-16.833333333333332
-16.666666666666668
-16.2
-15.8
-15.233333333333333
-14.833333333333334
-14.433333333333334
-14.333333333333334
-14.2
-14.166666666666666
-14.133333333333333
-14.166666666666666
-14.133333333333333
-14.1
-14.033333333333333
-13.966666666666667
-13.933333333333334
-13.8
-13.733333333333333
-13.666666666666666
-13.666666666666666
-13.633333333333333
-13.633333333333333
-13.633333333333333
-13.6
-13.633333333333333
-13.6
-13.633333333333333
-13.633333333333333
-13.5
-13.5
-13.466666666666667
-13.6
-13.466666666666667
-13.566666666666666
-13.466666666666667
-13.466666666666667
-13.566666666666666
-13.6
-13.433333333333334
-13.633333333333333
-13.533333333333333
-13.533333333333333
-13.366666666666667
-13.533333333333333
-13.4
-13.333333333333334
-13.433333333333334
-13.333333333333334
-13.333333333333334
-13.333333333333334
-13.333333333333334
-13.4
-13.333333333333334
-13.366666666666667
-13.266666666666667
-13.233333333333333
-13.2
-13.133333333333333
-13.133333333333333
-13.2
-13.133333333333333
-13.133333333333333
-13.166666666666666
-13.166666666666666
-13.2
-13.133333333333333
-13.2
-13.2
-13.1
-13.133333333333333
-13.233333333333333
-13.1
-13.1
-13.233333333333333
-13.066666666666666
-13.066666666666666
-13.1
-13.1
-13.066666666666666
-13.166666666666666
-13.066666666666666
-12.966666666666667
-13.033333333333333
-13.033333333333333
-13.0
-13.033333333333333
-13.066666666666666
-13.066666666666666
-13.066666666666666
-13.066666666666666
-13.0
-13.033333333333333
-13.0
-13.0
-12.933333333333334
-13.0
-12.966666666666667
-12.966666666666667
-13.0
-12.933333333333334
-13.0
-12.933333333333334
-12.966666666666667
-13.0
-13.0
-13.033333333333333
-13.0
-13.0
-12.933333333333334
-13.0
-12.966666666666667
-12.966666666666667
-13.033333333333333
-13.0
-12.966666666666667
-13.0
-12.933333333333334
-12.933333333333334
-13.0
-12.933333333333334
-13.0
-13.0
-13.0
-13.0
-13.0
-12.966666666666667
-12.933333333333334
-12.966666666666667
-12.933333333333334
-12.966666666666667
-12.966666666666667
-12.966666666666667
-12.966666666666667
-12.966666666666667
-12.966666666666667
-12.966666666666667
-12.933333333333334
-12.933333333333334
-12.966666666666667
-12.933333333333334
-12.933333333333334
-12.933333333333334
-12.933333333333334
-12.966666666666667
-12.966666666666667
-12.933333333333334
-12.933333333333334
-12.933333333333334
-12.933333333333334
-12.933333333333334
-12.933333333333334
-12.933333333333334
-12.933333333333334
-12.933333333333334
-12.933333333333334
-12.933333333333334
-12.933333333333334
-12.933333333333334
-12.933333333333334
-12.933333333333334
-12.933333333333334
-12.933333333333334
-12.933333333333334
-12.933333333333334
-12.933333333333334
-12.933333333333334
-12.933333333333334
-12.933333333333334
-12.933333333333334
-12.933333333333334
-12.933333333333334
-12.933333333333334
-12.933333333333334
-12.933333333333334
-12.933333333333334
-12.933333333333334
-12.933333333333334
-12.933333333333334
-12.933333333333334
-12.933333333333334
-12.933333333333334
-12.933333333333334
-12.933333333333334
-12.966666666666667
-12.933333333333334
-12.933333333333334
-12.966666666666667
-12.933333333333334
-12.933333333333334
-12.933333333333334
-12.933333333333334
-12.966666666666667
-12.966666666666667
-12.966666666666667
-12.933333333333334
-12.933333333333334
-12.933333333333334
