-17.0
-17.066666666666666
-17.133333333333333
-17.266666666666666
-17.4
-17.3
-17.333333333333332
-17.533333333333335
-17.566666666666666
-17.766666666666666
-17.733333333333334
-17.733333333333334
-17.733333333333334
-17.766666666666666
-17.866666666666667
-17.933333333333334
-18.0
-17.933333333333334
-17.933333333333334
-18.033333333333335
-18.066666666666666
-18.1
-18.133333333333333
-18.266666666666666
-18.366666666666667
-18.5
-18.466666666666665
-18.533333333333335
-18.5
-18.533333333333335
-18.433333333333334
-18.566666666666666
-18.7
-18.5
-18.533333333333335
-18.466666666666665
-18.366666666666667
-18.433333333333334
-18.433333333333334
-18.433333333333334
-18.4
-18.4
-18.333333333333332
-18.4
-18.433333333333334
-18.433333333333334
-18.4
-18.333333333333332
-18.333333333333332
-18.433333333333334
-18.366666666666667
-18.333333333333332
-18.266666666666666
-18.366666666666667
-18.333333333333332
-18.433333333333334
-18.266666666666666
-18.2
-18.266666666666666
-18.266666666666666
-18.3
-18.233333333333334
-18.366666666666667
-18.433333333333334
-18.433333333333334
-18.366666666666667
-18.266666666666666
-18.233333333333334
-18.333333333333332
-18.2
-18.366666666666667
-18.3
-18.433333333333334
-18.5
-18.4
-18.433333333333334
-18.3
-18.366666666666667
-18.266666666666666
-18.466666666666665
-18.5
-18.6
-18.533333333333335
-18.666666666666668
-18.566666666666666
-18.533333333333335
-18.666666666666668
-18.633333333333333
-18.533333333333335
-18.733333333333334
-18.8
-18.7
-18.666666666666668
-18.666666666666668
-18.633333333333333
-18.6
-18.6
-18.566666666666666
-18.6
-18.6
-18.7
-18.766666666666666
-18.666666666666668
-18.566666666666666
-18.5
-18.666666666666668
-18.666666666666668
-18.566666666666666
-18.5
-18.566666666666666
-18.666666666666668
-18.533333333333335
-18.566666666666666
-18.466666666666665
-18.566666666666666
-18.666666666666668
-18.666666666666668
-18.733333333333334
-18.566666666666666
-18.433333333333334
-18.633333333333333
-18.533333333333335
-18.6
-18.666666666666668
-18.633333333333333
-18.633333333333333
-18.633333333333333
-18.566666666666666
-18.6
-18.566666666666666
-18.533333333333335
-18.7
-18.633333333333333
-18.666666666666668
-18.666666666666668
-18.633333333333333
-18.566666666666666
-18.6
-18.566666666666666
-18.766666666666666
-18.7
-18.566666666666666
-18.5
-18.5
-18.666666666666668
-18.533333333333335
-18.566666666666666
-18.566666666666666
-18.6
-18.466666666666665
-18.633333333333333
-18.7
-18.6
-18.633333333333333
-18.533333333333335
-18.5
-18.466666666666665
-18.466666666666665
-18.466666666666665
-18.566666666666666
-18.633333333333333
-18.4
-18.4
-18.566666666666666
-18.566666666666666
-18.466666666666665
-18.6
-18.5
-18.4
-18.433333333333334
-18.333333333333332
-18.4
-18.366666666666667
-18.466666666666665
-18.4
-18.5
-18.433333333333334
-18.466666666666665
-18.366666666666667
-18.466666666666665
-18.433333333333334
-18.533333333333335
-18.333333333333332
-18.366666666666667
-18.466666666666665
-18.333333333333332
-18.466666666666665
-18.533333333333335
-18.466666666666665
-18.533333333333335
-18.5
-18.433333333333334
-18.533333333333335
-18.566666666666666
-18.633333333333333
-18.5
-18.5
-18.566666666666666
-18.366666666666667
