-17.0
-16.8
-16.6
-16.3
-15.766666666666667
-15.4
-15.033333333333333
-14.666666666666666
-14.466666666666667
-14.266666666666667
-14.166666666666666
-14.1
-14.066666666666666
-14.033333333333333
-14.033333333333333
-14.0
-13.966666666666667
-13.966666666666667
-13.966666666666667
-13.966666666666667
-13.933333333333334
-13.8
-13.766666666666667
-13.7
-13.7
-13.666666666666666
-13.7
-13.666666666666666
-13.466666666666667
-13.533333333333333
-13.5
-13.3
-13.3
-13.366666666666667
-13.3
-13.233333333333333
-13.366666666666667
-13.166666666666666
-13.233333333333333
-13.3
-13.266666666666667
-13.233333333333333
-13.2
-13.233333333333333
-13.233333333333333
-13.333333333333334
-13.266666666666667
-13.3
-13.166666666666666
-13.266666666666667
-13.133333333333333
-13.333333333333334
-13.4
-13.3
-13.466666666666667
-13.4
-13.333333333333334
-13.3
-13.266666666666667
-13.2
-13.1
-13.3
-13.133333333333333
-13.233333333333333
-13.233333333333333
-13.166666666666666
-13.1
-13.366666666666667
-13.133333333333333
-13.233333333333333
-13.166666666666666
-13.266666666666667
-13.166666666666666
-13.2
-13.2
-13.266666666666667
-13.033333333333333
-12.966666666666667
-13.1
-13.1
-13.0
-13.0
-13.066666666666666
-12.933333333333334
-12.933333333333334
-12.9
-13.033333333333333
-12.933333333333334
-12.933333333333334
-13.0
-12.966666666666667
-12.866666666666667
-12.966666666666667
-12.9
-12.833333333333334
-12.933333333333334
-12.833333333333334
-12.833333333333334
-12.866666666666667
-12.8
-12.833333333333334
-12.833333333333334
-12.833333333333334
-12.8
-12.766666666666667
-12.8
-12.8
-12.766666666666667
-12.833333333333334
-12.733333333333333
-12.8
-12.8
-12.733333333333333
-12.766666666666667
-12.766666666666667
-12.8
-12.766666666666667
-12.766666666666667
-12.8
-12.766666666666667
-12.8
-12.766666666666667
-12.766666666666667
-12.733333333333333
-12.766666666666667
-12.733333333333333
-12.733333333333333
-12.766666666666667
-12.8
-12.8
-12.8
-12.833333333333334
-12.766666666666667
-12.8
-12.733333333333333
-12.8
-12.766666666666667
-12.766666666666667
-12.766666666666667
-12.733333333333333
-12.766666666666667
-12.733333333333333
-12.733333333333333
-12.766666666666667
-12.766666666666667
-12.733333333333333
-12.733333333333333
-12.766666666666667
-12.733333333333333
-12.766666666666667
-12.733333333333333
-12.766666666666667
-12.766666666666667
-12.733333333333333
-12.766666666666667
-12.733333333333333
-12.733333333333333
-12.766666666666667
-12.733333333333333
-12.733333333333333
-12.766666666666667
-12.766666666666667
-12.766666666666667
-12.766666666666667
-12.733333333333333
-12.766666666666667
-12.766666666666667
-12.766666666666667
-12.733333333333333
-12.733333333333333
-12.733333333333333
-12.733333333333333
-12.733333333333333
-12.733333333333333
-12.733333333333333
-12.733333333333333
-12.733333333333333
-12.733333333333333
-12.733333333333333
-12.733333333333333
-12.733333333333333
-12.733333333333333
-12.733333333333333
-12.733333333333333
-12.733333333333333
-12.733333333333333
-12.733333333333333
-12.733333333333333
-12.733333333333333
-12.733333333333333
-12.733333333333333
-12.8
-12.8
-12.733333333333333
-12.733333333333333
-12.8
-12.8
-12.766666666666667
-12.766666666666667
