-17.0
-16.766666666666666
-16.466666666666665
-15.966666666666667
-15.533333333333333
-15.166666666666666
-14.766666666666667
-14.433333333333334
-14.266666666666667
-14.066666666666666
-14.1
-14.0
-14.0
-14.0
-13.966666666666667
-13.966666666666667
-13.966666666666667
-13.966666666666667
-13.9
-13.9
-13.9
-13.866666666666667
-13.866666666666667
-13.766666666666667
-13.766666666666667
-13.7
-13.633333333333333
-13.5
-13.466666666666667
-13.466666666666667
-13.466666666666667
-13.433333333333334
-13.366666666666667
-13.333333333333334
-13.266666666666667
-13.3
-13.3
-13.266666666666667
-13.166666666666666
-13.2
-13.2
-13.133333333333333
-13.133333333333333
-13.3
-13.133333333333333
-13.133333333333333
-13.1
-13.133333333333333
-13.133333333333333
-13.166666666666666
-13.3
-13.133333333333333
-13.133333333333333
-13.2
-13.0
-13.033333333333333
-13.2
-13.233333333333333
-13.2
-13.133333333333333
-13.066666666666666
-13.133333333333333
-13.033333333333333
-13.133333333333333
-13.133333333333333
-13.066666666666666
-13.133333333333333
-13.1
-12.933333333333334
-13.1
-13.066666666666666
-13.033333333333333
-12.966666666666667
-13.033333333333333
-13.066666666666666
-12.933333333333334
-13.0
-12.933333333333334
-12.9
-12.866666666666667
-12.866666666666667
-12.833333333333334
-12.866666666666667
-12.866666666666667
-12.9
-12.8
-12.833333333333334
-12.9
-12.9
-12.833333333333334
-12.8
-12.766666666666667
-12.8
-12.833333333333334
-12.733333333333333
-12.766666666666667
-12.733333333333333
-12.766666666666667
-12.733333333333333
-12.733333333333333
-12.666666666666666
-12.733333333333333
-12.733333333333333
-12.7
-12.7
-12.666666666666666
-12.733333333333333
-12.7
-12.7
-12.733333333333333
-12.7
-12.733333333333333
-12.733333333333333
-12.733333333333333
-12.733333333333333
-12.7
-12.666666666666666
-12.733333333333333
-12.666666666666666
-12.666666666666666
-12.7
-12.7
-12.733333333333333
-12.7
-12.733333333333333
-12.733333333333333
-12.733333333333333
-12.733333333333333
-12.666666666666666
-12.7
-12.7
-12.7
-12.666666666666666
-12.7
-12.7
-12.7
-12.666666666666666
-12.7
-12.666666666666666
-12.666666666666666
-12.666666666666666
-12.666666666666666
-12.666666666666666
-12.666666666666666
-12.666666666666666
-12.666666666666666
-12.666666666666666
-12.666666666666666
-12.666666666666666
-12.666666666666666
-12.666666666666666
-12.633333333333333
-12.666666666666666
-12.666666666666666
-12.666666666666666
-12.666666666666666
-12.633333333333333
-12.633333333333333
-12.633333333333333
-12.666666666666666
-12.633333333333333
-12.666666666666666
-12.666666666666666
-12.666666666666666
-12.666666666666666
-12.666666666666666
-12.633333333333333
-12.666666666666666
-12.666666666666666
-12.666666666666666
-12.633333333333333
-12.633333333333333
-12.633333333333333
-12.633333333333333
-12.633333333333333
-12.633333333333333
-12.633333333333333
-12.633333333333333
-12.633333333333333
-12.633333333333333
-12.633333333333333
-12.633333333333333
-12.666666666666666
-12.666666666666666
-12.633333333333333
-12.666666666666666
-12.633333333333333
-12.633333333333333
-12.666666666666666
-12.666666666666666
-12.666666666666666
-12.633333333333333
-12.633333333333333
-12.633333333333333
-12.633333333333333
-12.666666666666666
-12.666666666666666
-12.666666666666666
-12.666666666666666
