-17.0
-17.133333333333333
-17.4
-17.6
-17.6
-17.566666666666666
-17.533333333333335
-17.566666666666666
-17.533333333333335
-17.633333333333333
-17.8
-17.9
-17.866666666666667
-17.833333333333332
-18.0
-17.966666666666665
-18.0
-18.133333333333333
-18.3
-18.3
-18.366666666666667
-18.433333333333334
-18.366666666666667
-18.366666666666667
-18.433333333333334
-18.366666666666667
-18.433333333333334
-18.533333333333335
-18.5
-18.466666666666665
-18.533333333333335
-18.566666666666666
-18.733333333333334
-18.766666666666666
-18.866666666666667
-18.833333333333332
-18.866666666666667
-18.933333333333334
-18.9
-18.933333333333334
-18.933333333333334
-19.0
-19.0
-18.966666666666665
-18.966666666666665
-18.966666666666665
-19.0
-19.0
-19.0
-19.0
-19.0
-19.0
-18.966666666666665
-18.9
-18.866666666666667
-18.9
-18.9
-18.933333333333334
-18.933333333333334
-18.933333333333334
-18.933333333333334
-18.9
-18.9
-18.9
-18.933333333333334
-18.9
-18.833333333333332
-18.833333333333332
-18.866666666666667
-18.866666666666667
-18.833333333333332
-18.866666666666667
-18.833333333333332
-18.9
-18.933333333333334
-18.9
-18.966666666666665
-18.966666666666665
-18.933333333333334
-18.933333333333334
-18.866666666666667
-18.9
-18.8
-18.8
-18.866666666666667
-18.833333333333332
-18.8
-18.866666666666667
-18.833333333333332
-18.866666666666667
-18.8
-18.833333333333332
-18.666666666666668
-18.833333333333332
-18.833333333333332
-18.766666666666666
-18.733333333333334
-18.7
-18.733333333333334
-18.7
-18.633333333333333
-18.6
-18.633333333333333
-18.7
-18.7
-18.666666666666668
-18.566666666666666
-18.7
-18.766666666666666
-18.766666666666666
-18.7
-18.8
-18.7
-18.666666666666668
-18.766666666666666
-18.766666666666666
-18.7
-18.633333333333333
-18.666666666666668
-18.733333333333334
-18.733333333333334
-18.733333333333334
-18.766666666666666
-18.766666666666666
-18.8
-18.866666666666667
-18.766666666666666
-18.833333333333332
-18.733333333333334
-18.666666666666668
-18.766666666666666
-18.7
-18.733333333333334
-18.633333333333333
-18.6
-18.766666666666666
-18.8
-18.833333333333332
-18.7
-18.9
-18.833333333333332
-18.8
-18.766666666666666
-18.8
-18.833333333333332
-18.9
-18.833333333333332
-18.866666666666667
-18.9
-18.966666666666665
-18.933333333333334
-18.833333333333332
-18.866666666666667
-19.0
-18.866666666666667
-18.9
-18.933333333333334
-18.966666666666665
-18.933333333333334
-18.933333333333334
-18.933333333333334
-18.9
-18.933333333333334
-18.9
-18.866666666666667
-18.9
-18.9
-18.966666666666665
-18.966666666666665
-18.866666666666667
-18.933333333333334
-19.0
-19.0
-18.933333333333334
-18.966666666666665
-19.0
-19.0
-18.933333333333334
-18.933333333333334
-18.9
-18.9
-18.966666666666665
-18.966666666666665
-18.9
-18.966666666666665
-18.866666666666667
-18.9
-18.966666666666665
-18.933333333333334
-19.0
-18.966666666666665
-18.933333333333334
-18.933333333333334
-18.933333333333334
-18.9
-18.9
-18.933333333333334
-18.966666666666665
-18.933333333333334
