-25.0
-22.933333333333334
-21.866666666666667
-21.733333333333334
-21.033333333333335
-20.5
-20.166666666666668
-19.866666666666667
-19.533333333333335
-19.3
-19.066666666666666
-18.733333333333334
-18.633333333333333
-18.533333333333335
-18.333333333333332
-18.233333333333334
-18.166666666666668
-18.0
-17.933333333333334
-17.9
-17.8
-17.8
-17.7
-17.7
-17.6
-17.5
-17.466666666666665
-17.4
-17.4
-17.366666666666667
-17.3
-17.3
-17.233333333333334
-17.233333333333334
-17.266666666666666
-17.333333333333332
-17.2
-17.166666666666668
-17.266666666666666
-17.166666666666668
-17.166666666666668
-17.166666666666668
-17.166666666666668
-17.1
-17.133333333333333
-17.033333333333335
-17.033333333333335
-17.0
-16.966666666666665
-16.966666666666665
-16.9
-16.9
-16.9
-16.9
-16.9
-16.9
-16.866666666666667
-16.866666666666667
-16.866666666666667
-16.866666666666667
-16.866666666666667
-16.866666666666667
-16.866666666666667
-16.866666666666667
-16.866666666666667
-16.833333333333332
-16.833333333333332
-16.833333333333332
-16.833333333333332
-16.866666666666667
-16.833333333333332
-16.833333333333332
-16.866666666666667
-16.833333333333332
-16.833333333333332
-16.833333333333332
-16.833333333333332
-16.833333333333332
-16.8
-16.8
-16.8
-16.8
-16.833333333333332
-16.833333333333332
-16.8
-16.766666666666666
-16.766666666666666
-16.766666666666666
-16.766666666666666
-16.766666666666666
-16.766666666666666
-16.766666666666666
-16.733333333333334
-16.733333333333334
-16.733333333333334
-16.733333333333334
-16.733333333333334
-16.733333333333334
-16.733333333333334
-16.733333333333334
-16.733333333333334
-16.733333333333334
-16.733333333333334
-16.766666666666666
-16.733333333333334
-16.733333333333334
-16.733333333333334
-16.766666666666666
-16.766666666666666
-16.733333333333334
-16.733333333333334
-16.733333333333334
-16.733333333333334
-16.733333333333334
-16.733333333333334
-16.7
-16.733333333333334
-16.7
-16.733333333333334
-16.733333333333334
-16.733333333333334
-16.733333333333334
-16.7
-16.7
-16.666666666666668
-16.666666666666668
-16.666666666666668
-16.633333333333333
-16.633333333333333
-16.633333333333333
-16.6
-16.6
-16.633333333333333
-16.6
-16.6
-16.6
-16.633333333333333
-16.633333333333333
-16.6
-16.566666666666666
-16.566666666666666
-16.566666666666666
-16.566666666666666
-16.533333333333335
-16.533333333333335
-16.533333333333335
-16.533333333333335
-16.533333333333335
-16.533333333333335
-16.533333333333335
-16.533333333333335
-16.533333333333335
-16.533333333333335
-16.533333333333335
-16.533333333333335
-16.533333333333335
-16.533333333333335
-16.533333333333335
-16.533333333333335
-16.533333333333335
-16.5
-16.5
-16.5
-16.533333333333335
-16.533333333333335
-16.533333333333335
-16.5
-16.5
-16.5
-16.5
-16.5
-16.5
-16.5
-16.5
-16.466666666666665
-16.466666666666665
-16.466666666666665
-16.5
-16.466666666666665
-16.466666666666665
-16.5
-16.466666666666665
-16.466666666666665
-16.466666666666665
-16.466666666666665
-16.466666666666665
-16.466666666666665
-16.466666666666665
-16.466666666666665
-16.433333333333334
-16.433333333333334
-16.433333333333334
-16.433333333333334
-16.433333333333334
-16.433333333333334
-16.433333333333334
-16.466666666666665
-16.433333333333334
-16.433333333333334
