-17.0
-16.833333333333332
-16.533333333333335
-16.133333333333333
-15.5
-15.266666666666667
-14.966666666666667
-14.833333333333334
-14.733333333333333
-14.633333333333333
-14.566666666666666
-14.4
-14.266666666666667
-14.2
-14.133333333333333
-14.1
-14.033333333333333
-14.033333333333333
-14.0
-14.0
-14.0
-13.966666666666667
-13.933333333333334
-13.933333333333334
-13.933333333333334
-13.933333333333334
-13.9
-13.9
-13.866666666666667
-13.833333333333334
-13.833333333333334
-13.8
-13.8
-13.666666666666666
-13.633333333333333
-13.6
-13.6
-13.533333333333333
-13.5
-13.5
-13.5
-13.5
-13.433333333333334
-13.4
-13.266666666666667
-13.266666666666667
-13.133333333333333
-13.233333333333333
-13.166666666666666
-13.233333333333333
-13.133333333333333
-13.1
-13.066666666666666
-13.033333333333333
-12.933333333333334
-13.1
-13.033333333333333
-13.033333333333333
-13.033333333333333
-12.933333333333334
-13.066666666666666
-13.0
-12.933333333333334
-13.066666666666666
-12.966666666666667
-12.9
-13.0
-13.0
-13.033333333333333
-12.933333333333334
-12.966666666666667
-12.933333333333334
-12.966666666666667
-12.9
-12.833333333333334
-12.766666666666667
-12.833333333333334
-12.866666666666667
-12.733333333333333
-12.933333333333334
-12.933333333333334
-12.766666666666667
-12.8
-12.7
-12.766666666666667
-12.8
-12.833333333333334
-12.666666666666666
-12.533333333333333
-12.8
-12.633333333333333
-12.8
-12.666666666666666
-12.633333333333333
-12.933333333333334
-12.633333333333333
-12.766666666666667
-12.733333333333333
-12.833333333333334
-12.666666666666666
-12.633333333333333
-12.633333333333333
-12.733333333333333
-12.766666666666667
-12.666666666666666
-12.6
-12.7
-12.633333333333333
-12.633333333333333
-12.666666666666666
-12.6
-12.7
-12.633333333333333
-12.633333333333333
-12.6
-12.5
-12.6
-12.533333333333333
-12.633333333333333
-12.466666666666667
-12.566666666666666
-12.566666666666666
-12.466666666666667
-12.566666666666666
-12.4
-12.5
-12.433333333333334
-12.433333333333334
-12.433333333333334
-12.466666666666667
-12.6
-12.433333333333334
-12.466666666666667
-12.566666666666666
-12.433333333333334
-12.533333333333333
-12.433333333333334
-12.533333333333333
-12.533333333333333
-12.6
-12.533333333333333
-12.433333333333334
-12.5
-12.5
-12.433333333333334
-12.533333333333333
-12.5
-12.4
-12.333333333333334
-12.5
-12.433333333333334
-12.433333333333334
-12.5
-12.433333333333334
-12.466666666666667
-12.466666666666667
-12.433333333333334
-12.5
-12.5
-12.4
-12.433333333333334
-12.466666666666667
-12.366666666666667
-12.4
-12.3
-12.466666666666667
-12.433333333333334
-12.466666666666667
-12.433333333333334
-12.5
-12.433333333333334
-12.366666666666667
-12.366666666666667
-12.4
-12.433333333333334
-12.433333333333334
-12.433333333333334
-12.366666666666667
-12.4
-12.466666666666667
-12.366666666666667
-12.333333333333334
-12.366666666666667
-12.366666666666667
-12.266666666666667
-12.266666666666667
-12.333333333333334
-12.333333333333334
-12.366666666666667
-12.366666666666667
-12.4
-12.4
-12.333333333333334
-12.4
-12.4
-12.333333333333334
-12.466666666666667
-12.366666666666667
-12.3
