-32.46666666666667
-34.06666666666667
-36.5
-40.266666666666666
-45.06666666666667
-49.233333333333334
-50.63333333333333
-50.13333333333333
-48.333333333333336
-47.166666666666664
-46.56666666666667
-46.43333333333333
-46.666666666666664
-46.733333333333334
-46.43333333333333
-45.833333333333336
-45.3
-44.9
-44.1
-43.56666666666667
-43.333333333333336
-42.666666666666664
-42.36666666666667
-42.0
-41.766666666666666
-41.36666666666667
-41.4
-41.3
-41.2
-41.266666666666666
-41.4
-41.53333333333333
-41.733333333333334
-41.6
-41.666666666666664
-41.833333333333336
-42.166666666666664
-42.266666666666666
-42.46666666666667
-42.46666666666667
-42.733333333333334
-42.6
-42.56666666666667
-42.53333333333333
-42.63333333333333
-42.333333333333336
-42.166666666666664
-41.666666666666664
-41.666666666666664
-41.5
-41.53333333333333
-41.4
-41.53333333333333
-41.43333333333333
-41.333333333333336
-41.233333333333334
-41.13333333333333
-41.1
-40.96666666666667
-40.86666666666667
-40.9
-40.733333333333334
-40.666666666666664
-40.53333333333333
-40.43333333333333
-40.2
-40.0
-40.03333333333333
-39.96666666666667
-39.833333333333336
-39.8
-39.766666666666666
-39.8
-39.833333333333336
-39.8
-39.7
-39.63333333333333
-39.63333333333333
-39.5
-39.46666666666667
-39.233333333333334
-39.3
-39.233333333333334
-39.2
-39.06666666666667
-39.1
-39.0
-38.93333333333333
-38.96666666666667
-39.1
-38.96666666666667
-38.8
-38.7
-38.733333333333334
-38.56666666666667
-38.666666666666664
-38.63333333333333
-38.5
-38.4
-38.4
-38.36666666666667
-38.233333333333334
-38.166666666666664
-38.13333333333333
-38.1
-38.06666666666667
-38.03333333333333
-37.96666666666667
-37.9
-37.9
-37.833333333333336
-37.833333333333336
-37.733333333333334
-37.766666666666666
-37.7
-37.7
-37.7
-37.666666666666664
-37.6
-37.666666666666664
-37.6
-37.46666666666667
-37.56666666666667
-37.5
-37.6
-37.53333333333333
-37.46666666666667
-37.4
-37.36666666666667
-37.3
-37.266666666666666
-37.2
-37.13333333333333
-37.166666666666664
-37.166666666666664
-37.166666666666664
-37.13333333333333
-37.06666666666667
-37.06666666666667
-37.0
-37.03333333333333
-37.0
-37.0
-36.96666666666667
-36.96666666666667
-36.9
-36.86666666666667
-36.8
-36.766666666666666
-36.766666666666666
-36.766666666666666
-36.733333333333334
-36.666666666666664
-36.733333333333334
-36.666666666666664
-36.666666666666664
-36.63333333333333
-36.63333333333333
-36.56666666666667
-36.56666666666667
-36.53333333333333
-36.53333333333333
-36.5
-36.46666666666667
-36.5
-36.43333333333333
-36.46666666666667
-36.4
-36.36666666666667
-36.333333333333336
-36.36666666666667
-36.333333333333336
-36.333333333333336
-36.333333333333336
-36.333333333333336
-36.333333333333336
-36.266666666666666
-36.233333333333334
-36.13333333333333
-36.2
-36.166666666666664
-36.166666666666664
-36.13333333333333
-36.06666666666667
-36.06666666666667
-36.06666666666667
-36.06666666666667
-36.03333333333333
-36.0
-36.03333333333333
-36.0
-36.0
-36.03333333333333
-35.96666666666667
-36.0
-35.96666666666667
-35.96666666666667
-35.93333333333333
-35.93333333333333
