-25.0
-22.933333333333334
-21.866666666666667
-21.666666666666668
-20.966666666666665
-20.533333333333335
-20.1
-19.8
-19.5
-19.266666666666666
-18.9
-18.833333333333332
-18.633333333333333
-18.533333333333335
-18.3
-18.1
-18.066666666666666
-17.966666666666665
-17.966666666666665
-17.8
-17.733333333333334
-17.666666666666668
-17.733333333333334
-17.7
-17.7
-17.533333333333335
-17.5
-17.466666666666665
-17.4
-17.366666666666667
-17.366666666666667
-17.366666666666667
-17.3
-17.3
-17.233333333333334
-17.166666666666668
-17.133333333333333
-17.133333333333333
-17.166666666666668
-17.066666666666666
-17.066666666666666
-17.066666666666666
-17.033333333333335
-17.033333333333335
-17.033333333333335
-17.033333333333335
-17.0
-17.033333333333335
-17.0
-17.033333333333335
-16.966666666666665
-16.966666666666665
-16.966666666666665
-16.966666666666665
-16.933333333333334
-16.933333333333334
-16.933333333333334
-16.866666666666667
-16.866666666666667
-16.866666666666667
-16.866666666666667
-16.866666666666667
-16.9
-16.866666666666667
-16.866666666666667
-16.833333333333332
-16.833333333333332
-16.866666666666667
-16.833333333333332
-16.833333333333332
-16.833333333333332
-16.8
-16.766666666666666
-16.766666666666666
-16.733333333333334
-16.7
-16.7
-16.7
-16.733333333333334
-16.7
-16.7
-16.7
-16.733333333333334
-16.666666666666668
-16.666666666666668
-16.7
-16.666666666666668
-16.666666666666668
-16.666666666666668
-16.666666666666668
-16.666666666666668
-16.633333333333333
-16.633333333333333
-16.633333333333333
-16.633333333333333
-16.666666666666668
-16.633333333333333
-16.633333333333333
-16.633333333333333
-16.633333333333333
-16.633333333333333
-16.633333333333333
-16.633333333333333
-16.6
-16.6
-16.6
-16.6
-16.6
-16.6
-16.6
-16.6
-16.6
-16.6
-16.6
-16.6
-16.6
-16.6
-16.6
-16.633333333333333
-16.6
-16.6
-16.6
-16.6
-16.6
-16.6
-16.6
-16.566666666666666
-16.566666666666666
-16.566666666666666
-16.566666666666666
-16.566666666666666
-16.566666666666666
-16.566666666666666
-16.566666666666666
-16.566666666666666
-16.566666666666666
-16.566666666666666
-16.566666666666666
-16.566666666666666
-16.566666666666666
-16.566666666666666
-16.6
-16.566666666666666
-16.566666666666666
-16.566666666666666
-16.6
-16.566666666666666
-16.566666666666666
-16.566666666666666
-16.6
-16.566666666666666
-16.566666666666666
-16.566666666666666
-16.566666666666666
-16.533333333333335
-16.533333333333335
-16.533333333333335
-16.533333333333335
-16.533333333333335
-16.533333333333335
-16.533333333333335
-16.533333333333335
-16.533333333333335
-16.533333333333335
-16.533333333333335
-16.533333333333335
-16.533333333333335
-16.533333333333335
-16.533333333333335
-16.533333333333335
-16.533333333333335
-16.533333333333335
-16.533333333333335
-16.533333333333335
-16.533333333333335
-16.533333333333335
-16.533333333333335
-16.533333333333335
-16.533333333333335
-16.533333333333335
-16.533333333333335
-16.533333333333335
-16.533333333333335
-16.533333333333335
-16.533333333333335
-16.533333333333335
-16.533333333333335
-16.533333333333335
-16.533333333333335
-16.533333333333335
-16.533333333333335
-16.533333333333335
-16.533333333333335
-16.533333333333335
-16.533333333333335
-16.533333333333335
-16.533333333333335
-16.533333333333335
-16.533333333333335
