-18.0
-18.0
-17.933333333333334
-17.833333333333332
-17.6
-17.566666666666666
-17.466666666666665
-17.266666666666666
-17.066666666666666
-16.966666666666665
-16.833333333333332
-16.8
-16.6
-16.533333333333335
-16.466666666666665
-16.466666666666665
-16.366666666666667
-16.3
-16.133333333333333
-16.033333333333335
-15.966666666666667
-15.9
-15.833333333333334
-15.766666666666667
-15.7
-15.666666666666666
-15.6
-15.6
-15.466666666666667
-15.433333333333334
-15.433333333333334
-15.433333333333334
-15.4
-15.4
-15.4
-15.4
-15.366666666666667
-15.366666666666667
-15.3
-15.3
-15.333333333333334
-15.3
-15.3
-15.266666666666667
-15.266666666666667
-15.233333333333333
-15.233333333333333
-15.233333333333333
-15.233333333333333
-15.266666666666667
-15.166666666666666
-15.133333333333333
-15.166666666666666
-15.166666666666666
-15.1
-15.033333333333333
-15.1
-15.033333333333333
-15.033333333333333
-15.066666666666666
-15.033333333333333
-15.0
-15.0
-15.033333333333333
-15.033333333333333
-15.033333333333333
-15.0
-15.0
-15.1
-15.033333333333333
-15.066666666666666
-15.033333333333333
-15.033333333333333
-15.033333333333333
-15.033333333333333
-15.0
-15.0
-15.0
-14.966666666666667
-14.966666666666667
-14.9
-14.966666666666667
-14.866666666666667
-14.9
-14.866666666666667
-14.833333333333334
-14.9
-14.833333333333334
-14.833333333333334
-14.833333333333334
-14.833333333333334
-14.833333333333334
-14.833333333333334
-14.866666666666667
-14.866666666666667
-14.866666666666667
-14.833333333333334
-14.833333333333334
-14.833333333333334
-14.833333333333334
-14.833333333333334
-14.833333333333334
-14.866666666666667
-14.833333333333334
-14.866666666666667
-14.833333333333334
-14.8
-14.8
-14.766666666666667
-14.8
-14.8
-14.766666666666667
-14.766666666666667
-14.766666666666667
-14.8
-14.766666666666667
-14.766666666666667
-14.733333333333333
-14.766666666666667
-14.8
-14.733333333333333
-14.733333333333333
-14.733333333333333
-14.733333333333333
-14.733333333333333
-14.733333333333333
-14.733333333333333
-14.766666666666667
-14.733333333333333
-14.833333333333334
-14.766666666666667
-14.8
-14.766666666666667
-14.766666666666667
-14.833333333333334
-14.733333333333333
-14.733333333333333
-14.733333333333333
-14.8
-14.733333333333333
-14.733333333333333
-14.766666666666667
-14.733333333333333
-14.733333333333333
-14.733333333333333
-14.733333333333333
-14.7
-14.7
-14.733333333333333
-14.7
-14.7
-14.733333333333333
-14.7
-14.7
-14.7
-14.7
-14.733333333333333
-14.7
-14.7
-14.766666666666667
-14.7
-14.7
-14.7
-14.733333333333333
-14.7
-14.7
-14.7
-14.7
-14.733333333333333
-14.7
-14.733333333333333
-14.766666666666667
-14.733333333333333
-14.7
-14.7
-14.7
-14.7
-14.7
-14.733333333333333
-14.7
-14.733333333333333
-14.7
-14.7
-14.7
-14.733333333333333
-14.7
-14.733333333333333
-14.7
-14.7
-14.7
-14.666666666666666
-14.666666666666666
-14.666666666666666
-14.7
-14.666666666666666
-14.666666666666666
-14.666666666666666
-14.7
-14.7
