-28.033333333333335
-24.766666666666666
-23.233333333333334
-22.3
-21.733333333333334
-21.166666666666668
-20.866666666666667
-20.566666666666666
-20.166666666666668
-19.966666666666665
-19.766666666666666
-19.466666666666665
-19.366666666666667
-19.166666666666668
-19.033333333333335
-19.0
-18.7
-18.666666666666668
-18.5
-18.366666666666667
-18.333333333333332
-18.2
-18.2
-18.166666666666668
-18.033333333333335
-17.9
-17.833333333333332
-17.833333333333332
-17.766666666666666
-17.733333333333334
-17.666666666666668
-17.666666666666668
-17.633333333333333
-17.666666666666668
-17.633333333333333
-17.533333333333335
-17.566666666666666
-17.566666666666666
-17.6
-17.433333333333334
-17.4
-17.433333333333334
-17.4
-17.4
-17.333333333333332
-17.3
-17.3
-17.266666666666666
-17.233333333333334
-17.2
-17.233333333333334
-17.233333333333334
-17.233333333333334
-17.2
-17.233333333333334
-17.233333333333334
-17.2
-17.2
-17.166666666666668
-17.166666666666668
-17.1
-17.2
-17.133333333333333
-17.1
-17.1
-17.066666666666666
-17.033333333333335
-17.033333333333335
-17.0
-17.0
-17.033333333333335
-16.966666666666665
-16.966666666666665
-16.966666666666665
-16.966666666666665
-16.966666666666665
-16.966666666666665
-16.933333333333334
-16.9
-16.9
-16.9
-16.9
-16.9
-16.9
-16.866666666666667
-16.866666666666667
-16.866666666666667
-16.9
-16.9
-16.866666666666667
-16.9
-16.866666666666667
-16.866666666666667
-16.866666666666667
-16.866666666666667
-16.866666666666667
-16.8
-16.8
-16.8
-16.8
-16.766666666666666
-16.766666666666666
-16.766666666666666
-16.766666666666666
-16.766666666666666
-16.766666666666666
-16.766666666666666
-16.766666666666666
-16.766666666666666
-16.766666666666666
-16.766666666666666
-16.766666666666666
-16.766666666666666
-16.766666666666666
-16.766666666666666
-16.8
-16.733333333333334
-16.733333333333334
-16.733333333333334
-16.733333333333334
-16.733333333333334
-16.733333333333334
-16.733333333333334
-16.766666666666666
-16.733333333333334
-16.733333333333334
-16.766666666666666
-16.733333333333334
-16.766666666666666
-16.733333333333334
-16.766666666666666
-16.733333333333334
-16.7
-16.7
-16.7
-16.7
-16.7
-16.666666666666668
-16.666666666666668
-16.666666666666668
-16.666666666666668
-16.7
-16.7
-16.666666666666668
-16.666666666666668
-16.7
-16.7
-16.7
-16.733333333333334
-16.666666666666668
-16.733333333333334
-16.666666666666668
-16.7
-16.666666666666668
-16.666666666666668
-16.666666666666668
-16.6
-16.6
-16.6
-16.6
-16.6
-16.6
-16.6
-16.6
-16.6
-16.6
-16.6
-16.6
-16.6
-16.6
-16.6
-16.6
-16.6
-16.6
-16.6
-16.6
-16.633333333333333
-16.6
-16.633333333333333
-16.633333333333333
-16.6
-16.6
-16.6
-16.6
-16.566666666666666
-16.566666666666666
-16.566666666666666
-16.566666666666666
-16.566666666666666
-16.566666666666666
-16.566666666666666
-16.566666666666666
-16.566666666666666
-16.566666666666666
-16.566666666666666
-16.566666666666666
-16.566666666666666
-16.566666666666666
-16.566666666666666
