-28.0
-24.733333333333334
-23.166666666666668
-22.333333333333332
-21.533333333333335
-21.133333333333333
-20.766666666666666
-20.366666666666667
-20.033333333333335
-19.766666666666666
-19.6
-19.466666666666665
-19.166666666666668
-19.0
-18.866666666666667
-18.766666666666666
-18.7
-18.7
-18.566666666666666
-18.533333333333335
-18.366666666666667
-18.2
-18.133333333333333
-18.066666666666666
-18.033333333333335
-18.033333333333335
-17.966666666666665
-17.866666666666667
-17.866666666666667
-17.8
-17.7
-17.6
-17.5
-17.466666666666665
-17.533333333333335
-17.433333333333334
-17.4
-17.366666666666667
-17.433333333333334
-17.466666666666665
-17.4
-17.433333333333334
-17.366666666666667
-17.3
-17.233333333333334
-17.233333333333334
-17.266666666666666
-17.233333333333334
-17.2
-17.133333333333333
-17.133333333333333
-17.133333333333333
-17.1
-17.1
-17.133333333333333
-17.133333333333333
-17.1
-17.1
-17.133333333333333
-17.1
-17.1
-17.1
-17.1
-17.1
-17.1
-17.066666666666666
-17.066666666666666
-17.066666666666666
-17.066666666666666
-17.066666666666666
-17.066666666666666
-17.066666666666666
-17.066666666666666
-17.066666666666666
-17.066666666666666
-17.066666666666666
-17.066666666666666
-17.066666666666666
-17.066666666666666
-17.066666666666666
-17.033333333333335
-17.033333333333335
-17.033333333333335
-17.066666666666666
-17.033333333333335
-17.033333333333335
-17.066666666666666
-17.066666666666666
-17.033333333333335
-17.1
-17.0
-17.066666666666666
-17.066666666666666
-17.0
-17.033333333333335
-17.0
-17.0
-17.0
-16.966666666666665
-16.933333333333334
-16.933333333333334
-16.933333333333334
-16.933333333333334
-16.933333333333334
-16.933333333333334
-16.933333333333334
-16.933333333333334
-16.933333333333334
-16.933333333333334
-16.933333333333334
-16.933333333333334
-16.9
-16.9
-16.933333333333334
-16.933333333333334
-16.9
-16.9
-16.9
-16.9
-16.833333333333332
-16.833333333333332
-16.833333333333332
-16.833333333333332
-16.8
-16.8
-16.8
-16.8
-16.8
-16.8
-16.8
-16.8
-16.8
-16.8
-16.8
-16.8
-16.8
-16.8
-16.8
-16.8
-16.8
-16.8
-16.8
-16.8
-16.8
-16.8
-16.8
-16.8
-16.8
-16.8
-16.8
-16.833333333333332
-16.8
-16.8
-16.8
-16.833333333333332
-16.8
-16.8
-16.8
-16.8
-16.766666666666666
-16.766666666666666
-16.766666666666666
-16.766666666666666
-16.733333333333334
-16.733333333333334
-16.733333333333334
-16.733333333333334
-16.733333333333334
-16.733333333333334
-16.733333333333334
-16.733333333333334
-16.766666666666666
-16.733333333333334
-16.766666666666666
-16.766666666666666
-16.733333333333334
-16.733333333333334
-16.733333333333334
-16.733333333333334
-16.7
-16.7
-16.7
-16.666666666666668
-16.666666666666668
-16.666666666666668
-16.666666666666668
-16.633333333333333
-16.633333333333333
-16.633333333333333
-16.6
-16.6
-16.6
-16.6
-16.6
-16.6
-16.6
-16.6
-16.6
-16.6
