-28.0
-24.733333333333334
-23.166666666666668
-22.133333333333333
-21.6
-21.0
-20.633333333333333
-20.266666666666666
-19.933333333333334
-19.8
-19.533333333333335
-19.466666666666665
-19.166666666666668
-19.0
-18.866666666666667
-18.666666666666668
-18.566666666666666
-18.466666666666665
-18.333333333333332
-18.333333333333332
-18.233333333333334
-18.133333333333333
-18.066666666666666
-17.966666666666665
-17.9
-17.833333333333332
-17.8
-17.733333333333334
-17.633333333333333
-17.6
-17.533333333333335
-17.466666666666665
-17.5
-17.5
-17.433333333333334
-17.466666666666665
-17.366666666666667
-17.4
-17.366666666666667
-17.366666666666667
-17.333333333333332
-17.333333333333332
-17.266666666666666
-17.2
-17.166666666666668
-17.166666666666668
-17.166666666666668
-17.166666666666668
-17.133333333333333
-17.133333333333333
-17.066666666666666
-17.066666666666666
-17.066666666666666
-17.033333333333335
-17.033333333333335
-17.033333333333335
-17.0
-17.0
-17.066666666666666
-17.0
-17.033333333333335
-17.0
-17.0
-17.033333333333335
-17.0
-16.966666666666665
-16.966666666666665
-16.933333333333334
-16.933333333333334
-16.933333333333334
-16.9
-16.866666666666667
-16.866666666666667
-16.833333333333332
-16.866666666666667
-16.833333333333332
-16.866666666666667
-16.8
-16.833333333333332
-16.833333333333332
-16.8
-16.8
-16.8
-16.766666666666666
-16.766666666666666
-16.766666666666666
-16.766666666666666
-16.733333333333334
-16.733333333333334
-16.733333333333334
-16.733333333333334
-16.733333333333334
-16.733333333333334
-16.733333333333334
-16.733333333333334
-16.766666666666666
-16.7
-16.733333333333334
-16.7
-16.733333333333334
-16.733333333333334
-16.7
-16.666666666666668
-16.666666666666668
-16.7
-16.7
-16.666666666666668
-16.6
-16.6
-16.6
-16.566666666666666
-16.566666666666666
-16.566666666666666
-16.566666666666666
-16.566666666666666
-16.566666666666666
-16.566666666666666
-16.566666666666666
-16.566666666666666
-16.566666666666666
-16.566666666666666
-16.566666666666666
-16.566666666666666
-16.566666666666666
-16.566666666666666
-16.566666666666666
-16.566666666666666
-16.566666666666666
-16.566666666666666
-16.566666666666666
-16.566666666666666
-16.6
-16.566666666666666
-16.6
-16.6
-16.566666666666666
-16.566666666666666
-16.566666666666666
-16.6
-16.633333333333333
-16.566666666666666
-16.6
-16.6
-16.566666666666666
-16.6
-16.533333333333335
-16.533333333333335
-16.533333333333335
-16.533333333333335
-16.5
-16.5
-16.5
-16.5
-16.5
-16.5
-16.5
-16.5
-16.5
-16.5
-16.5
-16.5
-16.5
-16.466666666666665
-16.466666666666665
-16.466666666666665
-16.466666666666665
-16.466666666666665
-16.466666666666665
-16.466666666666665
-16.466666666666665
-16.466666666666665
-16.466666666666665
-16.466666666666665
-16.466666666666665
-16.466666666666665
-16.466666666666665
-16.466666666666665
-16.466666666666665
-16.466666666666665
-16.466666666666665
-16.466666666666665
-16.466666666666665
-16.466666666666665
-16.466666666666665
-16.466666666666665
-16.466666666666665
-16.466666666666665
-16.466666666666665
-16.466666666666665
-16.466666666666665
-16.466666666666665
-16.466666666666665
-16.466666666666665
-16.466666666666665
-16.466666666666665
-16.466666666666665
-16.466666666666665
-16.466666666666665
-16.466666666666665
