-28.0
-24.7
-24.7
-23.133333333333333
-23.133333333333333
-22.2
-22.033333333333335
-21.6
-21.233333333333334
-21.033333333333335
-20.633333333333333
-20.5
-20.366666666666667
-20.133333333333333
-19.8
-19.666666666666668
-19.633333333333333
-19.4
-19.266666666666666
-19.133333333333333
-19.066666666666666
-18.833333333333332
-18.7
-18.6
-18.466666666666665
-18.366666666666667
-18.3
-18.133333333333333
-18.133333333333333
-18.166666666666668
-18.033333333333335
-17.9
-17.966666666666665
-17.9
-17.833333333333332
-17.833333333333332
-17.733333333333334
-17.766666666666666
-17.833333333333332
-17.733333333333334
-17.666666666666668
-17.566666666666666
-17.6
-17.533333333333335
-17.533333333333335
-17.466666666666665
-17.4
-17.4
-17.433333333333334
-17.333333333333332
-17.366666666666667
-17.3
-17.266666666666666
-17.3
-17.3
-17.3
-17.266666666666666
-17.266666666666666
-17.266666666666666
-17.266666666666666
-17.233333333333334
-17.233333333333334
-17.233333333333334
-17.266666666666666
-17.233333333333334
-17.166666666666668
-17.2
-17.133333333333333
-17.133333333333333
-17.133333333333333
-17.133333333333333
-17.066666666666666
-17.066666666666666
-17.033333333333335
-17.033333333333335
-17.1
-17.033333333333335
-17.033333333333335
-17.066666666666666
-17.066666666666666
-17.033333333333335
-17.033333333333335
-17.033333333333335
-17.033333333333335
-17.033333333333335
-17.033333333333335
-16.966666666666665
-16.966666666666665
-16.966666666666665
-16.966666666666665
-16.966666666666665
-16.933333333333334
-16.933333333333334
-16.933333333333334
-16.933333333333334
-16.933333333333334
-16.933333333333334
-16.933333333333334
-16.933333333333334
-16.933333333333334
-16.933333333333334
-16.933333333333334
-16.933333333333334
-16.933333333333334
-16.933333333333334
-16.933333333333334
-16.933333333333334
-16.933333333333334
-16.933333333333334
-16.933333333333334
-16.9
-16.9
-16.9
-16.9
-16.9
-16.9
-16.9
-16.9
-16.9
-16.9
-16.9
-16.9
-16.9
-16.9
-16.9
-16.9
-16.9
-16.9
-16.9
-16.9
-16.9
-16.9
-16.9
-16.9
-16.9
-16.9
-16.9
-16.9
-16.9
-16.866666666666667
-16.866666666666667
-16.866666666666667
-16.866666666666667
-16.866666666666667
-16.866666666666667
-16.866666666666667
-16.9
-16.866666666666667
-16.866666666666667
-16.866666666666667
-16.9
-16.866666666666667
-16.833333333333332
-16.833333333333332
-16.833333333333332
-16.833333333333332
-16.866666666666667
-16.866666666666667
-16.833333333333332
-16.833333333333332
-16.833333333333332
-16.833333333333332
-16.866666666666667
-16.833333333333332
-16.8
-16.8
-16.8
-16.8
-16.8
-16.8
-16.766666666666666
-16.766666666666666
-16.766666666666666
-16.766666666666666
-16.766666666666666
-16.8
-16.8
-16.766666666666666
-16.766666666666666
-16.8
-16.8
-16.766666666666666
-16.766666666666666
-16.8
-16.8
-16.766666666666666
-16.766666666666666
-16.8
-16.8
-16.733333333333334
-16.821428571428573
-16.92
-17.1
-17.3125
-17.444444444444443
