-28.0
-24.7
-23.266666666666666
-22.9
-22.3
-21.666666666666668
-21.233333333333334
-20.966666666666665
-20.533333333333335
-20.433333333333334
-20.033333333333335
-19.866666666666667
-19.5
-19.366666666666667
-19.3
-19.133333333333333
-19.033333333333335
-18.933333333333334
-18.7
-18.433333333333334
-18.4
-18.3
-18.033333333333335
-17.9
-17.833333333333332
-17.733333333333334
-17.666666666666668
-17.733333333333334
-17.733333333333334
-17.533333333333335
-17.466666666666665
-17.366666666666667
-17.3
-17.333333333333332
-17.3
-17.233333333333334
-17.166666666666668
-17.2
-17.2
-17.133333333333333
-17.1
-17.1
-17.1
-17.1
-17.066666666666666
-17.066666666666666
-17.033333333333335
-17.033333333333335
-17.1
-17.066666666666666
-17.033333333333335
-17.033333333333335
-17.0
-17.0
-16.966666666666665
-16.966666666666665
-16.966666666666665
-16.933333333333334
-16.966666666666665
-17.0
-16.933333333333334
-16.966666666666665
-16.933333333333334
-16.933333333333334
-16.933333333333334
-16.9
-16.966666666666665
-16.9
-16.866666666666667
-16.866666666666667
-16.9
-16.866666666666667
-16.766666666666666
-16.733333333333334
-16.733333333333334
-16.766666666666666
-16.766666666666666
-16.666666666666668
-16.733333333333334
-16.666666666666668
-16.6
-16.633333333333333
-16.6
-16.6
-16.6
-16.566666666666666
-16.566666666666666
-16.533333333333335
-16.6
-16.566666666666666
-16.6
-16.533333333333335
-16.533333333333335
-16.6
-16.566666666666666
-16.566666666666666
-16.6
-16.6
-16.566666666666666
-16.566666666666666
-16.533333333333335
-16.5
-16.466666666666665
-16.433333333333334
-16.466666666666665
-16.433333333333334
-16.433333333333334
-16.433333333333334
-16.433333333333334
-16.433333333333334
-16.433333333333334
-16.433333333333334
-16.4
-16.4
-16.4
-16.4
-16.4
-16.4
-16.4
-16.4
-16.4
-16.4
-16.4
-16.4
-16.4
-16.4
-16.4
-16.4
-16.4
-16.4
-16.4
-16.4
-16.4
-16.4
-16.4
-16.4
-16.4
-16.4
-16.4
-16.4
-16.4
-16.4
-16.4
-16.4
-16.4
-16.4
-16.4
-16.4
-16.4
-16.4
-16.4
-16.4
-16.4
-16.4
-16.4
-16.4
-16.4
-16.4
-16.4
-16.4
-16.4
-16.433333333333334
-16.433333333333334
-16.433333333333334
-16.433333333333334
-16.433333333333334
-16.433333333333334
-16.433333333333334
-16.433333333333334
-16.4
-16.366666666666667
-16.366666666666667
-16.366666666666667
-16.366666666666667
-16.366666666666667
-16.366666666666667
-16.366666666666667
-16.366666666666667
-16.366666666666667
-16.366666666666667
-16.366666666666667
-16.366666666666667
-16.366666666666667
-16.366666666666667
-16.366666666666667
-16.366666666666667
-16.366666666666667
-16.366666666666667
-16.366666666666667
-16.366666666666667
-16.366666666666667
-16.366666666666667
-16.366666666666667
-16.366666666666667
-16.366666666666667
-16.366666666666667
-16.366666666666667
-16.366666666666667
-16.366666666666667
