-28.866666666666667
-28.7
-28.633333333333333
-28.433333333333334
-28.333333333333332
-28.3
-28.133333333333333
-28.0
-27.833333333333332
-27.733333333333334
-27.666666666666668
-27.566666666666666
-27.366666666666667
-27.266666666666666
-27.1
-27.0
-26.933333333333334
-26.766666666666666
-26.5
-26.5
-26.466666666666665
-26.333333333333332
-26.3
-26.266666666666666
-26.233333333333334
-26.133333333333333
-26.0
-25.966666666666665
-25.966666666666665
-25.966666666666665
-25.933333333333334
-25.933333333333334
-25.866666666666667
-25.866666666666667
-25.766666666666666
-25.766666666666666
-25.666666666666668
-25.666666666666668
-25.6
-25.566666666666666
-25.566666666666666
-25.533333333333335
-25.533333333333335
-25.5
-25.5
-25.5
-25.5
-25.5
-25.5
-25.5
-25.466666666666665
-25.4
-25.366666666666667
-25.4
-25.366666666666667
-25.4
-25.366666666666667
-25.333333333333332
-25.333333333333332
-25.3
-25.3
-25.266666666666666
-25.2
-25.133333333333333
-25.133333333333333
-25.133333333333333
-25.133333333333333
-25.133333333333333
-25.066666666666666
-25.066666666666666
-25.066666666666666
-25.066666666666666
-25.066666666666666
-25.066666666666666
-25.066666666666666
-25.1
-25.1
-25.066666666666666
-25.066666666666666
-25.066666666666666
-25.1
-25.0
-25.0
-25.0
-25.0
-25.0
-25.0
-24.966666666666665
-25.0
-25.0
-25.0
-25.0
-25.0
-24.966666666666665
-25.0
-24.966666666666665
-24.966666666666665
-24.966666666666665
-24.966666666666665
-24.933333333333334
-24.933333333333334
-24.9
-24.9
-24.9
-24.9
-24.9
-24.9
-24.933333333333334
-24.933333333333334
-24.9
-24.933333333333334
-24.866666666666667
-24.9
-24.866666666666667
-24.866666666666667
-24.866666666666667
-24.833333333333332
-24.833333333333332
-24.866666666666667
-24.833333333333332
-24.833333333333332
-24.833333333333332
-24.833333333333332
-24.833333333333332
-24.833333333333332
-24.833333333333332
-24.866666666666667
-24.833333333333332
-24.9
-24.866666666666667
-24.833333333333332
-24.833333333333332
-24.866666666666667
-24.866666666666667
-24.833333333333332
-24.833333333333332
-24.833333333333332
-24.866666666666667
-24.866666666666667
-24.833333333333332
-24.833333333333332
-24.833333333333332
-24.833333333333332
-24.866666666666667
-24.833333333333332
-24.866666666666667
-24.833333333333332
-24.833333333333332
-24.866666666666667
-24.833333333333332
-24.833333333333332
-24.9
-24.833333333333332
-24.9
-24.9
-24.833333333333332
-24.833333333333332
-24.833333333333332
-24.833333333333332
-24.833333333333332
-24.833333333333332
-24.866666666666667
-24.833333333333332
-24.866666666666667
-24.9
-24.833333333333332
-24.833333333333332
-24.833333333333332
-24.866666666666667
-24.833333333333332
-24.866666666666667
-24.833333333333332
-24.833333333333332
-24.866666666666667
-24.833333333333332
-24.833333333333332
-24.866666666666667
-24.866666666666667
-24.933333333333334
-24.833333333333332
-24.833333333333332
-24.866666666666667
-24.866666666666667
-24.866666666666667
-24.833333333333332
-24.833333333333332
-24.866666666666667
-24.833333333333332
-24.833333333333332
-24.833333333333332
-24.866666666666667
-24.866666666666667
-24.866666666666667
-24.833333333333332
-24.833333333333332
-24.833333333333332
-24.833333333333332
-24.833333333333332
-24.833333333333332
