-28.0
-24.7
-23.4
-22.833333333333332
-22.4
-21.833333333333332
-21.3
-21.1
-20.666666666666668
-20.3
-20.066666666666666
-19.866666666666667
-19.633333333333333
-19.433333333333334
-19.133333333333333
-18.833333333333332
-18.833333333333332
-18.733333333333334
-18.533333333333335
-18.5
-18.433333333333334
-18.333333333333332
-18.266666666666666
-18.166666666666668
-18.033333333333335
-17.9
-17.866666666666667
-17.766666666666666
-17.6
-17.633333333333333
-17.6
-17.566666666666666
-17.466666666666665
-17.466666666666665
-17.5
-17.533333333333335
-17.433333333333334
-17.433333333333334
-17.4
-17.4
-17.333333333333332
-17.3
-17.266666666666666
-17.233333333333334
-17.233333333333334
-17.2
-17.133333333333333
-17.1
-17.1
-17.1
-17.066666666666666
-17.033333333333335
-17.033333333333335
-17.033333333333335
-17.033333333333335
-17.0
-17.0
-17.066666666666666
-17.066666666666666
-17.033333333333335
-17.033333333333335
-17.1
-17.166666666666668
-17.066666666666666
-17.0
-17.033333333333335
-16.966666666666665
-16.966666666666665
-16.8
-16.8
-16.766666666666666
-16.766666666666666
-16.733333333333334
-16.766666666666666
-16.733333333333334
-16.733333333333334
-16.7
-16.7
-16.733333333333334
-16.666666666666668
-16.666666666666668
-16.666666666666668
-16.7
-16.666666666666668
-16.633333333333333
-16.6
-16.6
-16.6
-16.6
-16.6
-16.633333333333333
-16.566666666666666
-16.566666666666666
-16.566666666666666
-16.566666666666666
-16.566666666666666
-16.566666666666666
-16.6
-16.566666666666666
-16.566666666666666
-16.533333333333335
-16.533333333333335
-16.566666666666666
-16.533333333333335
-16.533333333333335
-16.533333333333335
-16.533333333333335
-16.533333333333335
-16.566666666666666
-16.5
-16.533333333333335
-16.533333333333335
-16.5
-16.5
-16.533333333333335
-16.533333333333335
-16.533333333333335
-16.466666666666665
-16.466666666666665
-16.466666666666665
-16.466666666666665
-16.466666666666665
-16.466666666666665
-16.466666666666665
-16.466666666666665
-16.466666666666665
-16.433333333333334
-16.4
-16.366666666666667
-16.366666666666667
-16.4
-16.4
-16.366666666666667
-16.366666666666667
-16.366666666666667
-16.366666666666667
-16.366666666666667
-16.366666666666667
-16.333333333333332
-16.333333333333332
-16.333333333333332
-16.333333333333332
-16.333333333333332
-16.333333333333332
-16.333333333333332
-16.333333333333332
-16.333333333333332
-16.333333333333332
-16.333333333333332
-16.333333333333332
-16.333333333333332
-16.333333333333332
-16.333333333333332
-16.333333333333332
-16.333333333333332
-16.333333333333332
-16.333333333333332
-16.333333333333332
-16.333333333333332
-16.333333333333332
-16.333333333333332
-16.333333333333332
-16.333333333333332
-16.333333333333332
-16.333333333333332
-16.333333333333332
-16.333333333333332
-16.333333333333332
-16.333333333333332
-16.333333333333332
-16.333333333333332
-16.333333333333332
-16.333333333333332
-16.333333333333332
-16.333333333333332
-16.333333333333332
-16.333333333333332
-16.333333333333332
-16.333333333333332
-16.333333333333332
-16.333333333333332
-16.333333333333332
-16.333333333333332
-16.333333333333332
-16.333333333333332
-16.333333333333332
-16.333333333333332
-16.333333333333332
-16.333333333333332
-16.333333333333332
-16.333333333333332
-16.333333333333332
-16.333333333333332
-16.333333333333332
-16.333333333333332
-16.333333333333332
-16.333333333333332
-16.333333333333332
-16.333333333333332
