-28.0
-24.7
-24.7
-23.166666666666668
-23.166666666666668
-22.3
-22.1
-21.5
-21.266666666666666
-21.033333333333335
-20.766666666666666
-20.466666666666665
-20.3
-20.033333333333335
-19.9
-19.766666666666666
-19.633333333333333
-19.566666666666666
-19.433333333333334
-19.333333333333332
-19.066666666666666
-18.966666666666665
-18.933333333333334
-18.8
-18.633333333333333
-18.5
-18.5
-18.433333333333334
-18.233333333333334
-18.133333333333333
-18.1
-18.1
-18.033333333333335
-18.0
-17.8
-17.766666666666666
-17.766666666666666
-17.766666666666666
-17.633333333333333
-17.633333333333333
-17.633333333333333
-17.633333333333333
-17.533333333333335
-17.566666666666666
-17.533333333333335
-17.533333333333335
-17.566666666666666
-17.533333333333335
-17.4
-17.366666666666667
-17.366666666666667
-17.366666666666667
-17.366666666666667
-17.366666666666667
-17.333333333333332
-17.333333333333332
-17.3
-17.3
-17.366666666666667
-17.333333333333332
-17.266666666666666
-17.3
-17.266666666666666
-17.266666666666666
-17.266666666666666
-17.233333333333334
-17.233333333333334
-17.2
-17.2
-17.2
-17.2
-17.2
-17.166666666666668
-17.166666666666668
-17.166666666666668
-17.166666666666668
-17.166666666666668
-17.2
-17.166666666666668
-17.166666666666668
-17.166666666666668
-17.166666666666668
-17.133333333333333
-17.133333333333333
-17.166666666666668
-17.166666666666668
-17.133333333333333
-17.1
-17.1
-17.1
-17.1
-17.1
-17.1
-17.1
-17.033333333333335
-17.033333333333335
-17.033333333333335
-17.033333333333335
-17.033333333333335
-17.033333333333335
-17.033333333333335
-17.033333333333335
-17.033333333333335
-17.033333333333335
-17.033333333333335
-17.033333333333335
-17.033333333333335
-17.033333333333335
-17.033333333333335
-17.033333333333335
-17.033333333333335
-17.033333333333335
-17.033333333333335
-17.033333333333335
-17.033333333333335
-17.033333333333335
-17.033333333333335
-17.033333333333335
-17.033333333333335
-17.033333333333335
-17.033333333333335
-17.0
-17.0
-17.0
-17.0
-17.0
-17.0
-17.0
-17.0
-17.0
-17.0
-17.0
-17.0
-16.966666666666665
-16.966666666666665
-16.966666666666665
-16.966666666666665
-16.966666666666665
-16.966666666666665
-16.966666666666665
-16.966666666666665
-16.966666666666665
-16.966666666666665
-16.966666666666665
-16.966666666666665
-16.966666666666665
-16.966666666666665
-16.966666666666665
-16.966666666666665
-16.966666666666665
-16.966666666666665
-16.966666666666665
-16.966666666666665
-16.966666666666665
-16.966666666666665
-16.966666666666665
-16.966666666666665
-16.966666666666665
-16.966666666666665
-16.966666666666665
-16.966666666666665
-17.0
-16.966666666666665
-16.966666666666665
-16.966666666666665
-16.966666666666665
-16.966666666666665
-16.933333333333334
-16.933333333333334
-16.966666666666665
-16.933333333333334
-16.933333333333334
-16.933333333333334
-16.933333333333334
-16.933333333333334
-16.933333333333334
-16.933333333333334
-16.9
-16.9
-16.9
-16.9
-16.9
-16.9
-16.9
-16.9
-16.9
-16.9
-16.9
-16.9
-16.9
-16.9
-15.866666666666667
-13.2
-9.333333333333334
-4.766666666666667
-1.8666666666666667
