-167.4
-159.8
-153.93333333333334
-149.4
-145.4
-141.96666666666667
-139.16666666666666
-135.53333333333333
-131.16666666666666
-126.83333333333333
-122.7
-118.2
-113.06666666666666
-107.1
-100.33333333333333
-93.26666666666667
-86.4
-78.63333333333334
-68.86666666666666
-58.36666666666667
-49.13333333333333
-41.766666666666666
-36.2
-31.866666666666667
-28.166666666666668
-26.0
-24.766666666666666
-24.133333333333333
-23.433333333333334
-22.966666666666665
-23.2
-22.6
-22.633333333333333
-21.866666666666667
-21.9
-21.433333333333334
-20.8
-20.666666666666668
-20.1
-20.5
-20.333333333333332
-20.1
-19.766666666666666
-19.466666666666665
-19.433333333333334
-19.4
-19.7
-19.366666666666667
-19.3
-18.933333333333334
-19.433333333333334
-18.6
-18.833333333333332
-18.9
-18.566666666666666
-18.4
-18.333333333333332
-18.166666666666668
-18.133333333333333
-18.133333333333333
-18.3
-18.233333333333334
-18.333333333333332
-18.266666666666666
-18.166666666666668
-18.066666666666666
-18.166666666666668
-18.0
-17.933333333333334
-17.933333333333334
-18.233333333333334
-17.933333333333334
-18.266666666666666
-18.2
-18.066666666666666
-18.266666666666666
-18.3
-18.333333333333332
-18.1
-18.033333333333335
-18.033333333333335
-18.066666666666666
-17.966666666666665
-17.733333333333334
-17.9
-17.9
-18.033333333333335
-18.0
-18.4
-18.233333333333334
-18.033333333333335
-18.033333333333335
-17.8
-17.7
-17.633333333333333
-17.633333333333333
-17.633333333333333
-17.7
-17.7
-17.7
-17.8
-17.633333333333333
-17.633333333333333
-17.733333333333334
-17.7
-17.6
-17.666666666666668
-17.733333333333334
-17.733333333333334
-17.6
-17.666666666666668
-17.533333333333335
-17.633333333333333
-17.633333333333333
-17.6
-17.633333333333333
-17.533333333333335
-17.8
-17.533333333333335
-17.466666666666665
-17.466666666666665
-17.466666666666665
-17.466666666666665
-17.466666666666665
-17.533333333333335
-17.533333333333335
-17.466666666666665
-17.533333333333335
-17.533333333333335
-17.633333333333333
-17.566666666666666
-17.666666666666668
-17.633333333333333
-17.5
-17.5
-17.466666666666665
-17.633333333333333
-17.533333333333335
-17.533333333333335
-17.4
-17.5
-17.466666666666665
-17.433333333333334
-17.433333333333334
-17.4
-17.6
-17.366666666666667
-17.366666666666667
-17.366666666666667
-17.366666666666667
-17.366666666666667
-17.366666666666667
-17.366666666666667
-17.366666666666667
-17.366666666666667
-17.366666666666667
-17.366666666666667
-17.433333333333334
-17.366666666666667
-17.366666666666667
-17.5
-17.566666666666666
-17.7
-17.5
-17.666666666666668
-17.633333333333333
-17.333333333333332
-17.266666666666666
-17.266666666666666
-17.266666666666666
-17.266666666666666
-17.266666666666666
-17.266666666666666
-17.266666666666666
-17.266666666666666
-17.266666666666666
-17.266666666666666
-17.266666666666666
-17.266666666666666
-17.266666666666666
-17.266666666666666
-17.266666666666666
-17.266666666666666
-17.266666666666666
-17.266666666666666
-17.266666666666666
-17.266666666666666
-17.266666666666666
-17.266666666666666
-17.266666666666666
-17.266666666666666
-17.266666666666666
-17.333333333333332
-17.333333333333332
-17.266666666666666
-17.333333333333332
-17.333333333333332
-17.333333333333332
-17.366666666666667
