-28.866666666666667
-28.733333333333334
-28.666666666666668
-28.5
-28.466666666666665
-28.4
-28.4
-28.233333333333334
-28.133333333333333
-28.033333333333335
-28.033333333333335
-27.933333333333334
-27.9
-27.8
-27.8
-27.6
-27.5
-27.366666666666667
-27.266666666666666
-27.166666666666668
-27.166666666666668
-27.1
-27.033333333333335
-27.0
-26.966666666666665
-26.9
-26.833333333333332
-26.733333333333334
-26.666666666666668
-26.6
-26.6
-26.5
-26.433333333333334
-26.433333333333334
-26.4
-26.366666666666667
-26.333333333333332
-26.266666666666666
-26.2
-26.2
-26.2
-26.166666666666668
-26.133333333333333
-26.0
-26.0
-25.966666666666665
-25.9
-25.9
-25.9
-25.9
-25.9
-25.9
-25.9
-25.866666666666667
-25.866666666666667
-25.866666666666667
-25.866666666666667
-25.866666666666667
-25.866666666666667
-25.8
-25.8
-25.8
-25.766666666666666
-25.766666666666666
-25.733333333333334
-25.733333333333334
-25.733333333333334
-25.7
-25.7
-25.666666666666668
-25.666666666666668
-25.633333333333333
-25.633333333333333
-25.6
-25.6
-25.566666666666666
-25.6
-25.6
-25.566666666666666
-25.566666666666666
-25.5
-25.433333333333334
-25.433333333333334
-25.433333333333334
-25.466666666666665
-25.433333333333334
-25.433333333333334
-25.4
-25.4
-25.4
-25.4
-25.4
-25.4
-25.4
-25.433333333333334
-25.4
-25.4
-25.4
-25.366666666666667
-25.366666666666667
-25.366666666666667
-25.366666666666667
-25.333333333333332
-25.3
-25.3
-25.3
-25.3
-25.3
-25.3
-25.233333333333334
-25.266666666666666
-25.233333333333334
-25.266666666666666
-25.233333333333334
-25.233333333333334
-25.266666666666666
-25.233333333333334
-25.233333333333334
-25.233333333333334
-25.233333333333334
-25.266666666666666
-25.233333333333334
-25.233333333333334
-25.233333333333334
-25.2
-25.233333333333334
-25.2
-25.2
-25.2
-25.2
-25.166666666666668
-25.166666666666668
-25.166666666666668
-25.133333333333333
-25.133333333333333
-25.166666666666668
-25.133333333333333
-25.133333333333333
-25.133333333333333
-25.166666666666668
-25.1
-25.1
-25.1
-25.1
-25.1
-25.066666666666666
-25.066666666666666
-25.066666666666666
-25.066666666666666
-25.066666666666666
-25.066666666666666
-25.066666666666666
-25.066666666666666
-25.1
-25.066666666666666
-25.066666666666666
-25.066666666666666
-25.066666666666666
-25.066666666666666
-25.1
-25.066666666666666
-25.066666666666666
-25.066666666666666
-25.1
-25.066666666666666
-25.033333333333335
-25.066666666666666
-25.1
-25.0
-24.966666666666665
-25.0
-25.0
-24.966666666666665
-24.966666666666665
-24.966666666666665
-24.966666666666665
-24.966666666666665
-24.966666666666665
-24.966666666666665
-25.0
-24.966666666666665
-24.966666666666665
-25.0
-24.966666666666665
-24.966666666666665
-24.966666666666665
-25.0
-24.966666666666665
-24.966666666666665
-25.0
-24.966666666666665
-24.966666666666665
-25.033333333333335
-24.966666666666665
-24.966666666666665
-24.966666666666665
-24.966666666666665
-24.966666666666665
-24.933333333333334
