-167.36666666666667
-159.8
-153.93333333333334
-149.4
-145.1
-141.53333333333333
-138.1
-134.8
-130.86666666666667
-126.56666666666666
-122.1
-117.36666666666666
-112.03333333333333
-106.76666666666667
-100.43333333333334
-93.23333333333333
-86.43333333333334
-78.86666666666666
-71.13333333333334
-63.43333333333333
-54.233333333333334
-45.06666666666667
-39.96666666666667
-35.86666666666667
-31.7
-28.233333333333334
-26.666666666666668
-25.1
-23.733333333333334
-24.033333333333335
-23.233333333333334
-22.4
-22.3
-22.033333333333335
-22.1
-21.166666666666668
-21.2
-20.833333333333332
-20.733333333333334
-20.8
-20.666666666666668
-20.3
-20.566666666666666
-20.233333333333334
-20.766666666666666
-20.666666666666668
-20.066666666666666
-19.633333333333333
-19.533333333333335
-19.4
-19.366666666666667
-19.433333333333334
-19.066666666666666
-19.466666666666665
-18.933333333333334
-18.8
-18.433333333333334
-18.466666666666665
-18.433333333333334
-18.4
-18.333333333333332
-18.733333333333334
-19.0
-18.766666666666666
-18.5
-18.766666666666666
-18.133333333333333
-18.166666666666668
-18.133333333333333
-18.033333333333335
-18.1
-18.1
-17.966666666666665
-18.133333333333333
-18.066666666666666
-18.333333333333332
-18.4
-18.033333333333335
-18.4
-18.133333333333333
-18.033333333333335
-17.866666666666667
-17.866666666666667
-17.866666666666667
-17.866666666666667
-17.866666666666667
-17.866666666666667
-17.866666666666667
-17.966666666666665
-17.9
-18.0
-18.2
-18.166666666666668
-18.166666666666668
-18.066666666666666
-18.3
-17.933333333333334
-17.866666666666667
-18.033333333333335
-18.033333333333335
-17.9
-18.0
-18.033333333333335
-18.066666666666666
-18.0
-17.866666666666667
-17.733333333333334
-17.733333333333334
-17.8
-17.8
-17.833333333333332
-17.933333333333334
-17.766666666666666
-18.0
-17.933333333333334
-17.766666666666666
-17.7
-17.7
-17.7
-17.7
-17.7
-17.7
-17.7
-17.7
-17.833333333333332
-17.866666666666667
-17.9
-17.8
-17.866666666666667
-17.8
-17.8
-18.0
-17.9
-17.966666666666665
-17.7
-17.666666666666668
-17.6
-17.6
-17.6
-17.6
-17.6
-17.6
-17.6
-17.6
-17.6
-17.6
-17.6
-17.6
-17.6
-17.6
-17.6
-17.6
-17.6
-17.6
-17.7
-17.733333333333334
-17.666666666666668
-17.666666666666668
-17.7
-17.8
-17.9
-17.633333333333333
-17.766666666666666
-17.6
-17.8
-17.7
-17.8
-17.7
-17.533333333333335
-17.533333333333335
-17.6
-17.533333333333335
-17.733333333333334
-17.666666666666668
-17.566666666666666
-17.6
-17.666666666666668
-17.566666666666666
-17.5
-17.5
-17.5
-17.5
-17.5
-17.5
-17.5
-17.5
-17.5
-17.5
-17.5
-17.5
-17.5
-17.5
-17.5
-17.5
-17.5
-17.5
-17.5
-17.5
-17.5
