-167.3
-159.73333333333332
-159.13333333333333
-152.1
-148.3
-142.6
-137.43333333333334
-135.83333333333334
-133.76666666666668
-132.46666666666667
-130.66666666666666
-129.8
-127.03333333333333
-126.0
-123.06666666666666
-121.56666666666666
-118.3
-116.66666666666667
-113.33333333333333
-112.03333333333333
-108.33333333333333
-106.6
-102.86666666666666
-101.33333333333333
-97.23333333333333
-95.3
-90.8
-88.7
-84.1
-82.13333333333334
-77.83333333333333
-75.9
-72.7
-70.1
-65.23333333333333
-61.4
-55.63333333333333
-51.2
-45.766666666666666
-42.266666666666666
-39.666666666666664
-37.0
-34.56666666666667
-33.266666666666666
-31.466666666666665
-30.466666666666665
-29.566666666666666
-27.1
-26.833333333333332
-25.366666666666667
-24.6
-23.233333333333334
-22.966666666666665
-22.5
-22.533333333333335
-22.266666666666666
-22.066666666666666
-22.066666666666666
-22.1
-22.333333333333332
-21.966666666666665
-21.866666666666667
-21.7
-21.8
-20.9
-20.6
-20.566666666666666
-20.266666666666666
-20.266666666666666
-20.366666666666667
-20.166666666666668
-19.9
-20.033333333333335
-19.333333333333332
-19.266666666666666
-19.266666666666666
-19.566666666666666
-19.6
-19.4
-19.233333333333334
-19.233333333333334
-19.333333333333332
-19.133333333333333
-18.933333333333334
-18.766666666666666
-18.633333333333333
-18.4
-18.366666666666667
-18.333333333333332
-18.633333333333333
-18.466666666666665
-18.3
-18.433333333333334
-18.466666666666665
-18.466666666666665
-18.433333333333334
-18.266666666666666
-18.166666666666668
-18.333333333333332
-18.033333333333335
-18.033333333333335
-18.166666666666668
-18.333333333333332
-18.166666666666668
-18.133333333333333
-18.2
-18.166666666666668
-18.033333333333335
-17.966666666666665
-18.1
-18.266666666666666
-17.933333333333334
-18.0
-18.033333333333335
-18.1
-18.133333333333333
-18.1
-18.133333333333333
-18.0
-18.0
-17.866666666666667
-18.066666666666666
-17.966666666666665
-17.966666666666665
-18.0
-17.9
-17.966666666666665
-18.1
-17.966666666666665
-18.033333333333335
-18.0
-18.033333333333335
-18.0
-17.933333333333334
-17.933333333333334
-17.933333333333334
-17.766666666666666
-17.766666666666666
-17.766666666666666
-17.766666666666666
-17.766666666666666
-17.766666666666666
-17.766666666666666
-17.766666666666666
-17.766666666666666
-17.766666666666666
-17.766666666666666
-17.766666666666666
-17.766666666666666
-17.766666666666666
-17.833333333333332
-17.866666666666667
-17.766666666666666
-17.833333333333332
-17.3
-16.666666666666668
-15.566666666666666
-15.033333333333333
-13.3
-10.2
-9.566666666666666
-7.9
-6.033333333333333
-6.033333333333333
-6.166666666666667
-6.066666666666666
-6.066666666666666
-6.1
-6.066666666666666
-6.066666666666666
-6.0
-6.066666666666666
-6.066666666666666
-6.066666666666666
-6.0
-6.0
-6.166666666666667
-5.5
-5.5
-5.633333333333334
-5.033333333333333
-4.266666666666667
-3.6333333333333333
-1.8333333333333333
