-167.3
-159.76666666666668
-153.9
-148.03333333333333
-130.73333333333332
-75.43333333333334
-33.9
-30.6
-29.7
-28.733333333333334
-27.7
-26.366666666666667
-25.033333333333335
-24.2
-24.033333333333335
-23.233333333333334
-22.3
-22.566666666666666
-22.2
-21.7
-22.4
-21.3
-21.3
-20.766666666666666
-20.8
-21.2
-21.233333333333334
-21.2
-20.066666666666666
-19.866666666666667
-19.933333333333334
-20.066666666666666
-19.966666666666665
-19.133333333333333
-19.366666666666667
-19.633333333333333
-19.2
-18.966666666666665
-18.7
-18.966666666666665
-18.6
-18.266666666666666
-18.333333333333332
-18.7
-19.033333333333335
-18.1
-18.1
-18.633333333333333
-18.4
-18.333333333333332
-18.533333333333335
-18.066666666666666
-18.133333333333333
-17.866666666666667
-18.333333333333332
-17.9
-17.9
-17.9
-17.866666666666667
-17.333333333333332
-17.433333333333334
-18.033333333333335
-17.833333333333332
-17.466666666666665
-17.566666666666666
-17.7
-17.566666666666666
-17.266666666666666
-17.2
-17.333333333333332
-17.333333333333332
-17.533333333333335
-17.6
-17.2
-17.033333333333335
-17.1
-17.266666666666666
-17.433333333333334
-17.666666666666668
-17.666666666666668
-17.366666666666667
-17.366666666666667
-17.2
-17.166666666666668
-17.1
-16.866666666666667
-16.766666666666666
-16.833333333333332
-16.966666666666665
-17.0
-17.1
-17.2
-16.966666666666665
-16.733333333333334
-16.733333333333334
-16.733333333333334
-16.733333333333334
-16.9
-16.833333333333332
-16.733333333333334
-16.733333333333334
-16.833333333333332
-16.833333333333332
-16.833333333333332
-16.9
-16.766666666666666
-16.7
-16.7
-16.866666666666667
-16.933333333333334
-16.933333333333334
-17.033333333333335
-16.666666666666668
-16.666666666666668
-16.666666666666668
-16.666666666666668
-16.666666666666668
-16.666666666666668
-16.666666666666668
-16.666666666666668
-16.666666666666668
-16.666666666666668
-16.666666666666668
-16.666666666666668
-16.666666666666668
-16.666666666666668
-16.666666666666668
-16.666666666666668
-16.666666666666668
-16.666666666666668
-16.666666666666668
-16.666666666666668
-16.666666666666668
-16.666666666666668
-16.733333333333334
-16.666666666666668
-16.666666666666668
-16.8
-16.933333333333334
-16.833333333333332
-16.6
-16.6
-16.9
-16.866666666666667
-16.566666666666666
-16.566666666666666
-16.566666666666666
-16.566666666666666
-16.566666666666666
-16.566666666666666
-16.566666666666666
-16.566666666666666
-16.566666666666666
-16.566666666666666
-16.566666666666666
-16.566666666666666
-16.566666666666666
-16.566666666666666
-16.566666666666666
-16.566666666666666
-16.566666666666666
-16.566666666666666
-16.566666666666666
-16.566666666666666
-16.566666666666666
-16.566666666666666
-16.566666666666666
-16.633333333333333
-16.566666666666666
-16.566666666666666
-16.666666666666668
-16.7
-16.566666666666666
-16.566666666666666
-16.933333333333334
-16.7
-16.533333333333335
-16.6
-16.733333333333334
-16.6
-16.466666666666665
-16.466666666666665
-16.466666666666665
-16.466666666666665
-16.466666666666665
-16.466666666666665
-16.466666666666665
-16.466666666666665
-16.466666666666665
-16.466666666666665
-16.466666666666665
-16.466666666666665
-16.466666666666665
-16.466666666666665
-16.466666666666665
-16.466666666666665
-16.466666666666665
-16.466666666666665
-16.466666666666665
