-167.3
-159.76666666666668
-159.76666666666668
-154.23333333333332
-154.23333333333332
-149.8
-149.8
-145.6
-145.6
-141.86666666666667
-141.86666666666667
-138.43333333333334
-138.43333333333334
-134.53333333333333
-134.43333333333334
-130.56666666666666
-130.5
-126.53333333333333
-126.5
-122.5
-122.5
-118.26666666666667
-118.23333333333333
-113.0
-112.93333333333334
-106.93333333333334
-106.86666666666666
-100.16666666666667
-100.06666666666666
-92.66666666666667
-92.56666666666666
-85.2
-85.03333333333333
-78.73333333333333
-78.36666666666666
-71.16666666666667
-70.66666666666667
-62.96666666666667
-62.4
-54.43333333333333
-53.93333333333333
-46.166666666666664
-45.733333333333334
-38.733333333333334
-38.3
-33.3
-32.63333333333333
-29.633333333333333
-29.266666666666666
-26.833333333333332
-25.833333333333332
-24.3
-24.1
-23.766666666666666
-23.566666666666666
-22.733333333333334
-22.633333333333333
-22.133333333333333
-22.2
-22.066666666666666
-21.733333333333334
-21.966666666666665
-21.266666666666666
-21.033333333333335
-21.166666666666668
-21.266666666666666
-20.733333333333334
-20.7
-20.333333333333332
-20.133333333333333
-19.866666666666667
-19.7
-19.766666666666666
-19.9
-19.5
-19.5
-19.7
-19.4
-19.033333333333335
-19.3
-19.1
-19.066666666666666
-19.1
-19.166666666666668
-19.233333333333334
-18.866666666666667
-18.9
-19.2
-19.266666666666666
-19.366666666666667
-19.1
-19.1
-18.766666666666666
-18.633333333333333
-18.466666666666665
-18.3
-18.5
-18.1
-18.166666666666668
-18.533333333333335
-18.433333333333334
-18.366666666666667
-18.333333333333332
-18.5
-18.533333333333335
-18.833333333333332
-17.966666666666665
-17.933333333333334
-17.8
-17.9
-18.2
-17.866666666666667
-17.866666666666667
-17.766666666666666
-17.7
-17.766666666666666
-17.666666666666668
-17.666666666666668
-17.666666666666668
-17.666666666666668
-17.666666666666668
-17.666666666666668
-17.666666666666668
-17.666666666666668
-17.666666666666668
-17.666666666666668
-17.666666666666668
-17.666666666666668
-17.866666666666667
-17.8
-17.833333333333332
-17.8
-18.033333333333335
-18.333333333333332
-18.0
-17.966666666666665
-18.1
-18.1
-17.8
-17.866666666666667
-17.966666666666665
-17.966666666666665
-17.9
-17.633333333333333
-17.633333333333333
-17.566666666666666
-17.666666666666668
-17.6
-17.5
-17.5
-17.733333333333334
-17.8
-17.9
-17.7
-17.766666666666666
-17.633333333333333
-17.633333333333333
-17.7
-17.5
-17.5
-17.433333333333334
-17.433333333333334
-17.566666666666666
-17.466666666666665
-17.466666666666665
-17.733333333333334
-17.7
-17.5
-17.5
-17.666666666666668
-17.733333333333334
-17.633333333333333
-17.633333333333333
-17.466666666666665
-17.586206896551722
-17.482758620689655
-17.428571428571427
-17.5
-17.583333333333332
-17.75
-18.0
-18.076923076923077
-18.5
-18.333333333333332
-18.5
-20.0
