-167.33333333333334
-159.8
-153.9
-148.43333333333334
-131.76666666666668
-76.33333333333333
-34.13333333333333
-30.766666666666666
-29.633333333333333
-28.9
-28.266666666666666
-26.8
-25.133333333333333
-24.033333333333335
-23.866666666666667
-23.533333333333335
-22.8
-22.933333333333334
-22.633333333333333
-22.933333333333334
-21.466666666666665
-21.5
-20.9
-20.933333333333334
-20.766666666666666
-20.933333333333334
-20.466666666666665
-19.666666666666668
-19.533333333333335
-20.066666666666666
-20.2
-19.433333333333334
-19.933333333333334
-19.9
-19.233333333333334
-18.933333333333334
-18.7
-18.433333333333334
-18.9
-19.233333333333334
-18.566666666666666
-18.533333333333335
-18.533333333333335
-18.2
-18.2
-17.833333333333332
-17.9
-17.666666666666668
-17.5
-17.6
-17.633333333333333
-17.7
-17.6
-17.666666666666668
-17.8
-17.7
-17.566666666666666
-17.833333333333332
-17.966666666666665
-17.766666666666666
-17.866666666666667
-17.733333333333334
-17.433333333333334
-17.333333333333332
-17.466666666666665
-17.533333333333335
-17.333333333333332
-17.433333333333334
-17.4
-17.266666666666666
-17.533333333333335
-17.433333333333334
-17.266666666666666
-17.233333333333334
-17.233333333333334
-17.266666666666666
-17.266666666666666
-17.4
-17.4
-17.333333333333332
-17.3
-17.466666666666665
-17.333333333333332
-17.3
-17.8
-17.466666666666665
-17.233333333333334
-17.1
-17.3
-17.366666666666667
-17.166666666666668
-17.033333333333335
-17.133333333333333
-17.2
-17.133333333333333
-17.133333333333333
-17.366666666666667
-17.266666666666666
-17.3
-17.266666666666666
-17.166666666666668
-17.233333333333334
-17.066666666666666
-16.966666666666665
-16.966666666666665
-16.966666666666665
-16.966666666666665
-16.966666666666665
-16.966666666666665
-16.966666666666665
-16.966666666666665
-16.966666666666665
-16.966666666666665
-16.966666666666665
-16.966666666666665
-16.966666666666665
-16.966666666666665
-16.966666666666665
-16.966666666666665
-16.966666666666665
-16.966666666666665
-16.966666666666665
-16.966666666666665
-16.966666666666665
-16.966666666666665
-16.966666666666665
-16.966666666666665
-16.966666666666665
-16.966666666666665
-16.966666666666665
-16.966666666666665
-16.966666666666665
-16.966666666666665
-16.966666666666665
-16.966666666666665
-16.966666666666665
-17.1
-17.166666666666668
-17.1
-16.966666666666665
-16.966666666666665
-17.2
-17.1
-16.933333333333334
-16.933333333333334
-16.933333333333334
-16.933333333333334
-16.933333333333334
-16.933333333333334
-16.933333333333334
-16.933333333333334
-16.933333333333334
-16.933333333333334
-16.933333333333334
-16.933333333333334
-16.933333333333334
-16.933333333333334
-16.933333333333334
-16.933333333333334
-16.933333333333334
-17.133333333333333
-17.1
-16.933333333333334
-16.933333333333334
-17.066666666666666
-17.133333333333333
-17.1
-16.966666666666665
-16.933333333333334
-16.933333333333334
-17.066666666666666
-17.5
-16.9
-16.9
-16.9
-16.966666666666665
-16.966666666666665
-16.9
-16.966666666666665
-17.166666666666668
-17.0
-17.033333333333335
-17.1
-17.066666666666666
-17.5
-17.566666666666666
-17.166666666666668
-17.133333333333333
-17.2
-17.333333333333332
-17.166666666666668
-16.866666666666667
-16.766666666666666
-16.766666666666666
-17.166666666666668
-16.9
-16.766666666666666
-16.866666666666667
-16.833333333333332
