-167.36666666666667
-159.86666666666667
-159.16666666666666
-150.8
-122.23333333333333
-64.96666666666667
-59.13333333333333
-51.166666666666664
-50.53333333333333
-49.53333333333333
-48.7
-47.733333333333334
-47.2
-46.233333333333334
-46.06666666666667
-44.666666666666664
-44.46666666666667
-43.7
-43.766666666666666
-43.266666666666666
-42.5
-41.53333333333333
-41.0
-40.46666666666667
-40.53333333333333
-39.233333333333334
-39.166666666666664
-38.3
-37.3
-36.266666666666666
-36.13333333333333
-34.86666666666667
-34.53333333333333
-33.2
-32.93333333333333
-31.566666666666666
-31.166666666666668
-28.766666666666666
-28.433333333333334
-26.533333333333335
-26.033333333333335
-24.266666666666666
-23.966666666666665
-23.033333333333335
-23.0
-22.166666666666668
-22.033333333333335
-21.233333333333334
-21.266666666666666
-20.166666666666668
-19.966666666666665
-20.233333333333334
-19.5
-19.866666666666667
-19.733333333333334
-19.466666666666665
-18.966666666666665
-18.866666666666667
-18.5
-18.533333333333335
-18.366666666666667
-18.233333333333334
-18.233333333333334
-18.166666666666668
-18.166666666666668
-18.066666666666666
-18.166666666666668
-18.3
-18.1
-18.1
-17.833333333333332
-17.866666666666667
-18.066666666666666
-18.033333333333335
-17.9
-17.9
-17.9
-18.033333333333335
-18.4
-18.066666666666666
-18.133333333333333
-18.033333333333335
-17.666666666666668
-17.566666666666666
-17.466666666666665
-17.466666666666665
-17.4
-17.566666666666666
-17.566666666666666
-17.566666666666666
-17.466666666666665
-17.6
-17.866666666666667
-17.666666666666668
-17.666666666666668
-17.8
-17.633333333333333
-17.533333333333335
-17.4
-17.4
-17.333333333333332
-17.333333333333332
-17.333333333333332
-17.333333333333332
-17.333333333333332
-17.333333333333332
-17.4
-17.333333333333332
-17.333333333333332
-17.333333333333332
-17.4
-17.333333333333332
-17.4
-17.4
-17.5
-17.6
-17.466666666666665
-17.466666666666665
-17.5
-17.433333333333334
-17.566666666666666
-17.333333333333332
-17.333333333333332
-17.333333333333332
-17.266666666666666
-17.266666666666666
-17.266666666666666
-17.333333333333332
-17.333333333333332
-17.3
-17.366666666666667
-17.366666666666667
-17.3
-17.366666666666667
-17.266666666666666
-17.266666666666666
-17.233333333333334
-17.266666666666666
-17.266666666666666
-17.166666666666668
-17.166666666666668
-17.166666666666668
-17.166666666666668
-17.166666666666668
-17.166666666666668
-17.266666666666666
-17.166666666666668
-17.166666666666668
-17.266666666666666
-17.3
-17.266666666666666
-17.266666666666666
-17.2
-17.2
-17.2
-17.133333333333333
-17.133333333333333
-17.133333333333333
-17.133333333333333
-17.133333333333333
-17.133333333333333
-17.133333333333333
-16.7
-16.633333333333333
-15.566666666666666
-13.933333333333334
-12.4
-11.166666666666666
-7.8
-4.966666666666667
-4.333333333333333
-4.333333333333333
-4.3
-4.2
-4.3
-4.4
-3.6
-3.6
-3.6666666666666665
-3.0
-3.0
-1.8333333333333333
-0.6
