-25.0
-22.5
-22.0
-21.666666666666668
-21.233333333333334
-21.033333333333335
-20.933333333333334
-20.833333333333332
-20.666666666666668
-20.566666666666666
-20.466666666666665
-20.433333333333334
-20.333333333333332
-20.3
-20.233333333333334
-20.133333333333333
-20.1
-20.033333333333335
-20.0
-19.933333333333334
-19.833333333333332
-19.8
-19.766666666666666
-19.7
-19.666666666666668
-19.633333333333333
-19.633333333333333
-19.566666666666666
-19.533333333333335
-19.5
-19.5
-19.466666666666665
-19.466666666666665
-19.466666666666665
-19.466666666666665
-19.433333333333334
-19.3
-19.3
-19.3
-19.3
-19.3
-19.3
-19.3
-19.233333333333334
-19.233333333333334
-19.233333333333334
-19.233333333333334
-19.233333333333334
-19.233333333333334
-19.233333333333334
-19.233333333333334
-19.233333333333334
-19.233333333333334
-19.2
-19.2
-19.2
-19.2
-19.2
-19.2
-19.2
-19.2
-19.2
-19.133333333333333
-19.133333333333333
-19.133333333333333
-19.133333333333333
-19.133333333333333
-19.133333333333333
-19.133333333333333
-19.133333333333333
-19.133333333333333
-19.133333333333333
-19.133333333333333
-19.133333333333333
-19.133333333333333
-19.133333333333333
-19.133333333333333
-19.133333333333333
-19.1
-19.1
-19.1
-19.1
-19.1
-19.1
-19.1
-19.1
-19.1
-19.1
-19.1
-19.1
-19.1
-19.1
-19.1
-19.1
-19.1
-19.1
-19.1
-19.1
-19.1
-19.1
-19.1
-19.066666666666666
-19.066666666666666
-19.066666666666666
-19.066666666666666
-19.066666666666666
-19.066666666666666
-19.066666666666666
-19.066666666666666
-19.066666666666666
-19.066666666666666
-19.066666666666666
-19.066666666666666
-19.066666666666666
-19.066666666666666
-19.066666666666666
-19.066666666666666
-19.066666666666666
-19.066666666666666
-19.066666666666666
-19.066666666666666
-19.066666666666666
-19.066666666666666
-19.066666666666666
-19.066666666666666
-19.066666666666666
-19.066666666666666
-19.066666666666666
-19.066666666666666
-19.066666666666666
-19.066666666666666
-19.066666666666666
-19.066666666666666
-19.066666666666666
-19.066666666666666
-19.066666666666666
-19.066666666666666
-19.066666666666666
-19.066666666666666
-19.066666666666666
-19.066666666666666
-19.066666666666666
-19.066666666666666
-19.066666666666666
-19.066666666666666
-19.066666666666666
-19.066666666666666
-19.066666666666666
-19.066666666666666
-19.066666666666666
-19.066666666666666
-19.066666666666666
-19.066666666666666
-19.066666666666666
-19.066666666666666
-19.066666666666666
-19.066666666666666
-19.066666666666666
-19.066666666666666
-19.066666666666666
-19.066666666666666
-19.066666666666666
-19.066666666666666
-19.066666666666666
-19.066666666666666
-19.066666666666666
-19.066666666666666
-19.066666666666666
-19.066666666666666
-19.066666666666666
-19.066666666666666
-19.066666666666666
-19.066666666666666
-19.066666666666666
-19.066666666666666
-19.066666666666666
-19.066666666666666
-19.066666666666666
-19.066666666666666
-19.066666666666666
-19.066666666666666
-19.066666666666666
-19.066666666666666
-19.066666666666666
-19.066666666666666
-19.066666666666666
-19.066666666666666
-19.066666666666666
-19.066666666666666
-19.066666666666666
-19.066666666666666
-19.066666666666666
-19.066666666666666
-19.066666666666666
-19.066666666666666
-19.066666666666666
-19.066666666666666
-19.066666666666666
-19.066666666666666
