-25.0
-22.5
-21.966666666666665
-21.466666666666665
-21.266666666666666
-21.133333333333333
-20.9
-20.766666666666666
-20.7
-20.6
-20.5
-20.433333333333334
-20.366666666666667
-20.366666666666667
-20.3
-20.233333333333334
-20.1
-20.066666666666666
-19.966666666666665
-19.866666666666667
-19.833333333333332
-19.8
-19.8
-19.7
-19.633333333333333
-19.633333333333333
-19.6
-19.5
-19.466666666666665
-19.4
-19.366666666666667
-19.366666666666667
-19.333333333333332
-19.333333333333332
-19.333333333333332
-19.3
-19.3
-19.3
-19.3
-19.3
-19.3
-19.266666666666666
-19.233333333333334
-19.2
-19.2
-19.2
-19.2
-19.2
-19.166666666666668
-19.166666666666668
-19.166666666666668
-19.166666666666668
-19.166666666666668
-19.166666666666668
-19.166666666666668
-19.166666666666668
-19.166666666666668
-19.166666666666668
-19.166666666666668
-19.166666666666668
-19.166666666666668
-19.166666666666668
-19.166666666666668
-19.166666666666668
-19.166666666666668
-19.166666666666668
-19.166666666666668
-19.166666666666668
-19.166666666666668
-19.166666666666668
-19.166666666666668
-19.166666666666668
-19.166666666666668
-19.166666666666668
-19.166666666666668
-19.166666666666668
-19.166666666666668
-19.166666666666668
-19.166666666666668
-19.133333333333333
-19.133333333333333
-19.133333333333333
-19.133333333333333
-19.1
-19.1
-19.1
-19.1
-19.1
-19.1
-19.1
-19.1
-19.1
-19.1
-19.1
-19.1
-19.1
-19.1
-19.1
-19.1
-19.1
-19.1
-19.1
-19.1
-19.1
-19.1
-19.1
-19.1
-19.1
-19.1
-19.1
-19.1
-19.1
-19.1
-19.1
-19.1
-19.1
-19.1
-19.1
-19.1
-19.1
-19.1
-19.1
-19.1
-19.1
-19.1
-19.1
-19.1
-19.1
-19.1
-19.1
-19.1
-19.1
-19.1
-19.1
-19.1
-19.1
-19.1
-19.1
-19.1
-19.1
-19.1
-19.1
-19.1
-19.1
-19.1
-19.1
-19.1
-19.1
-19.1
-19.1
-19.1
-19.1
-19.1
-19.1
-19.1
-19.1
-19.1
-19.1
-19.1
-19.1
-19.1
-19.1
-19.1
-19.1
-19.1
-19.1
-19.1
-19.1
-19.1
-19.1
-19.1
-19.1
-19.1
-19.1
-19.1
-19.1
-19.1
-19.1
-19.1
-19.1
-19.1
-19.1
-19.1
-19.1
-19.1
-19.1
-19.1
-19.1
-19.1
-19.1
-19.1
-19.1
-19.1
-19.1
-19.1
-19.1
-19.1
-19.1
-19.1
