-25.0
-22.5
-22.0
-21.666666666666668
-21.266666666666666
-21.166666666666668
-20.933333333333334
-20.833333333333332
-20.766666666666666
-20.666666666666668
-20.6
-20.466666666666665
-20.366666666666667
-20.3
-20.2
-20.133333333333333
-20.066666666666666
-19.933333333333334
-19.933333333333334
-19.9
-19.8
-19.8
-19.733333333333334
-19.733333333333334
-19.7
-19.666666666666668
-19.633333333333333
-19.566666666666666
-19.566666666666666
-19.566666666666666
-19.566666666666666
-19.566666666666666
-19.466666666666665
-19.4
-19.333333333333332
-19.266666666666666
-19.233333333333334
-19.166666666666668
-19.2
-19.166666666666668
-19.166666666666668
-19.166666666666668
-19.166666666666668
-19.166666666666668
-19.133333333333333
-19.133333333333333
-19.133333333333333
-19.133333333333333
-19.133333333333333
-19.133333333333333
-19.133333333333333
-19.133333333333333
-19.133333333333333
-19.133333333333333
-19.133333333333333
-19.133333333333333
-19.133333333333333
-19.133333333333333
-19.133333333333333
-19.133333333333333
-19.133333333333333
-19.133333333333333
-19.133333333333333
-19.133333333333333
-19.133333333333333
-19.133333333333333
-19.133333333333333
-19.133333333333333
-19.133333333333333
-19.133333333333333
-19.133333333333333
-19.1
-19.1
-19.1
-19.1
-19.1
-19.1
-19.1
-19.1
-19.1
-19.1
-19.1
-19.1
-19.1
-19.1
-19.1
-19.1
-19.1
-19.1
-19.1
-19.1
-19.1
-19.1
-19.1
-19.1
-19.1
-19.1
-19.1
-19.1
-19.1
-19.1
-19.1
-19.1
-19.1
-19.1
-19.1
-19.1
-19.1
-19.1
-19.1
-19.1
-19.1
-19.1
-19.1
-19.1
-19.1
-19.1
-19.1
-19.1
-19.1
-19.1
-19.1
-19.1
-19.1
-19.1
-19.1
-19.1
-19.1
-19.1
-19.1
-19.1
-19.1
-19.1
-19.1
-19.1
-19.1
-19.1
-19.1
-19.1
-19.1
-19.1
-19.1
-19.1
-19.1
-19.1
-19.1
-19.1
-19.1
-19.1
-19.1
-19.1
-19.1
-19.1
-19.1
-19.1
-19.1
-19.1
-19.1
-19.1
-19.1
-19.1
-19.1
-19.1
-19.1
-19.1
-19.1
-19.1
-19.1
-19.1
-19.1
-19.1
-19.1
-19.1
-19.1
-19.1
-19.1
-19.1
-19.1
-19.1
-19.1
-19.1
-19.1
-19.1
-19.1
-19.1
-19.1
-19.1
-19.1
-19.1
-19.1
-19.1
-19.1
-19.1
-19.1
-19.1
-19.1
-19.1
-19.1
-19.1
