-25.0
-22.5
-22.566666666666666
-21.933333333333334
-21.533333333333335
-21.533333333333335
-21.233333333333334
-21.033333333333335
-20.866666666666667
-20.766666666666666
-20.666666666666668
-20.6
-20.5
-20.466666666666665
-20.466666666666665
-20.433333333333334
-20.333333333333332
-20.266666666666666
-20.266666666666666
-20.166666666666668
-20.166666666666668
-20.133333333333333
-20.066666666666666
-20.033333333333335
-19.9
-19.866666666666667
-19.866666666666667
-19.666666666666668
-19.7
-19.666666666666668
-19.666666666666668
-19.566666666666666
-19.566666666666666
-19.533333333333335
-19.533333333333335
-19.5
-19.5
-19.466666666666665
-19.466666666666665
-19.433333333333334
-19.433333333333334
-19.433333333333334
-19.433333333333334
-19.433333333333334
-19.4
-19.4
-19.366666666666667
-19.333333333333332
-19.333333333333332
-19.266666666666666
-19.233333333333334
-19.233333333333334
-19.233333333333334
-19.233333333333334
-19.2
-19.2
-19.2
-19.2
-19.2
-19.2
-19.2
-19.2
-19.2
-19.2
-19.2
-19.2
-19.2
-19.2
-19.2
-19.166666666666668
-19.166666666666668
-19.166666666666668
-19.166666666666668
-19.166666666666668
-19.166666666666668
-19.166666666666668
-19.166666666666668
-19.166666666666668
-19.166666666666668
-19.166666666666668
-19.166666666666668
-19.166666666666668
-19.166666666666668
-19.166666666666668
-19.166666666666668
-19.166666666666668
-19.166666666666668
-19.166666666666668
-19.166666666666668
-19.166666666666668
-19.166666666666668
-19.166666666666668
-19.166666666666668
-19.166666666666668
-19.166666666666668
-19.166666666666668
-19.166666666666668
-19.166666666666668
-19.166666666666668
-19.166666666666668
-19.166666666666668
-19.166666666666668
-19.166666666666668
-19.166666666666668
-19.166666666666668
-19.166666666666668
-19.166666666666668
-19.133333333333333
-19.166666666666668
-19.133333333333333
-19.133333333333333
-19.133333333333333
-19.133333333333333
-19.133333333333333
-19.133333333333333
-19.133333333333333
-19.133333333333333
-19.133333333333333
-19.133333333333333
-19.133333333333333
-19.133333333333333
-19.133333333333333
-19.133333333333333
-19.133333333333333
-19.133333333333333
-19.133333333333333
-19.133333333333333
-19.133333333333333
-19.133333333333333
-19.133333333333333
-19.133333333333333
-19.133333333333333
-19.133333333333333
-19.133333333333333
-19.133333333333333
-19.133333333333333
-19.133333333333333
-19.133333333333333
-19.133333333333333
-19.133333333333333
-19.133333333333333
-19.133333333333333
-19.133333333333333
-19.133333333333333
-19.133333333333333
-19.133333333333333
-19.133333333333333
-19.133333333333333
-19.133333333333333
-19.133333333333333
-19.133333333333333
-19.133333333333333
-19.133333333333333
-19.133333333333333
-19.133333333333333
-19.133333333333333
-19.133333333333333
-19.133333333333333
-19.133333333333333
-19.133333333333333
-19.133333333333333
-19.133333333333333
-19.133333333333333
-19.133333333333333
-19.133333333333333
-19.133333333333333
-19.133333333333333
-19.133333333333333
-19.133333333333333
-19.133333333333333
-19.133333333333333
-19.133333333333333
-19.133333333333333
-19.133333333333333
-19.133333333333333
-19.133333333333333
-19.133333333333333
-19.133333333333333
-19.133333333333333
-19.133333333333333
-19.133333333333333
-19.133333333333333
-19.133333333333333
-19.133333333333333
-19.133333333333333
-19.133333333333333
-19.133333333333333
-19.133333333333333
-19.133333333333333
-19.133333333333333
-19.133333333333333
-19.103448275862068
-19.103448275862068
-19.103448275862068
-19.076923076923077
-19.08
-19.294117647058822
-20.5
