-25.0
-22.466666666666665
-22.0
-21.566666666666666
-21.333333333333332
-21.0
-20.9
-20.833333333333332
-20.766666666666666
-20.666666666666668
-20.566666666666666
-20.5
-20.433333333333334
-20.433333333333334
-20.333333333333332
-20.2
-20.166666666666668
-20.1
-20.1
-19.966666666666665
-19.966666666666665
-19.933333333333334
-19.866666666666667
-19.8
-19.733333333333334
-19.733333333333334
-19.7
-19.6
-19.6
-19.6
-19.566666666666666
-19.533333333333335
-19.433333333333334
-19.433333333333334
-19.433333333333334
-19.433333333333334
-19.4
-19.333333333333332
-19.3
-19.3
-19.266666666666666
-19.266666666666666
-19.266666666666666
-19.266666666666666
-19.266666666666666
-19.233333333333334
-19.2
-19.2
-19.2
-19.2
-19.2
-19.2
-19.2
-19.2
-19.2
-19.2
-19.2
-19.2
-19.2
-19.2
-19.2
-19.2
-19.2
-19.2
-19.2
-19.2
-19.2
-19.2
-19.2
-19.2
-19.2
-19.2
-19.2
-19.2
-19.2
-19.2
-19.2
-19.2
-19.166666666666668
-19.166666666666668
-19.166666666666668
-19.166666666666668
-19.133333333333333
-19.133333333333333
-19.133333333333333
-19.133333333333333
-19.133333333333333
-19.133333333333333
-19.133333333333333
-19.133333333333333
-19.133333333333333
-19.133333333333333
-19.133333333333333
-19.133333333333333
-19.133333333333333
-19.133333333333333
-19.133333333333333
-19.133333333333333
-19.133333333333333
-19.133333333333333
-19.133333333333333
-19.133333333333333
-19.133333333333333
-19.133333333333333
-19.133333333333333
-19.133333333333333
-19.133333333333333
-19.133333333333333
-19.133333333333333
-19.133333333333333
-19.133333333333333
-19.133333333333333
-19.133333333333333
-19.133333333333333
-19.133333333333333
-19.133333333333333
-19.133333333333333
-19.133333333333333
-19.133333333333333
-19.133333333333333
-19.133333333333333
-19.133333333333333
-19.133333333333333
-19.133333333333333
-19.133333333333333
-19.133333333333333
-19.133333333333333
-19.133333333333333
-19.133333333333333
-19.133333333333333
-19.133333333333333
-19.133333333333333
-19.133333333333333
-19.133333333333333
-19.133333333333333
-19.133333333333333
-19.133333333333333
-19.133333333333333
-19.133333333333333
-19.133333333333333
-19.133333333333333
-19.133333333333333
-19.133333333333333
-19.133333333333333
-19.133333333333333
-19.133333333333333
-19.133333333333333
-19.133333333333333
-19.133333333333333
-19.133333333333333
-19.133333333333333
-19.133333333333333
-19.133333333333333
-19.133333333333333
-19.133333333333333
-19.133333333333333
-19.133333333333333
-19.133333333333333
-19.133333333333333
-19.133333333333333
-19.133333333333333
-19.133333333333333
-19.133333333333333
-19.133333333333333
-19.133333333333333
-19.133333333333333
-19.133333333333333
-19.133333333333333
-19.133333333333333
-19.133333333333333
-19.133333333333333
-19.133333333333333
-19.133333333333333
-19.133333333333333
-19.133333333333333
-19.133333333333333
-19.133333333333333
-19.133333333333333
-19.133333333333333
-19.133333333333333
-19.133333333333333
-19.133333333333333
-19.133333333333333
-19.133333333333333
-19.133333333333333
-19.133333333333333
-19.133333333333333
-19.133333333333333
-19.133333333333333
-19.133333333333333
-19.133333333333333
-19.133333333333333
-19.133333333333333
-19.133333333333333
-19.133333333333333
-19.133333333333333
-19.133333333333333
-19.133333333333333
-19.133333333333333
