-25.0
-22.5
-22.5
-21.966666666666665
-21.633333333333333
-21.533333333333335
-21.233333333333334
-21.066666666666666
-20.866666666666667
-20.8
-20.733333333333334
-20.733333333333334
-20.666666666666668
-20.533333333333335
-20.5
-20.466666666666665
-20.4
-20.266666666666666
-20.233333333333334
-20.2
-20.166666666666668
-20.133333333333333
-19.966666666666665
-19.966666666666665
-19.866666666666667
-19.833333333333332
-19.7
-19.666666666666668
-19.633333333333333
-19.633333333333333
-19.633333333333333
-19.633333333333333
-19.6
-19.566666666666666
-19.566666666666666
-19.566666666666666
-19.566666666666666
-19.533333333333335
-19.533333333333335
-19.533333333333335
-19.533333333333335
-19.533333333333335
-19.533333333333335
-19.5
-19.433333333333334
-19.433333333333334
-19.4
-19.333333333333332
-19.3
-19.233333333333334
-19.233333333333334
-19.233333333333334
-19.2
-19.2
-19.2
-19.2
-19.2
-19.2
-19.2
-19.2
-19.2
-19.2
-19.2
-19.2
-19.2
-19.2
-19.2
-19.2
-19.2
-19.2
-19.2
-19.2
-19.2
-19.2
-19.2
-19.2
-19.2
-19.2
-19.166666666666668
-19.166666666666668
-19.166666666666668
-19.166666666666668
-19.166666666666668
-19.166666666666668
-19.166666666666668
-19.166666666666668
-19.166666666666668
-19.166666666666668
-19.166666666666668
-19.166666666666668
-19.166666666666668
-19.166666666666668
-19.166666666666668
-19.166666666666668
-19.166666666666668
-19.166666666666668
-19.166666666666668
-19.166666666666668
-19.166666666666668
-19.166666666666668
-19.166666666666668
-19.166666666666668
-19.166666666666668
-19.166666666666668
-19.166666666666668
-19.166666666666668
-19.166666666666668
-19.166666666666668
-19.166666666666668
-19.133333333333333
-19.133333333333333
-19.133333333333333
-19.133333333333333
-19.133333333333333
-19.133333333333333
-19.133333333333333
-19.133333333333333
-19.133333333333333
-19.133333333333333
-19.133333333333333
-19.133333333333333
-19.133333333333333
-19.133333333333333
-19.133333333333333
-19.133333333333333
-19.133333333333333
-19.133333333333333
-19.133333333333333
-19.133333333333333
-19.133333333333333
-19.133333333333333
-19.133333333333333
-19.133333333333333
-19.133333333333333
-19.133333333333333
-19.133333333333333
-19.133333333333333
-19.133333333333333
-19.133333333333333
-19.133333333333333
-19.133333333333333
-19.133333333333333
-19.133333333333333
-19.133333333333333
-19.133333333333333
-19.133333333333333
-19.133333333333333
-19.133333333333333
-19.133333333333333
-19.133333333333333
-19.133333333333333
-19.133333333333333
-19.133333333333333
-19.133333333333333
-19.133333333333333
-19.133333333333333
-19.133333333333333
-19.133333333333333
-19.133333333333333
-19.133333333333333
-19.133333333333333
-19.133333333333333
-19.133333333333333
-19.133333333333333
-19.133333333333333
-19.133333333333333
-19.133333333333333
-19.133333333333333
-19.133333333333333
-19.133333333333333
-19.133333333333333
-19.133333333333333
-19.133333333333333
-19.133333333333333
-19.133333333333333
-19.133333333333333
-19.133333333333333
-19.133333333333333
-19.133333333333333
-19.133333333333333
-19.133333333333333
-19.133333333333333
-19.133333333333333
-19.133333333333333
-19.133333333333333
-19.133333333333333
-19.133333333333333
-19.133333333333333
-19.133333333333333
-19.133333333333333
-19.133333333333333
-19.133333333333333
-19.133333333333333
-19.133333333333333
-19.133333333333333
-19.133333333333333
-17.333333333333332
-2.066666666666667
