-25.0
-22.5
-22.033333333333335
-21.7
-21.366666666666667
-21.2
-21.033333333333335
-20.9
-20.866666666666667
-20.7
-20.5
-20.466666666666665
-20.4
-20.333333333333332
-20.266666666666666
-20.133333333333333
-20.1
-20.1
-20.066666666666666
-20.033333333333335
-19.9
-19.866666666666667
-19.866666666666667
-19.866666666666667
-19.833333333333332
-19.8
-19.7
-19.666666666666668
-19.666666666666668
-19.666666666666668
-19.566666666666666
-19.533333333333335
-19.466666666666665
-19.433333333333334
-19.433333333333334
-19.4
-19.366666666666667
-19.366666666666667
-19.366666666666667
-19.3
-19.3
-19.266666666666666
-19.266666666666666
-19.233333333333334
-19.233333333333334
-19.166666666666668
-19.133333333333333
-19.133333333333333
-19.133333333333333
-19.133333333333333
-19.1
-19.1
-19.1
-19.1
-19.1
-19.1
-19.1
-19.1
-19.1
-19.1
-19.1
-19.1
-19.1
-19.1
-19.1
-19.1
-19.1
-19.1
-19.066666666666666
-19.066666666666666
-19.066666666666666
-19.066666666666666
-19.066666666666666
-19.066666666666666
-19.066666666666666
-19.066666666666666
-19.066666666666666
-19.066666666666666
-19.066666666666666
-19.066666666666666
-19.033333333333335
-19.033333333333335
-19.033333333333335
-19.033333333333335
-19.033333333333335
-19.033333333333335
-19.033333333333335
-19.033333333333335
-19.033333333333335
-19.033333333333335
-19.033333333333335
-19.033333333333335
-19.033333333333335
-19.033333333333335
-19.033333333333335
-19.033333333333335
-19.033333333333335
-19.033333333333335
-19.033333333333335
-19.033333333333335
-19.033333333333335
-19.033333333333335
-19.033333333333335
-19.033333333333335
-19.033333333333335
-19.033333333333335
-19.033333333333335
-19.033333333333335
-19.033333333333335
-19.033333333333335
-19.033333333333335
-19.033333333333335
-19.033333333333335
-19.033333333333335
-19.033333333333335
-19.033333333333335
-19.033333333333335
-19.033333333333335
-19.033333333333335
-19.033333333333335
-19.033333333333335
-19.033333333333335
-19.033333333333335
-19.033333333333335
-19.033333333333335
-19.033333333333335
-19.033333333333335
-19.033333333333335
-19.033333333333335
-19.033333333333335
-19.033333333333335
-19.033333333333335
-19.033333333333335
-19.033333333333335
-19.033333333333335
-19.033333333333335
-19.033333333333335
-19.033333333333335
-19.033333333333335
-19.033333333333335
-19.033333333333335
-19.033333333333335
-19.033333333333335
-19.033333333333335
-19.033333333333335
-19.033333333333335
-19.033333333333335
-19.033333333333335
-19.033333333333335
-19.033333333333335
-19.033333333333335
-19.033333333333335
-19.033333333333335
-19.033333333333335
-19.033333333333335
-19.033333333333335
-19.033333333333335
-19.033333333333335
-19.033333333333335
-19.033333333333335
-19.033333333333335
-19.033333333333335
-19.033333333333335
-19.033333333333335
-19.033333333333335
-19.033333333333335
-19.033333333333335
-19.033333333333335
-19.033333333333335
-19.033333333333335
-19.033333333333335
-19.033333333333335
-19.033333333333335
-19.033333333333335
-19.033333333333335
-19.033333333333335
-19.033333333333335
-19.033333333333335
-19.033333333333335
-19.033333333333335
-19.033333333333335
-19.033333333333335
-19.033333333333335
-19.033333333333335
-19.033333333333335
-19.033333333333335
-19.033333333333335
-19.033333333333335
-19.033333333333335
-19.033333333333335
-19.033333333333335
-19.033333333333335
-19.033333333333335
-19.033333333333335
-19.033333333333335
-19.033333333333335
-19.033333333333335
-19.033333333333335
-19.033333333333335
