-25.0
-22.5
-22.566666666666666
-21.9
-21.6
-21.466666666666665
-21.233333333333334
-21.1
-20.966666666666665
-20.933333333333334
-20.766666666666666
-20.733333333333334
-20.666666666666668
-20.566666666666666
-20.433333333333334
-20.366666666666667
-20.4
-20.366666666666667
-20.266666666666666
-20.233333333333334
-20.2
-20.066666666666666
-20.033333333333335
-19.966666666666665
-19.9
-19.933333333333334
-19.766666666666666
-19.8
-19.766666666666666
-19.733333333333334
-19.666666666666668
-19.666666666666668
-19.666666666666668
-19.633333333333333
-19.633333333333333
-19.633333333333333
-19.6
-19.566666666666666
-19.566666666666666
-19.566666666666666
-19.566666666666666
-19.533333333333335
-19.5
-19.533333333333335
-19.466666666666665
-19.466666666666665
-19.466666666666665
-19.466666666666665
-19.466666666666665
-19.4
-19.4
-19.366666666666667
-19.366666666666667
-19.333333333333332
-19.3
-19.333333333333332
-19.333333333333332
-19.3
-19.3
-19.266666666666666
-19.3
-19.266666666666666
-19.266666666666666
-19.266666666666666
-19.233333333333334
-19.233333333333334
-19.233333333333334
-19.233333333333334
-19.233333333333334
-19.233333333333334
-19.233333333333334
-19.233333333333334
-19.233333333333334
-19.233333333333334
-19.233333333333334
-19.233333333333334
-19.2
-19.2
-19.2
-19.2
-19.2
-19.2
-19.166666666666668
-19.2
-19.2
-19.2
-19.166666666666668
-19.166666666666668
-19.166666666666668
-19.166666666666668
-19.166666666666668
-19.166666666666668
-19.166666666666668
-19.166666666666668
-19.166666666666668
-19.166666666666668
-19.166666666666668
-19.166666666666668
-19.166666666666668
-19.166666666666668
-19.166666666666668
-19.166666666666668
-19.166666666666668
-19.166666666666668
-19.166666666666668
-19.166666666666668
-19.166666666666668
-19.166666666666668
-19.166666666666668
-19.166666666666668
-19.166666666666668
-19.166666666666668
-19.166666666666668
-19.166666666666668
-19.166666666666668
-19.166666666666668
-19.166666666666668
-19.166666666666668
-19.166666666666668
-19.166666666666668
-19.166666666666668
-19.166666666666668
-19.166666666666668
-19.166666666666668
-19.166666666666668
-19.166666666666668
-19.166666666666668
-19.166666666666668
-19.166666666666668
-19.166666666666668
-19.166666666666668
-19.166666666666668
-19.166666666666668
-19.166666666666668
-19.166666666666668
-19.166666666666668
-19.166666666666668
-19.166666666666668
-19.166666666666668
-19.166666666666668
-19.166666666666668
-19.166666666666668
-19.166666666666668
-19.166666666666668
-19.166666666666668
-19.166666666666668
-19.166666666666668
-19.166666666666668
-19.166666666666668
-19.166666666666668
-19.166666666666668
-19.166666666666668
-19.166666666666668
-19.166666666666668
-19.166666666666668
-19.166666666666668
-19.166666666666668
-19.166666666666668
-19.166666666666668
-19.166666666666668
-19.166666666666668
-19.166666666666668
-19.166666666666668
-19.166666666666668
-19.166666666666668
-19.166666666666668
-19.166666666666668
-19.166666666666668
-19.166666666666668
-19.166666666666668
-19.166666666666668
-19.166666666666668
-19.166666666666668
-19.166666666666668
-19.166666666666668
-19.166666666666668
-19.166666666666668
-19.166666666666668
-19.166666666666668
-19.166666666666668
-19.166666666666668
-19.166666666666668
-19.166666666666668
-19.166666666666668
-19.166666666666668
-19.166666666666668
-19.166666666666668
-19.166666666666668
-19.166666666666668
-19.166666666666668
-19.166666666666668
-19.137931034482758
-19.137931034482758
-19.142857142857142
-19.153846153846153
-19.2
-19.428571428571427
-20.0
