-28.066666666666666
-24.633333333333333
-23.6
-23.233333333333334
-22.8
-22.633333333333333
-22.366666666666667
-22.066666666666666
-22.0
-21.833333333333332
-21.7
-21.666666666666668
-21.533333333333335
-21.433333333333334
-21.466666666666665
-21.4
-21.333333333333332
-21.2
-21.133333333333333
-21.0
-21.0
-21.0
-21.0
-20.933333333333334
-20.933333333333334
-20.933333333333334
-20.833333333333332
-20.8
-20.766666666666666
-20.733333333333334
-20.7
-20.666666666666668
-20.666666666666668
-20.666666666666668
-20.633333333333333
-20.633333333333333
-20.566666666666666
-20.566666666666666
-20.5
-20.5
-20.5
-20.5
-20.5
-20.466666666666665
-20.466666666666665
-20.433333333333334
-20.466666666666665
-20.433333333333334
-20.433333333333334
-20.433333333333334
-20.433333333333334
-20.433333333333334
-20.433333333333334
-20.433333333333334
-20.433333333333334
-20.433333333333334
-20.4
-20.4
-20.4
-20.4
-20.4
-20.4
-20.366666666666667
-20.366666666666667
-20.366666666666667
-20.366666666666667
-20.366666666666667
-20.366666666666667
-20.366666666666667
-20.366666666666667
-20.366666666666667
-20.366666666666667
-20.366666666666667
-20.366666666666667
-20.366666666666667
-20.366666666666667
-20.366666666666667
-20.366666666666667
-20.366666666666667
-20.366666666666667
-20.366666666666667
-20.366666666666667
-20.366666666666667
-20.366666666666667
-20.366666666666667
-20.366666666666667
-20.366666666666667
-20.333333333333332
-20.333333333333332
-20.333333333333332
-20.333333333333332
-20.333333333333332
-20.333333333333332
-20.333333333333332
-20.333333333333332
-20.333333333333332
-20.333333333333332
-20.333333333333332
-20.333333333333332
-20.333333333333332
-20.333333333333332
-20.333333333333332
-20.333333333333332
-20.333333333333332
-20.333333333333332
-20.333333333333332
-20.333333333333332
-20.333333333333332
-20.333333333333332
-20.333333333333332
-20.333333333333332
-20.333333333333332
-20.333333333333332
-20.333333333333332
-20.333333333333332
-20.333333333333332
-20.333333333333332
-20.333333333333332
-20.333333333333332
-20.333333333333332
-20.333333333333332
-20.333333333333332
-20.333333333333332
-20.333333333333332
-20.333333333333332
-20.333333333333332
-20.333333333333332
-20.333333333333332
-20.333333333333332
-20.333333333333332
-20.333333333333332
-20.333333333333332
-20.333333333333332
-20.333333333333332
-20.333333333333332
-20.333333333333332
-20.333333333333332
-20.333333333333332
-20.333333333333332
-20.333333333333332
-20.333333333333332
-20.333333333333332
-20.333333333333332
-20.333333333333332
-20.333333333333332
-20.333333333333332
-20.333333333333332
-20.333333333333332
-20.333333333333332
-20.333333333333332
-20.333333333333332
-20.333333333333332
-20.333333333333332
-20.333333333333332
-20.333333333333332
-20.333333333333332
-20.333333333333332
-20.333333333333332
-20.333333333333332
-20.333333333333332
-20.333333333333332
-20.333333333333332
-20.333333333333332
-20.333333333333332
-20.333333333333332
-20.333333333333332
-20.333333333333332
-20.333333333333332
-20.333333333333332
-20.333333333333332
-20.333333333333332
-20.333333333333332
-20.333333333333332
-20.333333333333332
-20.333333333333332
-20.333333333333332
-20.333333333333332
-20.333333333333332
-20.333333333333332
-20.333333333333332
-20.333333333333332
-20.333333333333332
-20.333333333333332
-20.333333333333332
-20.333333333333332
-20.333333333333332
-20.333333333333332
-20.333333333333332
-20.333333333333332
-20.333333333333332
-20.333333333333332
-20.333333333333332
-20.333333333333332
-20.333333333333332
-20.333333333333332
-20.333333333333332
-20.333333333333332
-20.333333333333332
-20.333333333333332
