-28.1
-24.633333333333333
-23.733333333333334
-23.333333333333332
-22.933333333333334
-22.566666666666666
-22.466666666666665
-22.266666666666666
-22.033333333333335
-21.866666666666667
-21.633333333333333
-21.633333333333333
-21.566666666666666
-21.5
-21.433333333333334
-21.366666666666667
-21.333333333333332
-21.266666666666666
-21.2
-21.133333333333333
-21.066666666666666
-21.033333333333335
-20.933333333333334
-20.866666666666667
-20.833333333333332
-20.766666666666666
-20.7
-20.666666666666668
-20.666666666666668
-20.633333333333333
-20.633333333333333
-20.6
-20.6
-20.5
-20.5
-20.466666666666665
-20.466666666666665
-20.466666666666665
-20.466666666666665
-20.466666666666665
-20.466666666666665
-20.433333333333334
-20.4
-20.4
-20.366666666666667
-20.366666666666667
-20.366666666666667
-20.366666666666667
-20.366666666666667
-20.333333333333332
-20.333333333333332
-20.333333333333332
-20.333333333333332
-20.333333333333332
-20.333333333333332
-20.333333333333332
-20.333333333333332
-20.333333333333332
-20.333333333333332
-20.333333333333332
-20.333333333333332
-20.333333333333332
-20.333333333333332
-20.333333333333332
-20.3
-20.3
-20.3
-20.3
-20.3
-20.3
-20.3
-20.3
-20.3
-20.3
-20.3
-20.3
-20.3
-20.3
-20.3
-20.3
-20.3
-20.3
-20.3
-20.3
-20.266666666666666
-20.266666666666666
-20.266666666666666
-20.266666666666666
-20.266666666666666
-20.266666666666666
-20.266666666666666
-20.266666666666666
-20.266666666666666
-20.266666666666666
-20.266666666666666
-20.266666666666666
-20.266666666666666
-20.266666666666666
-20.266666666666666
-20.266666666666666
-20.266666666666666
-20.266666666666666
-20.266666666666666
-20.266666666666666
-20.266666666666666
-20.266666666666666
-20.266666666666666
-20.266666666666666
-20.266666666666666
-20.266666666666666
-20.266666666666666
-20.266666666666666
-20.266666666666666
-20.266666666666666
-20.266666666666666
-20.266666666666666
-20.266666666666666
-20.266666666666666
-20.266666666666666
-20.266666666666666
-20.266666666666666
-20.266666666666666
-20.266666666666666
-20.266666666666666
-20.266666666666666
-20.266666666666666
-20.266666666666666
-20.266666666666666
-20.266666666666666
-20.266666666666666
-20.266666666666666
-20.266666666666666
-20.266666666666666
-20.266666666666666
-20.266666666666666
-20.266666666666666
-20.266666666666666
-20.266666666666666
-20.266666666666666
-20.266666666666666
-20.266666666666666
-20.266666666666666
-20.266666666666666
-20.266666666666666
-20.266666666666666
-20.266666666666666
-20.266666666666666
-20.266666666666666
-20.266666666666666
-20.266666666666666
-20.266666666666666
-20.266666666666666
-20.266666666666666
-20.266666666666666
-20.266666666666666
-20.266666666666666
-20.266666666666666
-20.266666666666666
-20.266666666666666
-20.266666666666666
-20.266666666666666
-20.266666666666666
-20.266666666666666
-20.266666666666666
-20.266666666666666
-20.266666666666666
-20.266666666666666
-20.266666666666666
-20.266666666666666
-20.266666666666666
-20.266666666666666
-20.266666666666666
-20.266666666666666
-20.266666666666666
-20.266666666666666
-20.266666666666666
-20.266666666666666
-20.266666666666666
-20.266666666666666
-20.266666666666666
-20.266666666666666
-20.266666666666666
-20.266666666666666
-20.266666666666666
-20.266666666666666
-20.266666666666666
-20.266666666666666
-20.266666666666666
-20.266666666666666
-20.266666666666666
-20.266666666666666
-20.266666666666666
-20.266666666666666
-20.266666666666666
-20.266666666666666
-20.266666666666666
-20.266666666666666
-20.266666666666666
-20.266666666666666
