-28.1
-24.666666666666668
-23.833333333333332
-23.233333333333334
-22.866666666666667
-22.666666666666668
-22.4
-22.233333333333334
-22.0
-21.9
-21.9
-21.766666666666666
-21.666666666666668
-21.566666666666666
-21.533333333333335
-21.433333333333334
-21.366666666666667
-21.333333333333332
-21.3
-21.233333333333334
-21.166666666666668
-21.133333333333333
-21.133333333333333
-21.0
-20.933333333333334
-20.9
-20.866666666666667
-20.766666666666666
-20.766666666666666
-20.7
-20.666666666666668
-20.666666666666668
-20.6
-20.6
-20.6
-20.6
-20.566666666666666
-20.566666666666666
-20.566666666666666
-20.566666666666666
-20.566666666666666
-20.533333333333335
-20.533333333333335
-20.533333333333335
-20.5
-20.5
-20.5
-20.466666666666665
-20.466666666666665
-20.466666666666665
-20.466666666666665
-20.466666666666665
-20.466666666666665
-20.466666666666665
-20.466666666666665
-20.433333333333334
-20.366666666666667
-20.366666666666667
-20.366666666666667
-20.366666666666667
-20.366666666666667
-20.366666666666667
-20.366666666666667
-20.366666666666667
-20.366666666666667
-20.366666666666667
-20.366666666666667
-20.366666666666667
-20.366666666666667
-20.333333333333332
-20.333333333333332
-20.333333333333332
-20.333333333333332
-20.333333333333332
-20.333333333333332
-20.333333333333332
-20.333333333333332
-20.333333333333332
-20.333333333333332
-20.333333333333332
-20.333333333333332
-20.333333333333332
-20.333333333333332
-20.333333333333332
-20.333333333333332
-20.333333333333332
-20.333333333333332
-20.333333333333332
-20.333333333333332
-20.333333333333332
-20.333333333333332
-20.333333333333332
-20.333333333333332
-20.333333333333332
-20.333333333333332
-20.333333333333332
-20.333333333333332
-20.333333333333332
-20.333333333333332
-20.333333333333332
-20.333333333333332
-20.333333333333332
-20.333333333333332
-20.333333333333332
-20.333333333333332
-20.333333333333332
-20.333333333333332
-20.333333333333332
-20.333333333333332
-20.333333333333332
-20.333333333333332
-20.333333333333332
-20.333333333333332
-20.333333333333332
-20.333333333333332
-20.333333333333332
-20.333333333333332
-20.333333333333332
-20.333333333333332
-20.333333333333332
-20.333333333333332
-20.333333333333332
-20.333333333333332
-20.333333333333332
-20.333333333333332
-20.333333333333332
-20.333333333333332
-20.333333333333332
-20.333333333333332
-20.333333333333332
-20.333333333333332
-20.333333333333332
-20.333333333333332
-20.333333333333332
-20.333333333333332
-20.333333333333332
-20.333333333333332
-20.333333333333332
-20.333333333333332
-20.333333333333332
-20.333333333333332
-20.333333333333332
-20.333333333333332
-20.333333333333332
-20.333333333333332
-20.333333333333332
-20.333333333333332
-20.333333333333332
-20.333333333333332
-20.333333333333332
-20.333333333333332
-20.333333333333332
-20.333333333333332
-20.333333333333332
-20.333333333333332
-20.333333333333332
-20.333333333333332
-20.333333333333332
-20.333333333333332
-20.333333333333332
-20.333333333333332
-20.333333333333332
-20.333333333333332
-20.333333333333332
-20.333333333333332
-20.333333333333332
-20.333333333333332
-20.333333333333332
-20.333333333333332
-20.333333333333332
-20.333333333333332
-20.333333333333332
-20.333333333333332
-20.333333333333332
-20.333333333333332
-20.333333333333332
-20.333333333333332
-20.333333333333332
-20.333333333333332
-20.333333333333332
-20.333333333333332
-20.333333333333332
-20.333333333333332
-20.333333333333332
-20.333333333333332
-20.333333333333332
-20.333333333333332
-20.333333333333332
-20.333333333333332
-20.333333333333332
-20.333333333333332
-20.333333333333332
-20.333333333333332
-20.333333333333332
-20.333333333333332
-20.333333333333332
-20.333333333333332
-20.333333333333332
-20.333333333333332
