-28.133333333333333
-24.666666666666668
-24.633333333333333
-23.633333333333333
-23.466666666666665
-22.933333333333334
-22.633333333333333
-22.566666666666666
-22.366666666666667
-22.233333333333334
-22.133333333333333
-22.0
-21.933333333333334
-21.733333333333334
-21.766666666666666
-21.566666666666666
-21.466666666666665
-21.466666666666665
-21.333333333333332
-21.3
-21.266666666666666
-21.2
-21.133333333333333
-21.133333333333333
-21.066666666666666
-21.066666666666666
-21.0
-21.0
-20.9
-20.866666666666667
-20.9
-20.833333333333332
-20.833333333333332
-20.833333333333332
-20.766666666666666
-20.733333333333334
-20.733333333333334
-20.666666666666668
-20.733333333333334
-20.633333333333333
-20.633333333333333
-20.6
-20.6
-20.6
-20.6
-20.6
-20.566666666666666
-20.566666666666666
-20.566666666666666
-20.533333333333335
-20.566666666666666
-20.533333333333335
-20.533333333333335
-20.5
-20.5
-20.5
-20.5
-20.466666666666665
-20.433333333333334
-20.4
-20.4
-20.4
-20.4
-20.4
-20.4
-20.4
-20.4
-20.4
-20.4
-20.4
-20.4
-20.4
-20.4
-20.4
-20.4
-20.4
-20.4
-20.4
-20.4
-20.4
-20.4
-20.4
-20.4
-20.4
-20.4
-20.4
-20.4
-20.4
-20.4
-20.4
-20.4
-20.4
-20.4
-20.4
-20.4
-20.4
-20.4
-20.4
-20.4
-20.4
-20.4
-20.4
-20.4
-20.4
-20.4
-20.4
-20.4
-20.4
-20.4
-20.4
-20.4
-20.4
-20.4
-20.4
-20.4
-20.4
-20.4
-20.366666666666667
-20.366666666666667
-20.366666666666667
-20.366666666666667
-20.366666666666667
-20.366666666666667
-20.366666666666667
-20.366666666666667
-20.366666666666667
-20.366666666666667
-20.366666666666667
-20.366666666666667
-20.366666666666667
-20.366666666666667
-20.366666666666667
-20.366666666666667
-20.366666666666667
-20.366666666666667
-20.366666666666667
-20.366666666666667
-20.366666666666667
-20.366666666666667
-20.366666666666667
-20.366666666666667
-20.366666666666667
-20.366666666666667
-20.366666666666667
-20.366666666666667
-20.366666666666667
-20.366666666666667
-20.366666666666667
-20.366666666666667
-20.366666666666667
-20.366666666666667
-20.366666666666667
-20.366666666666667
-20.366666666666667
-20.366666666666667
-20.366666666666667
-20.366666666666667
-20.366666666666667
-20.366666666666667
-20.366666666666667
-20.366666666666667
-20.366666666666667
-20.366666666666667
-20.366666666666667
-20.366666666666667
-20.366666666666667
-20.366666666666667
-20.366666666666667
-20.366666666666667
-20.366666666666667
-20.366666666666667
-20.366666666666667
-20.366666666666667
-19.666666666666668
-19.666666666666668
-19.666666666666668
-19.666666666666668
-19.666666666666668
-19.666666666666668
-19.666666666666668
-19.666666666666668
-19.666666666666668
-19.666666666666668
-19.666666666666668
-19.0
-18.3
-18.3
-18.3
-18.3
-18.3
-17.6
-17.6
-17.6
-16.933333333333334
-15.533333333333333
-13.566666666666666
-6.2
