-28.166666666666668
-24.666666666666668
-23.8
-23.3
-22.933333333333334
-22.7
-22.6
-22.466666666666665
-22.2
-22.033333333333335
-21.933333333333334
-21.833333333333332
-21.8
-21.8
-21.733333333333334
-21.666666666666668
-21.6
-21.566666666666666
-21.466666666666665
-21.4
-21.3
-21.3
-21.266666666666666
-21.133333333333333
-21.133333333333333
-21.066666666666666
-21.0
-21.0
-21.0
-20.933333333333334
-20.833333333333332
-20.833333333333332
-20.8
-20.8
-20.8
-20.733333333333334
-20.633333333333333
-20.6
-20.6
-20.6
-20.566666666666666
-20.533333333333335
-20.533333333333335
-20.5
-20.5
-20.466666666666665
-20.466666666666665
-20.466666666666665
-20.466666666666665
-20.433333333333334
-20.433333333333334
-20.4
-20.4
-20.4
-20.4
-20.4
-20.4
-20.4
-20.4
-20.4
-20.4
-20.4
-20.4
-20.4
-20.4
-20.4
-20.4
-20.4
-20.4
-20.4
-20.4
-20.4
-20.366666666666667
-20.366666666666667
-20.366666666666667
-20.366666666666667
-20.366666666666667
-20.366666666666667
-20.366666666666667
-20.366666666666667
-20.366666666666667
-20.366666666666667
-20.366666666666667
-20.366666666666667
-20.366666666666667
-20.366666666666667
-20.366666666666667
-20.366666666666667
-20.366666666666667
-20.366666666666667
-20.366666666666667
-20.366666666666667
-20.366666666666667
-20.366666666666667
-20.366666666666667
-20.366666666666667
-20.366666666666667
-20.366666666666667
-20.366666666666667
-20.366666666666667
-20.366666666666667
-20.366666666666667
-20.366666666666667
-20.366666666666667
-20.366666666666667
-20.366666666666667
-20.366666666666667
-20.366666666666667
-20.366666666666667
-20.366666666666667
-20.366666666666667
-20.366666666666667
-20.366666666666667
-20.366666666666667
-20.366666666666667
-20.366666666666667
-20.366666666666667
-20.366666666666667
-20.366666666666667
-20.366666666666667
-20.366666666666667
-20.366666666666667
-20.366666666666667
-20.366666666666667
-20.366666666666667
-20.366666666666667
-20.366666666666667
-20.366666666666667
-20.366666666666667
-20.366666666666667
-20.366666666666667
-20.366666666666667
-20.366666666666667
-20.366666666666667
-20.366666666666667
-20.366666666666667
-20.366666666666667
-20.366666666666667
-20.366666666666667
-20.333333333333332
-20.333333333333332
-20.333333333333332
-20.333333333333332
-20.333333333333332
-20.333333333333332
-20.333333333333332
-20.3
-20.3
-20.3
-20.3
-20.3
-20.3
-20.3
-20.3
-20.3
-20.3
-20.3
-20.3
-20.3
-20.3
-20.3
-20.3
-20.3
-20.3
-20.3
-20.3
-20.3
-20.3
-20.3
-20.3
-20.3
-20.3
-20.3
-20.3
-20.3
-20.3
-20.3
-20.3
-20.3
-20.3
-20.3
-20.3
-20.3
-20.3
-20.3
-20.3
-20.3
-20.3
-20.3
-20.3
-20.3
-20.3
-20.3
-20.3
-20.3
-20.3
-20.3
-20.3
-20.3
