-28.133333333333333
-24.666666666666668
-24.666666666666668
-23.866666666666667
-23.666666666666668
-23.2
-22.9
-22.7
-22.533333333333335
-22.333333333333332
-22.2
-22.0
-21.9
-21.8
-21.7
-21.7
-21.566666666666666
-21.5
-21.4
-21.233333333333334
-21.233333333333334
-21.2
-21.2
-21.166666666666668
-21.166666666666668
-21.1
-21.066666666666666
-21.0
-20.9
-20.8
-20.8
-20.7
-20.7
-20.633333333333333
-20.633333333333333
-20.633333333333333
-20.633333333333333
-20.6
-20.566666666666666
-20.566666666666666
-20.566666666666666
-20.533333333333335
-20.466666666666665
-20.433333333333334
-20.433333333333334
-20.433333333333334
-20.433333333333334
-20.433333333333334
-20.433333333333334
-20.433333333333334
-20.4
-20.4
-20.4
-20.4
-20.4
-20.4
-20.4
-20.366666666666667
-20.366666666666667
-20.366666666666667
-20.366666666666667
-20.333333333333332
-20.333333333333332
-20.333333333333332
-20.333333333333332
-20.333333333333332
-20.333333333333332
-20.333333333333332
-20.333333333333332
-20.333333333333332
-20.333333333333332
-20.333333333333332
-20.333333333333332
-20.333333333333332
-20.333333333333332
-20.333333333333332
-20.333333333333332
-20.333333333333332
-20.333333333333332
-20.333333333333332
-20.333333333333332
-20.333333333333332
-20.333333333333332
-20.333333333333332
-20.333333333333332
-20.333333333333332
-20.333333333333332
-20.333333333333332
-20.333333333333332
-20.333333333333332
-20.333333333333332
-20.333333333333332
-20.333333333333332
-20.333333333333332
-20.333333333333332
-20.333333333333332
-20.333333333333332
-20.333333333333332
-20.333333333333332
-20.333333333333332
-20.333333333333332
-20.333333333333332
-20.333333333333332
-20.333333333333332
-20.3
-20.3
-20.3
-20.3
-20.3
-20.3
-20.3
-20.3
-20.3
-20.3
-20.3
-20.3
-20.3
-20.3
-20.3
-20.3
-20.3
-20.3
-20.3
-20.3
-20.3
-20.3
-20.3
-20.3
-20.3
-20.3
-20.3
-20.3
-20.3
-20.3
-20.3
-20.3
-20.3
-20.3
-20.3
-20.3
-20.3
-20.3
-20.3
-20.3
-20.3
-20.3
-20.3
-20.3
-20.3
-20.3
-20.3
-20.3
-20.3
-20.3
-20.3
-20.3
-20.3
-20.3
-20.3
-20.3
-20.3
-20.3
-20.3
-20.3
-20.3
-20.3
-20.3
-20.3
-20.3
-20.3
-20.3
-20.3
-20.3
-20.3
-20.3
-20.3
-20.3
-20.3
-20.3
-20.3
-20.3
-20.3
-20.3
-20.3
-20.3
-20.3
-20.3
-20.3
-20.3
-20.3
-20.3
-20.3
-20.3
-20.3
-20.3
-20.3
-11.7
