-28.133333333333333
-24.666666666666668
-23.733333333333334
-23.366666666666667
-23.033333333333335
-22.7
-22.6
-22.433333333333334
-22.333333333333332
-22.0
-21.966666666666665
-21.833333333333332
-21.666666666666668
-21.666666666666668
-21.566666666666666
-21.533333333333335
-21.433333333333334
-21.433333333333334
-21.433333333333334
-21.366666666666667
-21.333333333333332
-21.3
-21.233333333333334
-21.1
-20.966666666666665
-20.933333333333334
-20.9
-20.9
-20.866666666666667
-20.9
-20.833333333333332
-20.8
-20.766666666666666
-20.733333333333334
-20.733333333333334
-20.7
-20.7
-20.666666666666668
-20.633333333333333
-20.633333333333333
-20.6
-20.6
-20.6
-20.6
-20.566666666666666
-20.5
-20.5
-20.5
-20.5
-20.5
-20.5
-20.5
-20.433333333333334
-20.433333333333334
-20.433333333333334
-20.4
-20.4
-20.4
-20.4
-20.366666666666667
-20.366666666666667
-20.366666666666667
-20.366666666666667
-20.366666666666667
-20.366666666666667
-20.366666666666667
-20.4
-20.366666666666667
-20.366666666666667
-20.366666666666667
-20.366666666666667
-20.366666666666667
-20.366666666666667
-20.366666666666667
-20.366666666666667
-20.366666666666667
-20.366666666666667
-20.366666666666667
-20.366666666666667
-20.366666666666667
-20.366666666666667
-20.366666666666667
-20.366666666666667
-20.366666666666667
-20.366666666666667
-20.366666666666667
-20.366666666666667
-20.366666666666667
-20.366666666666667
-20.366666666666667
-20.366666666666667
-20.366666666666667
-20.366666666666667
-20.366666666666667
-20.366666666666667
-20.366666666666667
-20.366666666666667
-20.366666666666667
-20.366666666666667
-20.366666666666667
-20.366666666666667
-20.366666666666667
-20.366666666666667
-20.366666666666667
-20.366666666666667
-20.366666666666667
-20.366666666666667
-20.366666666666667
-20.366666666666667
-20.366666666666667
-20.366666666666667
-20.366666666666667
-20.366666666666667
-20.366666666666667
-20.366666666666667
-20.366666666666667
-20.366666666666667
-20.366666666666667
-20.366666666666667
-20.366666666666667
-20.366666666666667
-20.366666666666667
-20.366666666666667
-20.366666666666667
-20.366666666666667
-20.366666666666667
-20.366666666666667
-20.366666666666667
-20.366666666666667
-20.366666666666667
-20.366666666666667
-20.366666666666667
-20.366666666666667
-20.366666666666667
-20.366666666666667
-20.366666666666667
-20.366666666666667
-20.366666666666667
-20.366666666666667
-20.366666666666667
-20.366666666666667
-20.366666666666667
-20.366666666666667
-20.366666666666667
-20.366666666666667
-20.366666666666667
-20.366666666666667
-20.366666666666667
-20.366666666666667
-20.366666666666667
-20.366666666666667
-20.366666666666667
-20.366666666666667
-20.366666666666667
-20.366666666666667
-20.366666666666667
-20.366666666666667
-20.366666666666667
-20.366666666666667
-20.366666666666667
-20.366666666666667
-20.366666666666667
-20.366666666666667
-20.366666666666667
-20.366666666666667
-20.366666666666667
-20.366666666666667
-20.366666666666667
-20.366666666666667
-20.366666666666667
-20.366666666666667
-20.366666666666667
-20.366666666666667
-20.366666666666667
-20.366666666666667
-20.366666666666667
-20.366666666666667
-20.366666666666667
-20.366666666666667
-20.366666666666667
-20.366666666666667
-20.366666666666667
-20.366666666666667
-20.366666666666667
-20.366666666666667
-20.366666666666667
-20.366666666666667
-20.366666666666667
-20.366666666666667
-20.366666666666667
-20.366666666666667
-20.366666666666667
-20.366666666666667
-20.366666666666667
-20.366666666666667
-20.366666666666667
-20.366666666666667
-20.366666666666667
-20.366666666666667
