-28.166666666666668
-24.7
-24.666666666666668
-23.766666666666666
-23.6
-23.233333333333334
-22.766666666666666
-22.566666666666666
-22.5
-22.366666666666667
-22.266666666666666
-22.066666666666666
-21.966666666666665
-21.9
-21.9
-21.766666666666666
-21.666666666666668
-21.6
-21.566666666666666
-21.466666666666665
-21.366666666666667
-21.466666666666665
-21.3
-21.3
-21.2
-21.2
-21.166666666666668
-21.1
-21.1
-21.1
-21.033333333333335
-20.933333333333334
-20.933333333333334
-20.766666666666666
-20.766666666666666
-20.733333333333334
-20.733333333333334
-20.7
-20.666666666666668
-20.7
-20.666666666666668
-20.666666666666668
-20.666666666666668
-20.633333333333333
-20.6
-20.566666666666666
-20.566666666666666
-20.566666666666666
-20.533333333333335
-20.533333333333335
-20.5
-20.5
-20.5
-20.5
-20.5
-20.466666666666665
-20.5
-20.466666666666665
-20.466666666666665
-20.466666666666665
-20.466666666666665
-20.466666666666665
-20.466666666666665
-20.466666666666665
-20.466666666666665
-20.466666666666665
-20.466666666666665
-20.466666666666665
-20.466666666666665
-20.466666666666665
-20.433333333333334
-20.466666666666665
-20.433333333333334
-20.4
-20.433333333333334
-20.4
-20.4
-20.4
-20.4
-20.4
-20.4
-20.4
-20.4
-20.4
-20.4
-20.4
-20.4
-20.4
-20.4
-20.4
-20.4
-20.4
-20.4
-20.4
-20.4
-20.4
-20.4
-20.4
-20.4
-20.4
-20.4
-20.4
-20.4
-20.4
-20.4
-20.4
-20.4
-20.4
-20.4
-20.4
-20.4
-20.4
-20.4
-20.4
-20.4
-20.4
-20.4
-20.4
-20.4
-20.4
-20.4
-20.4
-20.4
-20.4
-20.4
-20.4
-20.4
-20.4
-20.4
-20.4
-20.4
-20.4
-20.4
-20.4
-20.4
-20.4
-20.4
-20.4
-20.4
-20.4
-20.4
-20.4
-20.4
-20.4
-20.4
-20.4
-20.4
-20.4
-20.4
-20.4
-20.4
-20.4
-20.4
-20.4
-20.4
-20.4
-20.4
-20.4
-20.4
-20.4
-20.4
-20.4
-20.4
-20.4
-20.4
-20.4
-20.4
-20.4
-20.4
-20.4
-20.4
-20.4
-20.4
-20.4
-20.4
-20.4
-20.4
-20.4
-20.4
-20.4
-20.4
-20.4
-20.4
-20.4
-20.4
-20.366666666666667
-20.366666666666667
-20.366666666666667
-20.366666666666667
-20.379310344827587
-20.37037037037037
-20.37037037037037
-20.37037037037037
-20.37037037037037
-20.375
-20.428571428571427
-20.77777777777778
