-167.33333333333334
-160.03333333333333
-155.06666666666666
-151.43333333333334
-148.93333333333334
-147.16666666666666
-146.16666666666666
-145.66666666666666
-145.4
-145.3
-145.13333333333333
-145.06666666666666
-145.0
-144.96666666666667
-144.93333333333334
-144.93333333333334
-144.93333333333334
-144.93333333333334
-144.93333333333334
-144.93333333333334
-144.93333333333334
-144.93333333333334
-144.93333333333334
-144.93333333333334
-144.93333333333334
-144.93333333333334
-144.93333333333334
-144.93333333333334
-144.93333333333334
-144.93333333333334
-144.93333333333334
-144.93333333333334
-144.93333333333334
-144.93333333333334
-144.93333333333334
-144.93333333333334
-144.93333333333334
-144.93333333333334
-144.93333333333334
-144.93333333333334
-144.93333333333334
-144.93333333333334
-144.93333333333334
-144.93333333333334
-144.93333333333334
-144.93333333333334
-144.93333333333334
-144.93333333333334
-144.93333333333334
-144.93333333333334
-144.93333333333334
-144.93333333333334
-144.93333333333334
-144.93333333333334
-144.93333333333334
-144.93333333333334
-144.93333333333334
-144.93333333333334
-144.93333333333334
-144.93333333333334
-144.93333333333334
-144.93333333333334
-144.93333333333334
-144.93333333333334
-144.93333333333334
-144.93333333333334
-144.93333333333334
-144.93333333333334
-144.93333333333334
-144.93333333333334
-144.93333333333334
-144.93333333333334
-144.93333333333334
-144.93333333333334
-144.93333333333334
-144.93333333333334
-144.93333333333334
-144.93333333333334
-144.93333333333334
-144.93333333333334
-144.93333333333334
-144.93333333333334
-144.93333333333334
-144.93333333333334
-144.93333333333334
-144.93333333333334
-144.93333333333334
-144.93333333333334
-144.93333333333334
-144.93333333333334
-144.93333333333334
-144.93333333333334
-144.93333333333334
-144.93333333333334
-144.93333333333334
-144.93333333333334
-144.93333333333334
-144.93333333333334
-144.93333333333334
-144.93333333333334
-144.93333333333334
-144.93333333333334
-144.93333333333334
-144.93333333333334
-144.93333333333334
-144.93333333333334
-144.93333333333334
-144.93333333333334
-144.93333333333334
-144.93333333333334
-144.93333333333334
-144.93333333333334
-144.93333333333334
-144.93333333333334
-144.93333333333334
-144.93333333333334
-144.93333333333334
-144.93333333333334
-144.93333333333334
-144.93333333333334
-144.93333333333334
-144.93333333333334
-144.93333333333334
-144.93333333333334
-144.93333333333334
-144.93333333333334
-144.93333333333334
-144.93333333333334
-144.93333333333334
-144.93333333333334
-144.93333333333334
-144.93333333333334
-144.93333333333334
-144.93333333333334
-144.93333333333334
-144.93333333333334
-144.93333333333334
-144.93333333333334
-144.93333333333334
-144.93333333333334
-144.93333333333334
-144.93333333333334
-144.93333333333334
-144.93333333333334
-144.93333333333334
-144.93333333333334
-144.93333333333334
-144.93333333333334
-144.93333333333334
-144.93333333333334
-144.93333333333334
-144.93333333333334
-144.93333333333334
-144.93333333333334
-144.93333333333334
-144.93333333333334
-144.93333333333334
-144.93333333333334
-144.93333333333334
-144.93333333333334
-144.93333333333334
-144.93333333333334
-144.93333333333334
-144.93333333333334
-144.93333333333334
-144.93333333333334
-144.93333333333334
-144.93333333333334
-144.93333333333334
-144.93333333333334
-144.93333333333334
-144.93333333333334
-144.93333333333334
-144.93333333333334
-144.93333333333334
-144.93333333333334
-144.93333333333334
-144.93333333333334
-144.93333333333334
-144.93333333333334
-144.93333333333334
-144.93333333333334
-144.93333333333334
-144.93333333333334
-144.93333333333334
-144.93333333333334
-144.93333333333334
-144.93333333333334
-144.93333333333334
-144.93333333333334
-144.93333333333334
-144.93333333333334
-144.93333333333334
-144.93333333333334
-144.93333333333334
-144.93333333333334
-144.93333333333334
-144.93333333333334
-144.93333333333334
