-167.26666666666668
-159.96666666666667
-155.0
-151.5
-149.0
-147.26666666666668
-146.66666666666666
-146.2
-145.86666666666667
-145.7
-145.6
-145.6
-145.56666666666666
-145.46666666666667
-145.46666666666667
-145.46666666666667
-145.46666666666667
-145.46666666666667
-145.46666666666667
-145.46666666666667
-145.46666666666667
-145.46666666666667
-145.46666666666667
-145.46666666666667
-145.46666666666667
-145.46666666666667
-145.46666666666667
-145.46666666666667
-145.46666666666667
-145.46666666666667
-145.46666666666667
-145.46666666666667
-145.46666666666667
-145.46666666666667
-145.46666666666667
-145.46666666666667
-145.46666666666667
-145.46666666666667
-145.46666666666667
-145.46666666666667
-145.46666666666667
-145.46666666666667
-145.46666666666667
-145.46666666666667
-145.46666666666667
-145.46666666666667
-145.46666666666667
-145.46666666666667
-145.46666666666667
-145.46666666666667
-145.46666666666667
-145.46666666666667
-145.46666666666667
-145.46666666666667
-145.46666666666667
-145.46666666666667
-145.46666666666667
-145.46666666666667
-145.46666666666667
-145.46666666666667
-145.46666666666667
-145.46666666666667
-145.46666666666667
-145.46666666666667
-145.46666666666667
-145.46666666666667
-145.46666666666667
-145.46666666666667
-145.46666666666667
-145.46666666666667
-145.46666666666667
-145.46666666666667
-145.46666666666667
-145.46666666666667
-145.46666666666667
-145.46666666666667
-145.46666666666667
-145.46666666666667
-145.46666666666667
-145.46666666666667
-145.46666666666667
-145.46666666666667
-145.46666666666667
-145.46666666666667
-145.46666666666667
-145.46666666666667
-145.46666666666667
-145.46666666666667
-145.46666666666667
-145.46666666666667
-145.46666666666667
-145.46666666666667
-145.46666666666667
-145.46666666666667
-145.46666666666667
-145.46666666666667
-145.46666666666667
-145.46666666666667
-145.46666666666667
-145.46666666666667
-145.46666666666667
-145.46666666666667
-145.46666666666667
-145.46666666666667
-145.46666666666667
-145.46666666666667
-145.46666666666667
-145.46666666666667
-145.46666666666667
-145.46666666666667
-145.46666666666667
-145.46666666666667
-145.46666666666667
-145.46666666666667
-145.46666666666667
-145.46666666666667
-145.46666666666667
-145.46666666666667
-145.46666666666667
-145.46666666666667
-145.46666666666667
-145.46666666666667
-145.46666666666667
-145.46666666666667
-145.46666666666667
-145.46666666666667
-145.46666666666667
-145.46666666666667
-145.46666666666667
-145.46666666666667
-145.46666666666667
-145.46666666666667
-145.46666666666667
-145.46666666666667
-145.46666666666667
-145.46666666666667
-145.46666666666667
-145.46666666666667
-145.46666666666667
-145.46666666666667
-145.46666666666667
-145.46666666666667
-145.46666666666667
-145.46666666666667
-145.46666666666667
-145.46666666666667
-145.46666666666667
-145.46666666666667
-145.46666666666667
-145.46666666666667
-145.46666666666667
-145.46666666666667
-145.46666666666667
-145.46666666666667
-145.46666666666667
-145.46666666666667
-145.46666666666667
-145.46666666666667
-145.46666666666667
-145.46666666666667
-145.46666666666667
-145.46666666666667
-145.46666666666667
-145.46666666666667
-145.46666666666667
-145.46666666666667
-145.46666666666667
-145.46666666666667
-145.46666666666667
-145.46666666666667
-145.46666666666667
-145.46666666666667
-145.46666666666667
-145.46666666666667
-145.46666666666667
-145.46666666666667
-145.46666666666667
-145.46666666666667
-145.46666666666667
-145.46666666666667
-145.46666666666667
-145.46666666666667
-145.46666666666667
-145.46666666666667
-145.46666666666667
-145.46666666666667
-145.46666666666667
-145.46666666666667
-145.46666666666667
-145.46666666666667
-145.46666666666667
-145.46666666666667
-145.46666666666667
-145.46666666666667
-145.46666666666667
-145.46666666666667
-145.46666666666667
-145.46666666666667
-145.46666666666667
