-167.26666666666668
-159.96666666666667
-154.8
-151.4
-148.76666666666668
-147.13333333333333
-146.06666666666666
-145.36666666666667
-145.1
-144.66666666666666
-144.63333333333333
-144.5
-144.43333333333334
-144.33333333333334
-144.33333333333334
-144.33333333333334
-144.33333333333334
-144.33333333333334
-144.33333333333334
-144.33333333333334
-144.33333333333334
-144.33333333333334
-144.33333333333334
-144.33333333333334
-144.33333333333334
-144.33333333333334
-144.33333333333334
-144.33333333333334
-144.33333333333334
-144.33333333333334
-144.33333333333334
-144.33333333333334
-144.33333333333334
-144.33333333333334
-144.33333333333334
-144.33333333333334
-144.33333333333334
-144.33333333333334
-144.33333333333334
-144.33333333333334
-144.33333333333334
-144.33333333333334
-144.33333333333334
-144.33333333333334
-144.33333333333334
-144.33333333333334
-144.33333333333334
-144.33333333333334
-144.33333333333334
-144.33333333333334
-144.33333333333334
-144.33333333333334
-144.33333333333334
-144.33333333333334
-144.33333333333334
-144.33333333333334
-144.33333333333334
-144.33333333333334
-144.33333333333334
-144.33333333333334
-144.33333333333334
-144.33333333333334
-144.33333333333334
-144.33333333333334
-144.33333333333334
-144.33333333333334
-144.33333333333334
-144.33333333333334
-144.33333333333334
-144.33333333333334
-144.33333333333334
-144.33333333333334
-144.33333333333334
-144.33333333333334
-144.33333333333334
-144.33333333333334
-144.33333333333334
-144.33333333333334
-144.33333333333334
-144.33333333333334
-144.33333333333334
-144.33333333333334
-144.33333333333334
-144.33333333333334
-144.33333333333334
-144.33333333333334
-144.33333333333334
-144.33333333333334
-144.33333333333334
-144.33333333333334
-144.33333333333334
-144.33333333333334
-144.33333333333334
-144.33333333333334
-144.33333333333334
-144.33333333333334
-144.33333333333334
-144.33333333333334
-144.33333333333334
-144.33333333333334
-144.33333333333334
-144.33333333333334
-144.33333333333334
-144.33333333333334
-144.33333333333334
-144.33333333333334
-144.33333333333334
-144.33333333333334
-144.33333333333334
-144.33333333333334
-144.33333333333334
-144.33333333333334
-144.33333333333334
-144.33333333333334
-144.33333333333334
-144.33333333333334
-144.33333333333334
-144.33333333333334
-144.33333333333334
-144.33333333333334
-144.33333333333334
-144.33333333333334
-144.33333333333334
-144.33333333333334
-144.33333333333334
-144.33333333333334
-144.33333333333334
-144.33333333333334
-144.33333333333334
-144.33333333333334
-144.33333333333334
-144.33333333333334
-144.33333333333334
-144.33333333333334
-144.33333333333334
-144.33333333333334
-144.33333333333334
-144.33333333333334
-144.33333333333334
-144.33333333333334
-144.33333333333334
-144.33333333333334
-144.33333333333334
-144.33333333333334
-144.33333333333334
-144.33333333333334
-144.33333333333334
-144.33333333333334
-144.33333333333334
-144.33333333333334
-144.33333333333334
-144.33333333333334
-144.33333333333334
-144.33333333333334
-144.33333333333334
-144.33333333333334
-144.33333333333334
-144.33333333333334
-144.33333333333334
-144.33333333333334
-144.33333333333334
-144.33333333333334
-144.33333333333334
-144.33333333333334
-144.33333333333334
-144.33333333333334
-144.33333333333334
-144.33333333333334
-144.33333333333334
-144.33333333333334
-144.33333333333334
-144.33333333333334
-144.33333333333334
-144.33333333333334
-144.33333333333334
-144.33333333333334
-144.33333333333334
-144.33333333333334
-144.33333333333334
-144.33333333333334
-144.33333333333334
-144.33333333333334
-144.33333333333334
-144.33333333333334
-144.33333333333334
-144.33333333333334
-144.33333333333334
-144.33333333333334
-144.33333333333334
-144.33333333333334
-144.33333333333334
-144.33333333333334
-144.33333333333334
-144.33333333333334
-144.33333333333334
-144.33333333333334
-144.33333333333334
-144.33333333333334
-144.33333333333334
