-167.3
-160.0
-159.5
-153.3
-150.83333333333334
-148.1
-147.66666666666666
-146.23333333333332
-145.86666666666667
-145.46666666666667
-145.46666666666667
-145.03333333333333
-145.03333333333333
-144.83333333333334
-144.86666666666667
-144.73333333333332
-144.63333333333333
-144.66666666666666
-144.6
-144.56666666666666
-144.6
-144.53333333333333
-144.56666666666666
-144.53333333333333
-144.56666666666666
-144.53333333333333
-144.56666666666666
-144.53333333333333
-144.53333333333333
-144.53333333333333
-144.53333333333333
-144.53333333333333
-144.53333333333333
-144.53333333333333
-144.53333333333333
-144.53333333333333
-144.53333333333333
-144.53333333333333
-144.53333333333333
-144.53333333333333
-144.53333333333333
-144.53333333333333
-144.53333333333333
-144.53333333333333
-144.53333333333333
-144.53333333333333
-144.53333333333333
-144.53333333333333
-144.53333333333333
-144.53333333333333
-144.53333333333333
-144.53333333333333
-144.53333333333333
-144.53333333333333
-144.53333333333333
-144.53333333333333
-144.53333333333333
-144.53333333333333
-144.53333333333333
-144.53333333333333
-144.53333333333333
-144.53333333333333
-144.53333333333333
-144.53333333333333
-144.53333333333333
-144.53333333333333
-144.53333333333333
-144.53333333333333
-144.53333333333333
-144.53333333333333
-144.53333333333333
-144.53333333333333
-144.53333333333333
-144.53333333333333
-144.53333333333333
-144.53333333333333
-144.53333333333333
-144.53333333333333
-144.53333333333333
-144.53333333333333
-144.53333333333333
-144.53333333333333
-144.53333333333333
-144.53333333333333
-144.53333333333333
-144.53333333333333
-144.53333333333333
-144.53333333333333
-144.53333333333333
-144.53333333333333
-144.53333333333333
-144.53333333333333
-144.53333333333333
-144.53333333333333
-144.53333333333333
-144.53333333333333
-144.53333333333333
-144.53333333333333
-144.53333333333333
-144.53333333333333
-144.53333333333333
-144.53333333333333
-144.53333333333333
-144.53333333333333
-144.53333333333333
-144.53333333333333
-144.53333333333333
-144.53333333333333
-144.53333333333333
-144.53333333333333
-144.53333333333333
-144.53333333333333
-144.53333333333333
-144.53333333333333
-144.53333333333333
-144.53333333333333
-144.53333333333333
-144.53333333333333
-144.53333333333333
-144.53333333333333
-144.53333333333333
-144.53333333333333
-144.53333333333333
-144.53333333333333
-144.53333333333333
-144.53333333333333
-144.53333333333333
-144.53333333333333
-144.53333333333333
-144.68965517241378
-144.68965517241378
-144.68965517241378
-144.68965517241378
-144.68965517241378
-144.68965517241378
-144.68965517241378
-144.68965517241378
-144.68965517241378
-144.68965517241378
-144.68965517241378
-144.68965517241378
-144.68965517241378
-144.68965517241378
-144.68965517241378
-144.68965517241378
-144.68965517241378
-144.68965517241378
-144.68965517241378
-144.68965517241378
-144.68965517241378
-144.68965517241378
-144.68965517241378
-144.68965517241378
-144.68965517241378
-144.68965517241378
-144.68965517241378
-144.68965517241378
-144.68965517241378
-144.68965517241378
-144.68965517241378
-144.68965517241378
-144.68965517241378
-144.68965517241378
-144.68965517241378
-144.68965517241378
-144.68965517241378
-144.68965517241378
-144.68965517241378
-144.68965517241378
-144.68965517241378
-144.68965517241378
-144.96428571428572
-145.19230769230768
-145.5909090909091
-145.5909090909091
-145.5909090909091
-145.5909090909091
-145.5909090909091
-145.5909090909091
-145.5909090909091
-145.5909090909091
-145.5909090909091
-145.3
-145.85714285714286
-145.85714285714286
-145.83333333333334
-145.83333333333334
-146.27272727272728
-146.27272727272728
-145.88888888888889
-146.14285714285714
-146.14285714285714
-146.14285714285714
-146.14285714285714
-146.0
-146.5
