-167.26666666666668
-160.0
-154.9
-151.56666666666666
-149.16666666666666
-147.73333333333332
-147.06666666666666
-146.7
-146.33333333333334
-145.96666666666667
-145.8
-145.6
-145.5
-145.4
-145.36666666666667
-145.33333333333334
-145.33333333333334
-145.33333333333334
-145.33333333333334
-145.33333333333334
-145.33333333333334
-145.33333333333334
-145.33333333333334
-145.33333333333334
-145.33333333333334
-145.33333333333334
-145.33333333333334
-145.33333333333334
-145.33333333333334
-145.33333333333334
-145.33333333333334
-145.33333333333334
-145.33333333333334
-145.33333333333334
-145.33333333333334
-145.33333333333334
-145.33333333333334
-145.33333333333334
-145.33333333333334
-145.33333333333334
-145.33333333333334
-145.33333333333334
-145.33333333333334
-145.33333333333334
-145.33333333333334
-145.33333333333334
-145.33333333333334
-145.33333333333334
-145.33333333333334
-145.33333333333334
-145.33333333333334
-145.33333333333334
-145.33333333333334
-145.33333333333334
-145.33333333333334
-145.33333333333334
-145.33333333333334
-145.33333333333334
-145.33333333333334
-145.33333333333334
-145.33333333333334
-145.33333333333334
-145.33333333333334
-145.33333333333334
-145.33333333333334
-145.33333333333334
-145.33333333333334
-145.33333333333334
-145.33333333333334
-145.33333333333334
-145.33333333333334
-145.33333333333334
-145.33333333333334
-145.33333333333334
-145.33333333333334
-145.33333333333334
-145.33333333333334
-145.33333333333334
-145.33333333333334
-145.33333333333334
-145.33333333333334
-145.33333333333334
-145.33333333333334
-145.33333333333334
-145.33333333333334
-145.33333333333334
-145.33333333333334
-145.33333333333334
-145.33333333333334
-145.33333333333334
-145.33333333333334
-145.33333333333334
-145.33333333333334
-145.33333333333334
-145.33333333333334
-145.33333333333334
-145.33333333333334
-145.33333333333334
-145.33333333333334
-145.33333333333334
-145.33333333333334
-145.33333333333334
-145.33333333333334
-145.33333333333334
-145.33333333333334
-145.33333333333334
-145.33333333333334
-145.33333333333334
-145.33333333333334
-145.33333333333334
-145.33333333333334
-145.33333333333334
-145.33333333333334
-145.33333333333334
-145.33333333333334
-145.33333333333334
-145.33333333333334
-145.33333333333334
-145.33333333333334
-145.33333333333334
-145.33333333333334
-145.33333333333334
-145.33333333333334
-145.33333333333334
-145.33333333333334
-145.33333333333334
-145.33333333333334
-145.33333333333334
-145.33333333333334
-145.33333333333334
-145.33333333333334
-145.33333333333334
-145.33333333333334
-145.33333333333334
-145.33333333333334
-145.33333333333334
-145.33333333333334
-145.33333333333334
-145.33333333333334
-145.33333333333334
-145.33333333333334
-145.33333333333334
-145.33333333333334
-145.33333333333334
-145.33333333333334
-145.33333333333334
-145.33333333333334
-145.33333333333334
-145.33333333333334
-145.33333333333334
-145.33333333333334
-145.33333333333334
-145.33333333333334
-145.33333333333334
-145.33333333333334
-145.33333333333334
-145.33333333333334
-145.33333333333334
-145.33333333333334
-145.33333333333334
-145.33333333333334
-145.33333333333334
-145.33333333333334
-145.33333333333334
-145.33333333333334
-145.33333333333334
-145.33333333333334
-145.33333333333334
-145.33333333333334
-145.33333333333334
-145.33333333333334
-145.33333333333334
-145.33333333333334
-145.33333333333334
-145.33333333333334
-145.33333333333334
-145.33333333333334
-145.33333333333334
-145.33333333333334
-145.33333333333334
-145.33333333333334
-145.33333333333334
-145.33333333333334
-145.33333333333334
-145.33333333333334
-145.33333333333334
-145.33333333333334
-145.33333333333334
-145.33333333333334
-145.33333333333334
-145.33333333333334
-145.33333333333334
-145.33333333333334
-145.33333333333334
-145.33333333333334
-145.33333333333334
-145.33333333333334
-145.33333333333334
-145.33333333333334
