-167.23333333333332
-160.0
-160.0
-155.13333333333333
-155.13333333333333
-151.7
-151.7
-149.1
-149.1
-147.63333333333333
-147.6
-146.6
-146.43333333333334
-146.1
-145.9
-145.8
-145.7
-145.56666666666666
-145.46666666666667
-145.4
-145.33333333333334
-145.3
-145.3
-145.26666666666668
-145.2
-145.2
-145.16666666666666
-145.16666666666666
-145.16666666666666
-145.16666666666666
-145.16666666666666
-145.16666666666666
-145.16666666666666
-145.16666666666666
-145.16666666666666
-145.16666666666666
-145.16666666666666
-145.16666666666666
-145.16666666666666
-145.16666666666666
-145.16666666666666
-145.16666666666666
-145.16666666666666
-145.16666666666666
-145.16666666666666
-145.16666666666666
-145.16666666666666
-145.16666666666666
-145.16666666666666
-145.16666666666666
-145.16666666666666
-145.16666666666666
-145.16666666666666
-145.16666666666666
-145.16666666666666
-145.16666666666666
-145.16666666666666
-145.16666666666666
-145.16666666666666
-145.16666666666666
-145.16666666666666
-145.16666666666666
-145.16666666666666
-145.16666666666666
-145.16666666666666
-145.16666666666666
-145.16666666666666
-145.16666666666666
-145.16666666666666
-145.16666666666666
-145.16666666666666
-145.16666666666666
-145.16666666666666
-145.16666666666666
-145.16666666666666
-145.16666666666666
-145.16666666666666
-145.16666666666666
-145.16666666666666
-145.16666666666666
-145.16666666666666
-145.16666666666666
-145.16666666666666
-145.16666666666666
-145.16666666666666
-145.16666666666666
-145.16666666666666
-145.16666666666666
-145.16666666666666
-145.16666666666666
-145.16666666666666
-145.16666666666666
-145.16666666666666
-145.16666666666666
-145.16666666666666
-145.16666666666666
-145.16666666666666
-145.16666666666666
-145.16666666666666
-145.16666666666666
-145.16666666666666
-145.16666666666666
-145.16666666666666
-145.16666666666666
-145.16666666666666
-145.16666666666666
-145.16666666666666
-145.16666666666666
-145.16666666666666
-145.16666666666666
-145.16666666666666
-145.16666666666666
-145.16666666666666
-145.16666666666666
-145.16666666666666
-145.16666666666666
-145.16666666666666
-145.16666666666666
-145.16666666666666
-145.16666666666666
-145.16666666666666
-145.16666666666666
-145.16666666666666
-145.16666666666666
-145.16666666666666
-145.16666666666666
-145.16666666666666
-145.16666666666666
-145.16666666666666
-145.16666666666666
-145.16666666666666
-145.16666666666666
-145.16666666666666
-145.16666666666666
-145.16666666666666
-145.16666666666666
-145.16666666666666
-145.16666666666666
-145.16666666666666
-145.16666666666666
-145.16666666666666
-145.16666666666666
-145.16666666666666
-145.16666666666666
-145.16666666666666
-145.16666666666666
-145.16666666666666
-145.16666666666666
-145.16666666666666
-145.16666666666666
-145.16666666666666
-145.16666666666666
-145.16666666666666
-145.16666666666666
-145.16666666666666
-145.16666666666666
-145.16666666666666
-145.16666666666666
-145.16666666666666
-145.16666666666666
-145.16666666666666
-145.16666666666666
-145.16666666666666
-145.16666666666666
-145.16666666666666
-145.16666666666666
-145.16666666666666
-145.16666666666666
-145.16666666666666
-145.16666666666666
-145.16666666666666
-145.16666666666666
-145.16666666666666
-145.16666666666666
-145.16666666666666
-145.16666666666666
-145.16666666666666
-145.16666666666666
-145.16666666666666
-145.16666666666666
-145.16666666666666
-145.16666666666666
-145.16666666666666
-145.16666666666666
-145.16666666666666
-145.16666666666666
-145.16666666666666
-145.16666666666666
-145.16666666666666
-145.16666666666666
-145.16666666666666
-145.16666666666666
-145.16666666666666
-145.16666666666666
-131.2
-92.63333333333334
-19.666666666666668
