-167.23333333333332
-159.96666666666667
-154.76666666666668
-151.4
-148.9
-147.63333333333333
-146.66666666666666
-146.16666666666666
-145.76666666666668
-145.33333333333334
-145.1
-144.8
-144.63333333333333
-144.46666666666667
-144.36666666666667
-144.36666666666667
-144.36666666666667
-144.36666666666667
-144.36666666666667
-144.36666666666667
-144.36666666666667
-144.36666666666667
-144.36666666666667
-144.36666666666667
-144.36666666666667
-144.36666666666667
-144.36666666666667
-144.36666666666667
-144.36666666666667
-144.36666666666667
-144.36666666666667
-144.36666666666667
-144.36666666666667
-144.36666666666667
-144.36666666666667
-144.36666666666667
-144.36666666666667
-144.36666666666667
-144.36666666666667
-144.36666666666667
-144.36666666666667
-144.36666666666667
-144.36666666666667
-144.36666666666667
-144.36666666666667
-144.36666666666667
-144.36666666666667
-144.36666666666667
-144.36666666666667
-144.36666666666667
-144.36666666666667
-144.36666666666667
-144.36666666666667
-144.36666666666667
-144.36666666666667
-144.36666666666667
-144.36666666666667
-144.36666666666667
-144.36666666666667
-144.36666666666667
-144.36666666666667
-144.36666666666667
-144.36666666666667
-144.36666666666667
-144.36666666666667
-144.36666666666667
-144.36666666666667
-144.36666666666667
-144.36666666666667
-144.36666666666667
-144.36666666666667
-144.36666666666667
-144.36666666666667
-144.36666666666667
-144.36666666666667
-144.36666666666667
-144.36666666666667
-144.36666666666667
-144.36666666666667
-144.36666666666667
-144.36666666666667
-144.36666666666667
-144.36666666666667
-144.36666666666667
-144.36666666666667
-144.36666666666667
-144.36666666666667
-144.36666666666667
-144.36666666666667
-144.36666666666667
-144.36666666666667
-144.36666666666667
-144.36666666666667
-144.36666666666667
-144.36666666666667
-144.36666666666667
-144.36666666666667
-144.36666666666667
-144.36666666666667
-144.36666666666667
-144.36666666666667
-144.36666666666667
-144.36666666666667
-144.36666666666667
-144.36666666666667
-144.36666666666667
-144.36666666666667
-144.36666666666667
-144.36666666666667
-144.36666666666667
-144.36666666666667
-144.36666666666667
-144.36666666666667
-144.36666666666667
-144.36666666666667
-144.36666666666667
-144.36666666666667
-144.36666666666667
-144.36666666666667
-144.36666666666667
-144.36666666666667
-144.36666666666667
-144.36666666666667
-144.36666666666667
-144.36666666666667
-144.36666666666667
-144.36666666666667
-144.36666666666667
-144.36666666666667
-144.36666666666667
-144.36666666666667
-144.36666666666667
-144.36666666666667
-144.36666666666667
-144.36666666666667
-144.36666666666667
-144.36666666666667
-144.36666666666667
-144.36666666666667
-144.36666666666667
-144.36666666666667
-144.36666666666667
-144.36666666666667
-144.36666666666667
-144.36666666666667
-144.36666666666667
-144.36666666666667
-144.36666666666667
-144.36666666666667
-144.36666666666667
-144.36666666666667
-144.36666666666667
-144.36666666666667
-144.36666666666667
-144.36666666666667
-144.36666666666667
-144.36666666666667
-144.36666666666667
-144.36666666666667
-144.36666666666667
-144.36666666666667
-144.36666666666667
-144.36666666666667
-144.36666666666667
-144.36666666666667
-144.36666666666667
-144.36666666666667
-144.36666666666667
-144.36666666666667
-144.36666666666667
-144.36666666666667
-144.36666666666667
-144.36666666666667
-144.36666666666667
-144.36666666666667
-144.36666666666667
-144.36666666666667
-144.36666666666667
-144.36666666666667
-144.36666666666667
-144.36666666666667
-144.36666666666667
-144.36666666666667
-144.36666666666667
-144.36666666666667
-144.36666666666667
-144.36666666666667
-144.36666666666667
-144.36666666666667
-144.36666666666667
-144.36666666666667
-144.36666666666667
-144.36666666666667
-144.36666666666667
-144.36666666666667
-144.36666666666667
-144.36666666666667
-144.36666666666667
-144.36666666666667
