-167.23333333333332
-159.96666666666667
-159.46666666666667
-153.06666666666666
-150.26666666666668
-147.63333333333333
-147.26666666666668
-147.2
-146.73333333333332
-146.1
-145.86666666666667
-145.43333333333334
-145.46666666666667
-145.33333333333334
-145.16666666666666
-145.13333333333333
-144.93333333333334
-145.03333333333333
-144.93333333333334
-144.93333333333334
-144.93333333333334
-144.9
-144.9
-144.86666666666667
-144.86666666666667
-144.86666666666667
-144.86666666666667
-144.86666666666667
-144.86666666666667
-144.86666666666667
-144.86666666666667
-144.86666666666667
-144.86666666666667
-144.86666666666667
-144.86666666666667
-144.86666666666667
-144.86666666666667
-144.86666666666667
-144.86666666666667
-144.86666666666667
-144.86666666666667
-144.86666666666667
-144.86666666666667
-144.86666666666667
-144.86666666666667
-144.86666666666667
-144.86666666666667
-144.86666666666667
-144.86666666666667
-144.86666666666667
-144.86666666666667
-144.86666666666667
-144.86666666666667
-144.86666666666667
-144.86666666666667
-144.86666666666667
-144.86666666666667
-144.86666666666667
-144.86666666666667
-144.86666666666667
-144.86666666666667
-144.86666666666667
-144.86666666666667
-144.86666666666667
-144.86666666666667
-144.86666666666667
-144.86666666666667
-144.86666666666667
-144.86666666666667
-144.86666666666667
-144.86666666666667
-144.86666666666667
-144.86666666666667
-144.86666666666667
-144.86666666666667
-144.86666666666667
-144.86666666666667
-144.86666666666667
-144.86666666666667
-144.86666666666667
-144.86666666666667
-144.86666666666667
-144.86666666666667
-144.86666666666667
-144.86666666666667
-144.86666666666667
-144.86666666666667
-144.86666666666667
-144.86666666666667
-144.86666666666667
-144.86666666666667
-144.86666666666667
-144.86666666666667
-144.86666666666667
-144.86666666666667
-144.86666666666667
-144.86666666666667
-144.86666666666667
-144.86666666666667
-144.86666666666667
-144.86666666666667
-144.86666666666667
-144.86666666666667
-144.86666666666667
-144.86666666666667
-144.86666666666667
-144.86666666666667
-144.86666666666667
-144.86666666666667
-144.86666666666667
-144.86666666666667
-144.86666666666667
-144.86666666666667
-144.86666666666667
-144.86666666666667
-144.86666666666667
-144.86666666666667
-144.86666666666667
-144.86666666666667
-144.86666666666667
-144.86666666666667
-144.86666666666667
-144.86666666666667
-144.86666666666667
-144.86666666666667
-144.86666666666667
-144.86666666666667
-144.86666666666667
-144.86666666666667
-144.86666666666667
-144.86666666666667
-144.86666666666667
-144.86666666666667
-144.86666666666667
-144.86666666666667
-144.86666666666667
-144.86666666666667
-144.86666666666667
-144.86666666666667
-144.86666666666667
-144.86666666666667
-144.86666666666667
-144.86666666666667
-144.86666666666667
-144.86666666666667
-144.86666666666667
-144.86666666666667
-144.86666666666667
-144.86666666666667
-144.86666666666667
-144.86666666666667
-144.86666666666667
-144.86666666666667
-144.86666666666667
-144.86666666666667
-144.86666666666667
-144.86666666666667
-144.86666666666667
-144.86666666666667
-144.86666666666667
-144.86666666666667
-144.86666666666667
-144.86666666666667
-144.86666666666667
-144.86666666666667
-144.86666666666667
-144.86666666666667
-144.86666666666667
-144.86666666666667
-144.86666666666667
-144.86666666666667
-144.86666666666667
-120.76666666666667
-111.06666666666666
-111.06666666666666
-111.06666666666666
-111.06666666666666
-111.06666666666666
-111.06666666666666
-111.06666666666666
-111.06666666666666
-111.06666666666666
-106.26666666666667
-72.26666666666667
-57.93333333333333
-57.93333333333333
-57.93333333333333
-53.36666666666667
-48.5
-43.666666666666664
-34.03333333333333
-29.333333333333332
-24.433333333333334
-24.433333333333334
-19.533333333333335
-4.9
