-25.0
-24.766666666666666
-24.466666666666665
-24.4
-24.2
-24.133333333333333
-24.066666666666666
-23.9
-23.833333333333332
-23.8
-23.666666666666668
-23.5
-23.4
-23.333333333333332
-23.166666666666668
-23.0
-22.933333333333334
-22.833333333333332
-22.766666666666666
-22.733333333333334
-22.633333333333333
-22.466666666666665
-22.233333333333334
-22.166666666666668
-22.133333333333333
-22.0
-21.866666666666667
-21.766666666666666
-21.733333333333334
-21.633333333333333
-21.566666666666666
-21.433333333333334
-21.333333333333332
-21.266666666666666
-21.2
-21.1
-21.033333333333335
-21.033333333333335
-20.9
-20.766666666666666
-20.6
-20.566666666666666
-20.466666666666665
-20.4
-20.4
-20.4
-20.366666666666667
-20.3
-20.233333333333334
-20.166666666666668
-20.166666666666668
-20.166666666666668
-20.066666666666666
-20.0
-19.9
-19.9
-19.866666666666667
-19.833333333333332
-19.766666666666666
-19.733333333333334
-19.733333333333334
-19.666666666666668
-19.633333333333333
-19.6
-19.566666666666666
-19.566666666666666
-19.533333333333335
-19.5
-19.5
-19.466666666666665
-19.366666666666667
-19.366666666666667
-19.366666666666667
-19.366666666666667
-19.366666666666667
-19.333333333333332
-19.3
-19.3
-19.3
-19.3
-19.3
-19.266666666666666
-19.266666666666666
-19.266666666666666
-19.266666666666666
-19.166666666666668
-19.166666666666668
-19.166666666666668
-19.166666666666668
-19.166666666666668
-19.166666666666668
-19.166666666666668
-19.166666666666668
-19.166666666666668
-19.166666666666668
-19.166666666666668
-19.166666666666668
-19.166666666666668
-19.166666666666668
-19.166666666666668
-19.166666666666668
-19.166666666666668
-19.166666666666668
-19.166666666666668
-19.166666666666668
-19.166666666666668
-19.166666666666668
-19.166666666666668
-19.166666666666668
-19.166666666666668
-19.166666666666668
-19.166666666666668
-19.166666666666668
-19.166666666666668
-19.166666666666668
-19.166666666666668
-19.166666666666668
-19.166666666666668
-19.166666666666668
-19.166666666666668
-19.166666666666668
-19.166666666666668
-19.166666666666668
-19.166666666666668
-19.166666666666668
-19.166666666666668
-19.166666666666668
-19.166666666666668
-19.166666666666668
-19.166666666666668
-19.166666666666668
-19.166666666666668
-19.166666666666668
-19.166666666666668
-19.166666666666668
-19.166666666666668
-19.166666666666668
-19.166666666666668
-19.166666666666668
-19.166666666666668
-19.166666666666668
-19.166666666666668
-19.166666666666668
-19.166666666666668
-19.166666666666668
-19.166666666666668
-19.166666666666668
-19.166666666666668
-19.166666666666668
-19.166666666666668
-19.133333333333333
-19.133333333333333
-19.133333333333333
-19.133333333333333
-19.133333333333333
-19.133333333333333
-19.133333333333333
-19.133333333333333
-19.133333333333333
-19.133333333333333
-19.133333333333333
-19.133333333333333
-19.133333333333333
-19.133333333333333
-19.133333333333333
-19.133333333333333
-19.133333333333333
-19.133333333333333
-19.133333333333333
-19.133333333333333
-19.133333333333333
-19.133333333333333
-19.133333333333333
-19.133333333333333
-19.133333333333333
-19.133333333333333
-19.133333333333333
-19.133333333333333
-19.133333333333333
-19.133333333333333
-19.133333333333333
-19.133333333333333
-19.133333333333333
-19.133333333333333
-19.133333333333333
-19.133333333333333
-19.133333333333333
-19.133333333333333
-19.133333333333333
-19.133333333333333
-19.133333333333333
-19.133333333333333
-19.133333333333333
-19.133333333333333
-19.133333333333333
-19.133333333333333
-19.133333333333333
-19.133333333333333
-19.133333333333333
