-25.033333333333335
-24.833333333333332
-24.533333333333335
-24.433333333333334
-24.3
-24.133333333333333
-23.766666666666666
-23.5
-23.3
-22.966666666666665
-22.666666666666668
-22.266666666666666
-21.933333333333334
-21.666666666666668
-21.333333333333332
-21.033333333333335
-20.866666666666667
-20.666666666666668
-20.466666666666665
-20.233333333333334
-20.133333333333333
-19.833333333333332
-19.666666666666668
-19.5
-19.433333333333334
-19.333333333333332
-19.233333333333334
-19.0
-18.9
-18.833333333333332
-18.733333333333334
-18.633333333333333
-18.666666666666668
-18.6
-18.533333333333335
-18.533333333333335
-18.533333333333335
-18.333333333333332
-18.233333333333334
-18.233333333333334
-18.2
-18.2
-18.166666666666668
-18.066666666666666
-18.1
-18.0
-17.866666666666667
-17.9
-17.833333333333332
-17.833333333333332
-17.766666666666666
-17.766666666666666
-17.733333333333334
-17.766666666666666
-17.7
-17.633333333333333
-17.633333333333333
-17.633333333333333
-17.6
-17.6
-17.6
-17.633333333333333
-17.6
-17.533333333333335
-17.533333333333335
-17.5
-17.466666666666665
-17.5
-17.466666666666665
-17.433333333333334
-17.433333333333334
-17.4
-17.4
-17.4
-17.4
-17.4
-17.4
-17.4
-17.333333333333332
-17.333333333333332
-17.333333333333332
-17.333333333333332
-17.333333333333332
-17.3
-17.3
-17.266666666666666
-17.233333333333334
-17.233333333333334
-17.233333333333334
-17.2
-17.2
-17.2
-17.2
-17.166666666666668
-17.166666666666668
-17.166666666666668
-17.166666666666668
-17.166666666666668
-17.166666666666668
-17.166666666666668
-17.166666666666668
-17.166666666666668
-17.166666666666668
-17.166666666666668
-17.166666666666668
-17.166666666666668
-17.2
-17.166666666666668
-17.166666666666668
-17.166666666666668
-17.166666666666668
-17.166666666666668
-17.166666666666668
-17.166666666666668
-17.166666666666668
-17.1
-17.1
-17.1
-17.1
-17.033333333333335
-17.033333333333335
-17.033333333333335
-17.0
-17.0
-17.0
-16.966666666666665
-16.966666666666665
-16.933333333333334
-16.933333333333334
-16.933333333333334
-16.933333333333334
-16.9
-16.9
-16.9
-16.9
-16.9
-16.9
-16.9
-16.9
-16.9
-16.9
-16.9
-16.9
-16.9
-16.9
-16.9
-16.9
-16.9
-16.933333333333334
-16.9
-16.9
-16.9
-16.9
-16.9
-16.9
-16.9
-16.9
-16.9
-16.9
-16.9
-16.9
-16.9
-16.9
-16.9
-16.866666666666667
-16.866666666666667
-16.866666666666667
-16.866666666666667
-16.866666666666667
-16.833333333333332
-16.8
-16.8
-16.8
-16.8
-16.8
-16.8
-16.8
-16.8
-16.8
-16.8
-16.8
-16.8
-16.8
-16.8
-16.8
-16.8
-16.8
-16.8
-16.8
-16.8
-16.8
-16.8
-16.8
-16.8
-16.8
-16.8
-16.8
-16.8
-16.8
