-25.033333333333335
-24.766666666666666
-24.466666666666665
-24.366666666666667
-24.133333333333333
-24.033333333333335
-23.9
-23.8
-23.7
-23.6
-23.4
-23.333333333333332
-23.2
-23.033333333333335
-23.033333333333335
-23.0
-22.933333333333334
-22.7
-22.666666666666668
-22.633333333333333
-22.5
-22.233333333333334
-22.2
-22.033333333333335
-21.933333333333334
-21.8
-21.733333333333334
-21.7
-21.666666666666668
-21.633333333333333
-21.633333333333333
-21.433333333333334
-21.433333333333334
-21.233333333333334
-21.133333333333333
-20.966666666666665
-20.9
-20.9
-20.833333333333332
-20.733333333333334
-20.666666666666668
-20.566666666666666
-20.533333333333335
-20.533333333333335
-20.5
-20.433333333333334
-20.4
-20.4
-20.333333333333332
-20.233333333333334
-20.2
-20.166666666666668
-20.133333333333333
-20.066666666666666
-20.033333333333335
-20.033333333333335
-20.033333333333335
-20.033333333333335
-19.966666666666665
-19.9
-19.833333333333332
-19.8
-19.766666666666666
-19.733333333333334
-19.666666666666668
-19.666666666666668
-19.633333333333333
-19.566666666666666
-19.533333333333335
-19.533333333333335
-19.533333333333335
-19.533333333333335
-19.533333333333335
-19.5
-19.5
-19.466666666666665
-19.466666666666665
-19.466666666666665
-19.466666666666665
-19.4
-19.4
-19.366666666666667
-19.333333333333332
-19.333333333333332
-19.333333333333332
-19.333333333333332
-19.333333333333332
-19.333333333333332
-19.3
-19.266666666666666
-19.266666666666666
-19.266666666666666
-19.266666666666666
-19.266666666666666
-19.266666666666666
-19.266666666666666
-19.266666666666666
-19.266666666666666
-19.266666666666666
-19.266666666666666
-19.266666666666666
-19.266666666666666
-19.266666666666666
-19.233333333333334
-19.233333333333334
-19.233333333333334
-19.233333333333334
-19.233333333333334
-19.233333333333334
-19.233333333333334
-19.233333333333334
-19.233333333333334
-19.233333333333334
-19.233333333333334
-19.233333333333334
-19.233333333333334
-19.2
-19.2
-19.2
-19.2
-19.2
-19.2
-19.2
-19.2
-19.2
-19.2
-19.2
-19.2
-19.2
-19.2
-19.2
-19.2
-19.2
-19.2
-19.2
-19.2
-19.2
-19.2
-19.2
-19.2
-19.2
-19.2
-19.2
-19.2
-19.2
-19.2
-19.2
-19.2
-19.2
-19.2
-19.2
-19.2
-19.2
-19.2
-19.2
-19.2
-19.2
-19.2
-19.2
-19.2
-19.2
-19.2
-19.2
-19.2
-19.2
-19.2
-19.2
-19.2
-19.2
-19.2
-19.2
-19.2
-19.2
-19.2
-19.2
-19.2
-19.2
-19.2
-19.2
-19.2
-19.2
-19.2
-19.2
-19.2
-19.2
-19.2
-19.2
-19.2
-19.2
-19.2
-19.2
-19.2
-19.2
-19.2
-19.2
-19.2
-19.2
-19.2
-19.2
