-25.033333333333335
-24.833333333333332
-24.566666666666666
-24.4
-24.2
-24.0
-23.833333333333332
-23.566666666666666
-23.3
-22.933333333333334
-22.733333333333334
-22.4
-21.966666666666665
-21.666666666666668
-21.266666666666666
-20.933333333333334
-20.633333333333333
-20.4
-20.1
-19.966666666666665
-19.833333333333332
-19.633333333333333
-19.333333333333332
-19.3
-19.166666666666668
-19.1
-19.0
-18.833333333333332
-18.866666666666667
-18.833333333333332
-18.766666666666666
-18.666666666666668
-18.533333333333335
-18.4
-18.4
-18.4
-18.4
-18.366666666666667
-18.2
-18.166666666666668
-18.066666666666666
-18.033333333333335
-18.066666666666666
-18.033333333333335
-18.033333333333335
-18.0
-18.0
-18.0
-18.0
-17.866666666666667
-17.766666666666666
-17.666666666666668
-17.666666666666668
-17.6
-17.6
-17.533333333333335
-17.5
-17.466666666666665
-17.466666666666665
-17.466666666666665
-17.466666666666665
-17.466666666666665
-17.433333333333334
-17.433333333333334
-17.466666666666665
-17.366666666666667
-17.366666666666667
-17.366666666666667
-17.366666666666667
-17.366666666666667
-17.366666666666667
-17.366666666666667
-17.366666666666667
-17.366666666666667
-17.333333333333332
-17.333333333333332
-17.333333333333332
-17.3
-17.3
-17.233333333333334
-17.233333333333334
-17.233333333333334
-17.233333333333334
-17.233333333333334
-17.233333333333334
-17.233333333333334
-17.233333333333334
-17.233333333333334
-17.233333333333334
-17.233333333333334
-17.233333333333334
-17.233333333333334
-17.233333333333334
-17.233333333333334
-17.233333333333334
-17.266666666666666
-17.233333333333334
-17.233333333333334
-17.233333333333334
-17.233333333333334
-17.233333333333334
-17.233333333333334
-17.166666666666668
-17.166666666666668
-17.166666666666668
-17.166666666666668
-17.2
-17.2
-17.133333333333333
-17.133333333333333
-17.133333333333333
-17.133333333333333
-17.133333333333333
-17.1
-17.1
-17.1
-17.1
-17.1
-17.1
-17.066666666666666
-17.066666666666666
-17.066666666666666
-17.066666666666666
-17.066666666666666
-17.033333333333335
-17.033333333333335
-17.0
-17.0
-17.0
-17.0
-17.0
-17.0
-17.0
-17.0
-17.0
-17.0
-17.033333333333335
-17.033333333333335
-17.0
-17.0
-17.0
-17.0
-17.0
-17.0
-16.966666666666665
-17.0
-16.966666666666665
-16.933333333333334
-16.933333333333334
-16.933333333333334
-16.9
-16.9
-16.9
-16.9
-16.9
-16.9
-16.9
-16.866666666666667
-16.866666666666667
-16.866666666666667
-16.866666666666667
-16.866666666666667
-16.866666666666667
-16.833333333333332
-16.833333333333332
-16.833333333333332
-16.833333333333332
-16.833333333333332
-16.866666666666667
-16.833333333333332
-16.833333333333332
-16.833333333333332
-16.833333333333332
-16.8
-16.8
-16.8
-16.8
-16.8
-16.8
-16.766666666666666
-16.766666666666666
-16.766666666666666
-16.766666666666666
-16.766666666666666
-16.766666666666666
-16.766666666666666
-16.766666666666666
-16.766666666666666
-16.766666666666666
-16.766666666666666
-16.766666666666666
-16.766666666666666
-16.766666666666666
-16.766666666666666
-16.766666666666666
-16.766666666666666
-16.766666666666666
-16.766666666666666
-16.766666666666666
