-25.033333333333335
-24.766666666666666
-24.566666666666666
-24.4
-24.266666666666666
-24.166666666666668
-24.1
-23.833333333333332
-23.733333333333334
-23.566666666666666
-23.466666666666665
-23.4
-23.3
-23.266666666666666
-23.166666666666668
-23.0
-22.866666666666667
-22.666666666666668
-22.633333333333333
-22.533333333333335
-22.4
-22.4
-22.366666666666667
-22.2
-22.1
-22.033333333333335
-21.9
-21.766666666666666
-21.7
-21.666666666666668
-21.6
-21.533333333333335
-21.433333333333334
-21.333333333333332
-21.266666666666666
-21.166666666666668
-21.066666666666666
-21.033333333333335
-21.033333333333335
-20.933333333333334
-20.9
-20.866666666666667
-20.733333333333334
-20.633333333333333
-20.466666666666665
-20.433333333333334
-20.4
-20.333333333333332
-20.3
-20.233333333333334
-20.2
-20.166666666666668
-20.166666666666668
-20.133333333333333
-20.066666666666666
-20.066666666666666
-20.066666666666666
-20.033333333333335
-19.9
-19.9
-19.833333333333332
-19.833333333333332
-19.7
-19.7
-19.666666666666668
-19.666666666666668
-19.633333333333333
-19.633333333333333
-19.6
-19.566666666666666
-19.566666666666666
-19.533333333333335
-19.533333333333335
-19.533333333333335
-19.5
-19.5
-19.5
-19.5
-19.5
-19.466666666666665
-19.433333333333334
-19.433333333333334
-19.433333333333334
-19.433333333333334
-19.4
-19.4
-19.366666666666667
-19.366666666666667
-19.366666666666667
-19.366666666666667
-19.366666666666667
-19.333333333333332
-19.3
-19.3
-19.3
-19.3
-19.3
-19.3
-19.3
-19.3
-19.3
-19.3
-19.266666666666666
-19.266666666666666
-19.266666666666666
-19.266666666666666
-19.266666666666666
-19.266666666666666
-19.266666666666666
-19.266666666666666
-19.266666666666666
-19.266666666666666
-19.266666666666666
-19.266666666666666
-19.266666666666666
-19.266666666666666
-19.266666666666666
-19.266666666666666
-19.266666666666666
-19.266666666666666
-19.266666666666666
-19.266666666666666
-19.266666666666666
-19.266666666666666
-19.266666666666666
-19.266666666666666
-19.266666666666666
-19.266666666666666
-19.266666666666666
-19.266666666666666
-19.266666666666666
-19.266666666666666
-19.266666666666666
-19.266666666666666
-19.266666666666666
-19.266666666666666
-19.266666666666666
-19.266666666666666
-19.266666666666666
-19.266666666666666
-19.266666666666666
-19.266666666666666
-19.266666666666666
-19.266666666666666
-19.266666666666666
-19.266666666666666
-19.266666666666666
-19.266666666666666
-19.266666666666666
-19.266666666666666
-19.266666666666666
-19.266666666666666
-19.266666666666666
-19.266666666666666
-19.266666666666666
-19.266666666666666
-19.266666666666666
-19.266666666666666
-19.266666666666666
-19.266666666666666
-19.266666666666666
-19.266666666666666
-19.266666666666666
-19.266666666666666
-19.266666666666666
-19.266666666666666
-19.266666666666666
-19.266666666666666
-19.266666666666666
-19.266666666666666
-19.266666666666666
-19.266666666666666
-19.266666666666666
-19.266666666666666
-19.266666666666666
-19.266666666666666
-19.266666666666666
-19.266666666666666
-19.266666666666666
-19.266666666666666
-19.266666666666666
-19.266666666666666
-19.266666666666666
-19.266666666666666
-19.266666666666666
-19.266666666666666
-19.266666666666666
-19.266666666666666
-19.266666666666666
-19.266666666666666
-19.266666666666666
-19.266666666666666
-19.266666666666666
-19.266666666666666
-19.266666666666666
-19.266666666666666
-19.266666666666666
-19.266666666666666
-19.266666666666666
