-25.033333333333335
-24.833333333333332
-24.666666666666668
-24.466666666666665
-24.266666666666666
-24.0
-23.8
-23.6
-23.4
-23.1
-22.833333333333332
-22.666666666666668
-22.266666666666666
-22.0
-21.8
-21.5
-21.2
-20.966666666666665
-20.833333333333332
-20.633333333333333
-20.466666666666665
-20.266666666666666
-20.066666666666666
-19.866666666666667
-19.666666666666668
-19.533333333333335
-19.5
-19.433333333333334
-19.3
-19.2
-18.966666666666665
-18.866666666666667
-18.866666666666667
-18.8
-18.666666666666668
-18.5
-18.5
-18.5
-18.433333333333334
-18.366666666666667
-18.333333333333332
-18.3
-18.3
-18.266666666666666
-18.233333333333334
-18.166666666666668
-18.166666666666668
-18.1
-18.066666666666666
-18.066666666666666
-18.033333333333335
-18.0
-17.933333333333334
-17.866666666666667
-17.833333333333332
-17.8
-17.766666666666666
-17.666666666666668
-17.633333333333333
-17.633333333333333
-17.6
-17.566666666666666
-17.566666666666666
-17.533333333333335
-17.533333333333335
-17.533333333333335
-17.5
-17.533333333333335
-17.533333333333335
-17.5
-17.5
-17.466666666666665
-17.466666666666665
-17.433333333333334
-17.4
-17.433333333333334
-17.4
-17.366666666666667
-17.3
-17.3
-17.266666666666666
-17.266666666666666
-17.266666666666666
-17.266666666666666
-17.266666666666666
-17.2
-17.2
-17.2
-17.2
-17.2
-17.166666666666668
-17.133333333333333
-17.133333333333333
-17.166666666666668
-17.133333333333333
-17.166666666666668
-17.166666666666668
-17.133333333333333
-17.1
-17.1
-17.1
-17.1
-17.1
-17.1
-17.1
-17.1
-17.1
-17.1
-17.066666666666666
-17.066666666666666
-17.033333333333335
-17.033333333333335
-17.0
-17.0
-17.0
-17.0
-17.0
-17.0
-17.0
-17.0
-17.0
-17.0
-17.0
-16.966666666666665
-16.966666666666665
-16.933333333333334
-16.933333333333334
-16.9
-16.9
-16.9
-16.9
-16.9
-16.9
-16.9
-16.9
-16.9
-16.9
-16.9
-16.9
-16.9
-16.9
-16.9
-16.9
-16.9
-16.9
-16.9
-16.9
-16.9
-16.9
-16.9
-16.9
-16.9
-16.9
-16.9
-16.9
-16.9
-16.9
-16.9
-16.9
-16.9
-16.9
-16.9
-16.9
-16.9
-16.9
-16.9
-16.9
-16.9
-16.9
-16.9
-16.9
-16.9
-16.9
-16.9
-16.9
-16.9
-16.9
-16.9
-16.9
-16.9
-16.9
-16.9
-16.9
-16.9
-16.9
-16.9
-16.9
-16.866666666666667
-16.866666666666667
-16.866666666666667
-16.866666666666667
-16.866666666666667
-16.866666666666667
-16.866666666666667
-16.866666666666667
-16.866666666666667
-16.866666666666667
-16.866666666666667
-16.866666666666667
