-25.0
-24.7
-24.566666666666666
-24.366666666666667
-24.3
-24.233333333333334
-23.966666666666665
-23.9
-23.766666666666666
-23.633333333333333
-23.566666666666666
-23.466666666666665
-23.3
-23.266666666666666
-23.2
-22.966666666666665
-22.866666666666667
-22.833333333333332
-22.666666666666668
-22.6
-22.5
-22.466666666666665
-22.333333333333332
-22.2
-22.033333333333335
-21.9
-21.833333333333332
-21.8
-21.666666666666668
-21.6
-21.566666666666666
-21.5
-21.4
-21.233333333333334
-21.1
-21.033333333333335
-20.966666666666665
-20.9
-20.766666666666666
-20.666666666666668
-20.6
-20.6
-20.6
-20.566666666666666
-20.5
-20.466666666666665
-20.4
-20.4
-20.2
-20.133333333333333
-20.1
-20.1
-20.1
-20.1
-20.033333333333335
-19.9
-19.866666666666667
-19.866666666666667
-19.833333333333332
-19.8
-19.766666666666666
-19.766666666666666
-19.733333333333334
-19.733333333333334
-19.733333333333334
-19.666666666666668
-19.633333333333333
-19.633333333333333
-19.633333333333333
-19.633333333333333
-19.6
-19.533333333333335
-19.533333333333335
-19.533333333333335
-19.533333333333335
-19.533333333333335
-19.533333333333335
-19.533333333333335
-19.5
-19.5
-19.5
-19.466666666666665
-19.466666666666665
-19.433333333333334
-19.433333333333334
-19.4
-19.4
-19.366666666666667
-19.366666666666667
-19.366666666666667
-19.333333333333332
-19.333333333333332
-19.333333333333332
-19.333333333333332
-19.333333333333332
-19.333333333333332
-19.333333333333332
-19.333333333333332
-19.333333333333332
-19.333333333333332
-19.333333333333332
-19.333333333333332
-19.333333333333332
-19.333333333333332
-19.333333333333332
-19.333333333333332
-19.333333333333332
-19.333333333333332
-19.333333333333332
-19.333333333333332
-19.333333333333332
-19.333333333333332
-19.333333333333332
-19.333333333333332
-19.333333333333332
-19.333333333333332
-19.333333333333332
-19.3
-19.3
-19.3
-19.3
-19.3
-19.266666666666666
-19.266666666666666
-19.266666666666666
-19.266666666666666
-19.266666666666666
-19.266666666666666
-19.266666666666666
-19.266666666666666
-19.266666666666666
-19.266666666666666
-19.266666666666666
-19.266666666666666
-19.266666666666666
-19.266666666666666
-19.266666666666666
-19.266666666666666
-19.266666666666666
-19.266666666666666
-19.266666666666666
-19.266666666666666
-19.266666666666666
-19.266666666666666
-19.266666666666666
-19.266666666666666
-19.266666666666666
-19.266666666666666
-19.266666666666666
-19.266666666666666
-19.266666666666666
-19.266666666666666
-19.266666666666666
-19.266666666666666
-19.266666666666666
-19.266666666666666
-19.266666666666666
-19.266666666666666
-19.266666666666666
-19.266666666666666
-19.266666666666666
-19.266666666666666
-19.266666666666666
-19.266666666666666
-19.266666666666666
-19.266666666666666
-19.266666666666666
-19.266666666666666
-19.266666666666666
-19.266666666666666
-19.266666666666666
-19.266666666666666
-19.266666666666666
-19.266666666666666
-19.266666666666666
-19.266666666666666
-19.266666666666666
-19.266666666666666
-19.266666666666666
-19.266666666666666
-19.266666666666666
-19.266666666666666
-19.266666666666666
-19.266666666666666
-19.266666666666666
-19.266666666666666
-19.266666666666666
-19.266666666666666
-19.266666666666666
-19.266666666666666
-19.266666666666666
-19.266666666666666
-19.266666666666666
-19.266666666666666
-19.266666666666666
-18.7
-6.033333333333333
