-25.0
-24.8
-24.533333333333335
-24.233333333333334
-24.066666666666666
-23.966666666666665
-23.866666666666667
-23.666666666666668
-23.433333333333334
-23.233333333333334
-23.033333333333335
-22.733333333333334
-22.466666666666665
-22.233333333333334
-21.966666666666665
-21.666666666666668
-21.533333333333335
-21.233333333333334
-20.966666666666665
-20.833333333333332
-20.7
-20.466666666666665
-20.4
-20.1
-20.1
-19.933333333333334
-19.766666666666666
-19.733333333333334
-19.6
-19.533333333333335
-19.4
-19.366666666666667
-19.3
-19.2
-19.033333333333335
-18.933333333333334
-18.9
-18.8
-18.7
-18.666666666666668
-18.566666666666666
-18.5
-18.5
-18.433333333333334
-18.366666666666667
-18.366666666666667
-18.366666666666667
-18.366666666666667
-18.3
-18.333333333333332
-18.266666666666666
-18.2
-18.2
-18.1
-18.1
-18.033333333333335
-18.033333333333335
-18.0
-18.0
-17.966666666666665
-17.933333333333334
-17.866666666666667
-17.866666666666667
-17.8
-17.8
-17.766666666666666
-17.733333333333334
-17.7
-17.7
-17.666666666666668
-17.666666666666668
-17.666666666666668
-17.6
-17.6
-17.6
-17.566666666666666
-17.5
-17.5
-17.466666666666665
-17.466666666666665
-17.533333333333335
-17.466666666666665
-17.433333333333334
-17.433333333333334
-17.466666666666665
-17.433333333333334
-17.4
-17.4
-17.433333333333334
-17.4
-17.4
-17.433333333333334
-17.366666666666667
-17.366666666666667
-17.333333333333332
-17.3
-17.3
-17.266666666666666
-17.266666666666666
-17.266666666666666
-17.266666666666666
-17.3
-17.266666666666666
-17.233333333333334
-17.2
-17.2
-17.2
-17.2
-17.166666666666668
-17.166666666666668
-17.133333333333333
-17.133333333333333
-17.133333333333333
-17.133333333333333
-17.133333333333333
-17.133333333333333
-17.066666666666666
-17.066666666666666
-17.066666666666666
-17.066666666666666
-17.066666666666666
-17.066666666666666
-17.1
-17.066666666666666
-17.066666666666666
-17.066666666666666
-17.066666666666666
-17.033333333333335
-17.033333333333335
-17.033333333333335
-17.033333333333335
-17.033333333333335
-17.033333333333335
-17.033333333333335
-17.033333333333335
-17.033333333333335
-17.033333333333335
-17.033333333333335
-17.0
-17.0
-16.966666666666665
-16.966666666666665
-16.966666666666665
-16.966666666666665
-16.966666666666665
-16.966666666666665
-16.966666666666665
-16.966666666666665
-16.966666666666665
-16.966666666666665
-16.933333333333334
-16.966666666666665
-16.9
-16.9
-16.866666666666667
-16.866666666666667
-16.866666666666667
-16.866666666666667
-16.866666666666667
-16.866666666666667
-16.866666666666667
-16.9
-16.866666666666667
-16.866666666666667
-16.866666666666667
-16.866666666666667
-16.866666666666667
-16.833333333333332
-16.833333333333332
-16.833333333333332
-16.833333333333332
-16.8
-16.8
-16.8
-16.8
-16.8
-16.8
-16.8
-16.8
-16.8
-16.8
-16.8
-16.8
-16.8
-16.8
-16.8
-16.8
-16.8
-16.8
-16.8
-16.862068965517242
-16.928571428571427
-17.083333333333332
-17.333333333333332
-17.875
-18.333333333333332
