-28.233333333333334
-27.9
-27.5
-27.366666666666667
-27.066666666666666
-26.933333333333334
-26.666666666666668
-26.5
-26.333333333333332
-26.133333333333333
-25.966666666666665
-25.8
-25.7
-25.566666666666666
-25.4
-25.2
-25.0
-24.966666666666665
-24.833333333333332
-24.733333333333334
-24.533333333333335
-24.4
-24.233333333333334
-24.1
-24.0
-23.9
-23.766666666666666
-23.6
-23.5
-23.333333333333332
-23.166666666666668
-23.033333333333335
-22.833333333333332
-22.7
-22.633333333333333
-22.566666666666666
-22.5
-22.433333333333334
-22.266666666666666
-22.133333333333333
-22.066666666666666
-21.966666666666665
-21.866666666666667
-21.866666666666667
-21.833333333333332
-21.833333333333332
-21.766666666666666
-21.666666666666668
-21.666666666666668
-21.633333333333333
-21.533333333333335
-21.5
-21.466666666666665
-21.433333333333334
-21.4
-21.4
-21.366666666666667
-21.3
-21.266666666666666
-21.233333333333334
-21.1
-21.1
-21.066666666666666
-21.033333333333335
-21.0
-20.9
-20.9
-20.9
-20.866666666666667
-20.866666666666667
-20.866666666666667
-20.833333333333332
-20.8
-20.8
-20.8
-20.8
-20.8
-20.8
-20.8
-20.8
-20.8
-20.766666666666666
-20.766666666666666
-20.766666666666666
-20.733333333333334
-20.733333333333334
-20.733333333333334
-20.733333333333334
-20.733333333333334
-20.733333333333334
-20.733333333333334
-20.733333333333334
-20.733333333333334
-20.733333333333334
-20.733333333333334
-20.733333333333334
-20.733333333333334
-20.733333333333334
-20.7
-20.7
-20.666666666666668
-20.666666666666668
-20.666666666666668
-20.666666666666668
-20.666666666666668
-20.666666666666668
-20.666666666666668
-20.633333333333333
-20.633333333333333
-20.633333333333333
-20.6
-20.6
-20.6
-20.6
-20.6
-20.6
-20.6
-20.6
-20.6
-20.6
-20.6
-20.6
-20.6
-20.6
-20.6
-20.6
-20.6
-20.6
-20.6
-20.6
-20.6
-20.6
-20.6
-20.6
-20.6
-20.6
-20.566666666666666
-20.566666666666666
-20.566666666666666
-20.566666666666666
-20.566666666666666
-20.566666666666666
-20.566666666666666
-20.566666666666666
-20.566666666666666
-20.566666666666666
-20.566666666666666
-20.566666666666666
-20.566666666666666
-20.566666666666666
-20.566666666666666
-20.566666666666666
-20.566666666666666
-20.566666666666666
-20.566666666666666
-20.566666666666666
-20.566666666666666
-20.566666666666666
-20.566666666666666
-20.566666666666666
-20.566666666666666
-20.566666666666666
-20.566666666666666
-20.566666666666666
-20.566666666666666
-20.566666666666666
-20.566666666666666
-20.566666666666666
-20.566666666666666
-20.566666666666666
-20.566666666666666
-20.566666666666666
-20.566666666666666
-20.566666666666666
-20.566666666666666
-20.566666666666666
-20.566666666666666
-20.566666666666666
-20.566666666666666
-20.566666666666666
-20.566666666666666
-20.566666666666666
-20.566666666666666
-20.566666666666666
-20.566666666666666
-20.566666666666666
-20.566666666666666
-20.566666666666666
-20.566666666666666
-20.566666666666666
-20.566666666666666
-20.566666666666666
-20.566666666666666
-20.566666666666666
-20.566666666666666
-20.566666666666666
-20.566666666666666
-20.566666666666666
-20.566666666666666
