-28.233333333333334
-27.833333333333332
-27.333333333333332
-27.066666666666666
-26.5
-26.2
-25.7
-25.266666666666666
-24.733333333333334
-24.266666666666666
-23.6
-23.033333333333335
-22.666666666666668
-22.0
-21.733333333333334
-21.566666666666666
-21.233333333333334
-20.933333333333334
-20.733333333333334
-20.466666666666665
-20.266666666666666
-20.133333333333333
-20.1
-19.866666666666667
-19.8
-19.6
-19.533333333333335
-19.466666666666665
-19.4
-19.366666666666667
-19.366666666666667
-19.266666666666666
-19.2
-19.1
-19.033333333333335
-18.933333333333334
-18.833333333333332
-18.666666666666668
-18.633333333333333
-18.566666666666666
-18.533333333333335
-18.466666666666665
-18.4
-18.366666666666667
-18.233333333333334
-18.2
-18.166666666666668
-18.1
-18.066666666666666
-18.033333333333335
-18.033333333333335
-18.033333333333335
-18.033333333333335
-18.033333333333335
-18.0
-17.966666666666665
-17.966666666666665
-17.966666666666665
-17.966666666666665
-17.966666666666665
-17.933333333333334
-17.866666666666667
-17.866666666666667
-17.833333333333332
-17.866666666666667
-17.833333333333332
-17.833333333333332
-17.766666666666666
-17.8
-17.766666666666666
-17.766666666666666
-17.766666666666666
-17.766666666666666
-17.766666666666666
-17.7
-17.733333333333334
-17.7
-17.666666666666668
-17.666666666666668
-17.666666666666668
-17.633333333333333
-17.633333333333333
-17.633333333333333
-17.6
-17.566666666666666
-17.566666666666666
-17.566666666666666
-17.566666666666666
-17.533333333333335
-17.533333333333335
-17.533333333333335
-17.5
-17.5
-17.5
-17.5
-17.466666666666665
-17.466666666666665
-17.466666666666665
-17.466666666666665
-17.466666666666665
-17.466666666666665
-17.466666666666665
-17.533333333333335
-17.466666666666665
-17.466666666666665
-17.466666666666665
-17.466666666666665
-17.433333333333334
-17.433333333333334
-17.433333333333334
-17.466666666666665
-17.433333333333334
-17.4
-17.4
-17.4
-17.4
-17.4
-17.366666666666667
-17.366666666666667
-17.366666666666667
-17.366666666666667
-17.366666666666667
-17.333333333333332
-17.3
-17.3
-17.3
-17.3
-17.3
-17.3
-17.3
-17.333333333333332
-17.3
-17.3
-17.3
-17.3
-17.3
-17.3
-17.3
-17.333333333333332
-17.266666666666666
-17.266666666666666
-17.266666666666666
-17.266666666666666
-17.266666666666666
-17.266666666666666
-17.266666666666666
-17.266666666666666
-17.266666666666666
-17.266666666666666
-17.266666666666666
-17.233333333333334
-17.233333333333334
-17.266666666666666
-17.266666666666666
-17.233333333333334
-17.2
-17.2
-17.233333333333334
-17.2
-17.2
-17.2
-17.2
-17.2
-17.2
-17.2
-17.2
-17.2
-17.2
-17.166666666666668
-17.166666666666668
-17.166666666666668
-17.166666666666668
-17.166666666666668
-17.166666666666668
-17.166666666666668
-17.166666666666668
-17.166666666666668
-17.166666666666668
-17.166666666666668
-17.166666666666668
-17.166666666666668
-17.166666666666668
-17.166666666666668
-17.166666666666668
-17.166666666666668
-17.166666666666668
-17.166666666666668
-17.166666666666668
-17.166666666666668
-17.166666666666668
-17.166666666666668
-17.166666666666668
-17.166666666666668
-17.166666666666668
-17.166666666666668
-17.133333333333333
-17.133333333333333
-17.133333333333333
-17.133333333333333
