-28.233333333333334
-27.933333333333334
-27.5
-27.366666666666667
-27.233333333333334
-26.933333333333334
-26.533333333333335
-26.4
-26.333333333333332
-26.233333333333334
-26.033333333333335
-25.933333333333334
-25.666666666666668
-25.466666666666665
-25.333333333333332
-25.2
-25.066666666666666
-24.933333333333334
-24.8
-24.5
-24.366666666666667
-24.133333333333333
-24.0
-23.733333333333334
-23.6
-23.4
-23.266666666666666
-23.233333333333334
-23.1
-22.866666666666667
-22.733333333333334
-22.566666666666666
-22.533333333333335
-22.4
-22.333333333333332
-22.266666666666666
-22.233333333333334
-22.1
-22.033333333333335
-21.966666666666665
-21.866666666666667
-21.833333333333332
-21.766666666666666
-21.666666666666668
-21.633333333333333
-21.533333333333335
-21.466666666666665
-21.433333333333334
-21.366666666666667
-21.333333333333332
-21.3
-21.266666666666666
-21.233333333333334
-21.2
-21.2
-21.2
-21.166666666666668
-21.133333333333333
-21.1
-21.066666666666666
-21.066666666666666
-21.033333333333335
-21.033333333333335
-21.0
-20.966666666666665
-20.966666666666665
-20.966666666666665
-20.966666666666665
-20.933333333333334
-20.933333333333334
-20.9
-20.9
-20.9
-20.9
-20.9
-20.9
-20.833333333333332
-20.8
-20.8
-20.8
-20.8
-20.766666666666666
-20.766666666666666
-20.766666666666666
-20.766666666666666
-20.7
-20.7
-20.7
-20.7
-20.7
-20.7
-20.7
-20.7
-20.7
-20.7
-20.666666666666668
-20.666666666666668
-20.666666666666668
-20.666666666666668
-20.666666666666668
-20.666666666666668
-20.666666666666668
-20.666666666666668
-20.666666666666668
-20.666666666666668
-20.666666666666668
-20.666666666666668
-20.666666666666668
-20.666666666666668
-20.666666666666668
-20.666666666666668
-20.666666666666668
-20.666666666666668
-20.666666666666668
-20.666666666666668
-20.633333333333333
-20.633333333333333
-20.633333333333333
-20.633333333333333
-20.633333333333333
-20.633333333333333
-20.633333333333333
-20.633333333333333
-20.633333333333333
-20.633333333333333
-20.633333333333333
-20.633333333333333
-20.633333333333333
-20.633333333333333
-20.633333333333333
-20.633333333333333
-20.633333333333333
-20.633333333333333
-20.633333333333333
-20.633333333333333
-20.633333333333333
-20.633333333333333
-20.633333333333333
-20.633333333333333
-20.633333333333333
-20.633333333333333
-20.633333333333333
-20.633333333333333
-20.633333333333333
-20.633333333333333
-20.633333333333333
-20.633333333333333
-20.633333333333333
-20.633333333333333
-20.633333333333333
-20.633333333333333
-20.633333333333333
-20.633333333333333
-20.633333333333333
-20.633333333333333
-20.633333333333333
-20.633333333333333
-20.633333333333333
-20.633333333333333
-20.633333333333333
-20.633333333333333
-20.633333333333333
-20.633333333333333
-20.633333333333333
-20.633333333333333
-20.633333333333333
-20.633333333333333
-20.633333333333333
-20.633333333333333
-20.633333333333333
-20.633333333333333
-20.633333333333333
-20.633333333333333
-20.633333333333333
-20.633333333333333
-20.633333333333333
-20.633333333333333
-20.633333333333333
-20.633333333333333
-20.633333333333333
-20.633333333333333
-20.633333333333333
-20.633333333333333
-20.633333333333333
-20.633333333333333
-20.633333333333333
-20.633333333333333
-20.633333333333333
-20.633333333333333
-20.633333333333333
-20.633333333333333
-20.633333333333333
-20.633333333333333
-20.633333333333333
-20.633333333333333
-20.633333333333333
-20.633333333333333
-20.633333333333333
-20.633333333333333
