-28.233333333333334
-27.9
-27.4
-27.066666666666666
-26.7
-26.266666666666666
-25.766666666666666
-25.333333333333332
-24.766666666666666
-24.3
-23.666666666666668
-23.3
-22.833333333333332
-22.366666666666667
-22.0
-21.6
-21.4
-21.133333333333333
-20.966666666666665
-20.766666666666666
-20.566666666666666
-20.3
-20.133333333333333
-20.033333333333335
-19.866666666666667
-19.766666666666666
-19.633333333333333
-19.566666666666666
-19.466666666666665
-19.366666666666667
-19.266666666666666
-19.1
-19.1
-19.066666666666666
-18.966666666666665
-18.933333333333334
-18.933333333333334
-18.933333333333334
-18.833333333333332
-18.833333333333332
-18.7
-18.733333333333334
-18.7
-18.666666666666668
-18.566666666666666
-18.533333333333335
-18.5
-18.466666666666665
-18.4
-18.3
-18.3
-18.2
-18.2
-18.1
-18.066666666666666
-18.033333333333335
-18.066666666666666
-18.0
-18.0
-18.0
-17.966666666666665
-17.933333333333334
-17.9
-17.866666666666667
-17.833333333333332
-17.833333333333332
-17.8
-17.8
-17.8
-17.8
-17.766666666666666
-17.733333333333334
-17.733333333333334
-17.733333333333334
-17.666666666666668
-17.7
-17.666666666666668
-17.633333333333333
-17.633333333333333
-17.6
-17.6
-17.633333333333333
-17.566666666666666
-17.566666666666666
-17.566666666666666
-17.566666666666666
-17.566666666666666
-17.566666666666666
-17.566666666666666
-17.533333333333335
-17.533333333333335
-17.5
-17.5
-17.466666666666665
-17.466666666666665
-17.433333333333334
-17.433333333333334
-17.433333333333334
-17.433333333333334
-17.433333333333334
-17.433333333333334
-17.433333333333334
-17.433333333333334
-17.433333333333334
-17.433333333333334
-17.433333333333334
-17.433333333333334
-17.433333333333334
-17.433333333333334
-17.4
-17.4
-17.4
-17.4
-17.4
-17.366666666666667
-17.366666666666667
-17.366666666666667
-17.366666666666667
-17.366666666666667
-17.366666666666667
-17.4
-17.333333333333332
-17.333333333333332
-17.333333333333332
-17.333333333333332
-17.366666666666667
-17.333333333333332
-17.333333333333332
-17.366666666666667
-17.333333333333332
-17.333333333333332
-17.333333333333332
-17.366666666666667
-17.333333333333332
-17.333333333333332
-17.3
-17.333333333333332
-17.266666666666666
-17.266666666666666
-17.266666666666666
-17.266666666666666
-17.266666666666666
-17.266666666666666
-17.266666666666666
-17.266666666666666
-17.266666666666666
-17.233333333333334
-17.233333333333334
-17.233333333333334
-17.233333333333334
-17.233333333333334
-17.233333333333334
-17.233333333333334
-17.233333333333334
-17.233333333333334
-17.233333333333334
-17.2
-17.2
-17.166666666666668
-17.166666666666668
-17.166666666666668
-17.166666666666668
-17.166666666666668
-17.133333333333333
-17.1
-17.1
-17.1
-17.1
-17.066666666666666
-17.066666666666666
-17.066666666666666
-17.066666666666666
-17.066666666666666
-17.066666666666666
-17.033333333333335
-17.033333333333335
-17.033333333333335
-17.033333333333335
-17.033333333333335
-17.033333333333335
-17.033333333333335
-17.0
-17.0
-16.966666666666665
-16.966666666666665
-17.0
-17.0
-17.0
-16.966666666666665
-16.966666666666665
-16.966666666666665
-16.966666666666665
-16.966666666666665
-16.966666666666665
-16.966666666666665
-16.966666666666665
-16.966666666666665
-16.966666666666665
-16.933333333333334
