-28.233333333333334
-27.933333333333334
-27.666666666666668
-27.366666666666667
-27.133333333333333
-26.933333333333334
-26.733333333333334
-26.6
-26.466666666666665
-26.366666666666667
-26.166666666666668
-26.033333333333335
-26.0
-25.733333333333334
-25.5
-25.333333333333332
-25.166666666666668
-25.166666666666668
-25.066666666666666
-24.966666666666665
-24.8
-24.566666666666666
-24.433333333333334
-24.333333333333332
-24.266666666666666
-24.033333333333335
-23.933333333333334
-23.8
-23.766666666666666
-23.533333333333335
-23.5
-23.266666666666666
-23.066666666666666
-22.9
-22.866666666666667
-22.766666666666666
-22.7
-22.6
-22.4
-22.3
-22.2
-22.133333333333333
-22.066666666666666
-22.066666666666666
-21.933333333333334
-21.766666666666666
-21.733333333333334
-21.633333333333333
-21.6
-21.533333333333335
-21.5
-21.466666666666665
-21.4
-21.366666666666667
-21.333333333333332
-21.233333333333334
-21.166666666666668
-21.1
-21.0
-20.9
-20.866666666666667
-20.866666666666667
-20.833333333333332
-20.833333333333332
-20.8
-20.8
-20.8
-20.8
-20.8
-20.8
-20.766666666666666
-20.766666666666666
-20.766666666666666
-20.733333333333334
-20.733333333333334
-20.733333333333334
-20.733333333333334
-20.733333333333334
-20.733333333333334
-20.733333333333334
-20.733333333333334
-20.7
-20.7
-20.7
-20.7
-20.7
-20.7
-20.7
-20.7
-20.7
-20.666666666666668
-20.666666666666668
-20.666666666666668
-20.666666666666668
-20.666666666666668
-20.666666666666668
-20.666666666666668
-20.666666666666668
-20.666666666666668
-20.666666666666668
-20.666666666666668
-20.666666666666668
-20.666666666666668
-20.666666666666668
-20.666666666666668
-20.666666666666668
-20.666666666666668
-20.666666666666668
-20.666666666666668
-20.666666666666668
-20.666666666666668
-20.666666666666668
-20.666666666666668
-20.666666666666668
-20.666666666666668
-20.666666666666668
-20.666666666666668
-20.666666666666668
-20.666666666666668
-20.666666666666668
-20.666666666666668
-20.666666666666668
-20.666666666666668
-20.666666666666668
-20.666666666666668
-20.666666666666668
-20.666666666666668
-20.666666666666668
-20.666666666666668
-20.666666666666668
-20.666666666666668
-20.666666666666668
-20.666666666666668
-20.666666666666668
-20.666666666666668
-20.666666666666668
-20.666666666666668
-20.666666666666668
-20.666666666666668
-20.666666666666668
-20.666666666666668
-20.666666666666668
-20.666666666666668
-20.666666666666668
-20.666666666666668
-20.666666666666668
-20.666666666666668
-20.666666666666668
-20.666666666666668
-20.666666666666668
-20.666666666666668
-20.666666666666668
-20.666666666666668
-20.666666666666668
-20.666666666666668
-20.666666666666668
-20.666666666666668
-20.666666666666668
-20.666666666666668
-20.666666666666668
-20.666666666666668
-20.666666666666668
-20.666666666666668
-20.666666666666668
-20.666666666666668
-20.666666666666668
-20.666666666666668
-20.666666666666668
-20.666666666666668
-20.666666666666668
-20.666666666666668
-20.666666666666668
-20.666666666666668
-20.666666666666668
-20.666666666666668
-20.666666666666668
-20.666666666666668
-20.666666666666668
-20.666666666666668
-20.666666666666668
-20.666666666666668
-20.666666666666668
-20.666666666666668
-20.666666666666668
-20.666666666666668
-20.666666666666668
-20.666666666666668
-20.666666666666668
-20.666666666666668
-20.666666666666668
-20.666666666666668
-20.666666666666668
-20.666666666666668
-20.666666666666668
-20.666666666666668
-20.666666666666668
-20.666666666666668
-20.666666666666668
-20.666666666666668
