-28.233333333333334
-27.866666666666667
-27.5
-27.033333333333335
-26.766666666666666
-26.233333333333334
-25.966666666666665
-25.466666666666665
-25.033333333333335
-24.466666666666665
-24.066666666666666
-23.633333333333333
-23.2
-22.766666666666666
-22.4
-22.0
-21.833333333333332
-21.633333333333333
-21.333333333333332
-21.033333333333335
-20.9
-20.733333333333334
-20.633333333333333
-20.433333333333334
-20.3
-20.266666666666666
-20.2
-20.033333333333335
-19.9
-19.8
-19.633333333333333
-19.566666666666666
-19.433333333333334
-19.366666666666667
-19.233333333333334
-19.166666666666668
-19.033333333333335
-18.933333333333334
-18.866666666666667
-18.833333333333332
-18.766666666666666
-18.7
-18.633333333333333
-18.566666666666666
-18.533333333333335
-18.466666666666665
-18.466666666666665
-18.466666666666665
-18.4
-18.4
-18.4
-18.333333333333332
-18.333333333333332
-18.333333333333332
-18.333333333333332
-18.3
-18.266666666666666
-18.3
-18.233333333333334
-18.233333333333334
-18.233333333333334
-18.133333333333333
-18.133333333333333
-18.133333333333333
-18.1
-18.066666666666666
-17.966666666666665
-17.966666666666665
-17.933333333333334
-17.9
-17.9
-17.9
-17.866666666666667
-17.866666666666667
-17.833333333333332
-17.833333333333332
-17.8
-17.8
-17.8
-17.733333333333334
-17.733333333333334
-17.733333333333334
-17.733333333333334
-17.733333333333334
-17.633333333333333
-17.633333333333333
-17.633333333333333
-17.633333333333333
-17.633333333333333
-17.666666666666668
-17.6
-17.633333333333333
-17.6
-17.6
-17.6
-17.633333333333333
-17.6
-17.6
-17.6
-17.6
-17.6
-17.533333333333335
-17.533333333333335
-17.533333333333335
-17.533333333333335
-17.5
-17.5
-17.5
-17.5
-17.5
-17.5
-17.533333333333335
-17.5
-17.5
-17.466666666666665
-17.433333333333334
-17.433333333333334
-17.433333333333334
-17.433333333333334
-17.433333333333334
-17.433333333333334
-17.433333333333334
-17.433333333333334
-17.466666666666665
-17.433333333333334
-17.433333333333334
-17.433333333333334
-17.433333333333334
-17.433333333333334
-17.4
-17.4
-17.4
-17.4
-17.366666666666667
-17.366666666666667
-17.366666666666667
-17.366666666666667
-17.366666666666667
-17.366666666666667
-17.366666666666667
-17.366666666666667
-17.366666666666667
-17.333333333333332
-17.333333333333332
-17.333333333333332
-17.333333333333332
-17.333333333333332
-17.333333333333332
-17.333333333333332
-17.333333333333332
-17.333333333333332
-17.333333333333332
-17.333333333333332
-17.333333333333332
-17.333333333333332
-17.333333333333332
-17.333333333333332
-17.333333333333332
-17.333333333333332
-17.333333333333332
-17.333333333333332
-17.3
-17.3
-17.3
-17.3
-17.3
-17.3
-17.3
-17.3
-17.3
-17.3
-17.3
-17.3
-17.3
-17.3
-17.3
-17.3
-17.3
-17.3
-17.3
-17.3
-17.3
-17.3
-17.3
-17.3
-17.3
-17.3
-17.3
-17.3
-17.3
-17.3
-17.3
-17.3
-17.3
-17.266666666666666
-17.266666666666666
-17.266666666666666
-17.266666666666666
-17.266666666666666
