-28.233333333333334
-27.9
-27.633333333333333
-27.4
-27.233333333333334
-27.033333333333335
-26.866666666666667
-26.7
-26.7
-26.466666666666665
-26.3
-26.166666666666668
-26.033333333333335
-25.833333333333332
-25.733333333333334
-25.666666666666668
-25.4
-25.233333333333334
-25.1
-24.9
-24.8
-24.566666666666666
-24.4
-24.333333333333332
-24.233333333333334
-24.2
-24.1
-23.933333333333334
-23.766666666666666
-23.6
-23.433333333333334
-23.266666666666666
-23.166666666666668
-23.0
-22.9
-22.866666666666667
-22.8
-22.7
-22.6
-22.533333333333335
-22.466666666666665
-22.333333333333332
-22.2
-22.133333333333333
-22.1
-22.1
-22.0
-21.9
-21.833333333333332
-21.8
-21.8
-21.766666666666666
-21.633333333333333
-21.6
-21.566666666666666
-21.533333333333335
-21.466666666666665
-21.4
-21.333333333333332
-21.266666666666666
-21.266666666666666
-21.233333333333334
-21.2
-21.2
-21.166666666666668
-21.066666666666666
-21.033333333333335
-21.0
-20.966666666666665
-20.933333333333334
-20.933333333333334
-20.866666666666667
-20.866666666666667
-20.866666666666667
-20.833333333333332
-20.833333333333332
-20.8
-20.8
-20.766666666666666
-20.733333333333334
-20.733333333333334
-20.733333333333334
-20.733333333333334
-20.7
-20.7
-20.7
-20.7
-20.7
-20.7
-20.7
-20.7
-20.7
-20.7
-20.7
-20.7
-20.7
-20.7
-20.666666666666668
-20.666666666666668
-20.666666666666668
-20.633333333333333
-20.633333333333333
-20.633333333333333
-20.633333333333333
-20.633333333333333
-20.633333333333333
-20.633333333333333
-20.6
-20.566666666666666
-20.566666666666666
-20.566666666666666
-20.566666666666666
-20.566666666666666
-20.566666666666666
-20.566666666666666
-20.566666666666666
-20.566666666666666
-20.566666666666666
-20.566666666666666
-20.533333333333335
-20.533333333333335
-20.533333333333335
-20.533333333333335
-20.533333333333335
-20.533333333333335
-20.533333333333335
-20.5
-20.5
-20.5
-20.5
-20.5
-20.5
-20.5
-20.5
-20.5
-20.5
-20.5
-20.5
-20.5
-20.5
-20.5
-20.5
-20.5
-20.5
-20.5
-20.5
-20.5
-20.5
-20.5
-20.5
-20.5
-20.5
-20.5
-20.5
-20.5
-20.5
-20.5
-20.5
-20.5
-20.5
-20.5
-20.5
-20.5
-20.5
-20.5
-20.5
-20.5
-20.5
-20.466666666666665
-20.466666666666665
-20.466666666666665
-20.466666666666665
-20.466666666666665
-20.466666666666665
-20.466666666666665
-20.466666666666665
-20.466666666666665
-20.466666666666665
-20.466666666666665
-20.466666666666665
-20.466666666666665
-20.466666666666665
-20.466666666666665
-20.466666666666665
-20.466666666666665
-20.466666666666665
-20.466666666666665
-20.466666666666665
-20.466666666666665
-20.466666666666665
-20.466666666666665
-20.466666666666665
-20.466666666666665
-20.466666666666665
-20.535714285714285
-21.333333333333332
