-28.2
-27.866666666666667
-27.4
-27.2
-26.966666666666665
-26.733333333333334
-26.5
-26.166666666666668
-25.966666666666665
-25.6
-25.2
-24.866666666666667
-24.6
-24.133333333333333
-23.8
-23.433333333333334
-23.066666666666666
-22.766666666666666
-22.5
-22.266666666666666
-21.9
-21.733333333333334
-21.533333333333335
-21.166666666666668
-21.033333333333335
-20.966666666666665
-20.666666666666668
-20.633333333333333
-20.566666666666666
-20.4
-20.366666666666667
-20.266666666666666
-20.3
-20.2
-20.033333333333335
-19.9
-19.766666666666666
-19.733333333333334
-19.733333333333334
-19.666666666666668
-19.566666666666666
-19.5
-19.366666666666667
-19.266666666666666
-19.166666666666668
-19.066666666666666
-18.966666666666665
-18.9
-18.9
-18.8
-18.8
-18.733333333333334
-18.733333333333334
-18.733333333333334
-18.6
-18.533333333333335
-18.433333333333334
-18.3
-18.3
-18.233333333333334
-18.233333333333334
-18.166666666666668
-18.1
-18.066666666666666
-18.066666666666666
-18.033333333333335
-18.033333333333335
-18.0
-17.966666666666665
-18.0
-17.933333333333334
-17.833333333333332
-17.833333333333332
-17.833333333333332
-17.8
-17.8
-17.8
-17.766666666666666
-17.766666666666666
-17.733333333333334
-17.7
-17.666666666666668
-17.666666666666668
-17.633333333333333
-17.566666666666666
-17.533333333333335
-17.533333333333335
-17.533333333333335
-17.5
-17.5
-17.5
-17.5
-17.5
-17.5
-17.5
-17.533333333333335
-17.5
-17.466666666666665
-17.466666666666665
-17.466666666666665
-17.466666666666665
-17.466666666666665
-17.466666666666665
-17.366666666666667
-17.366666666666667
-17.4
-17.366666666666667
-17.366666666666667
-17.366666666666667
-17.333333333333332
-17.333333333333332
-17.333333333333332
-17.333333333333332
-17.333333333333332
-17.266666666666666
-17.266666666666666
-17.3
-17.266666666666666
-17.266666666666666
-17.266666666666666
-17.266666666666666
-17.266666666666666
-17.233333333333334
-17.2
-17.2
-17.2
-17.2
-17.166666666666668
-17.166666666666668
-17.166666666666668
-17.166666666666668
-17.133333333333333
-17.133333333333333
-17.133333333333333
-17.133333333333333
-17.133333333333333
-17.133333333333333
-17.133333333333333
-17.133333333333333
-17.133333333333333
-17.133333333333333
-17.133333333333333
-17.133333333333333
-17.133333333333333
-17.133333333333333
-17.133333333333333
-17.133333333333333
-17.133333333333333
-17.133333333333333
-17.133333333333333
-17.133333333333333
-17.166666666666668
-17.133333333333333
-17.133333333333333
-17.133333333333333
-17.133333333333333
-17.133333333333333
-17.133333333333333
-17.133333333333333
-17.133333333333333
-17.1
-17.1
-17.1
-17.1
-17.1
-17.1
-17.1
-17.1
-17.1
-17.1
-17.133333333333333
-17.1
-17.1
-17.1
-17.1
-17.1
-17.066666666666666
-17.066666666666666
-17.066666666666666
-17.066666666666666
-17.066666666666666
-17.066666666666666
-17.066666666666666
-17.066666666666666
-17.066666666666666
-17.066666666666666
-17.033333333333335
-17.033333333333335
-17.033333333333335
-17.033333333333335
-14.966666666666667
-11.2
-8.966666666666667
-3.7333333333333334
-1.9
