-167.23333333333332
-160.16666666666666
-155.33333333333334
-151.96666666666667
-149.0
-146.5
-144.23333333333332
-142.53333333333333
-141.13333333333333
-140.0
-139.16666666666666
-138.16666666666666
-137.16666666666666
-136.3
-135.53333333333333
-134.93333333333334
-134.46666666666667
-134.13333333333333
-134.0
-133.96666666666667
-133.83333333333334
-133.76666666666668
-133.76666666666668
-133.76666666666668
-133.7
-133.66666666666666
-133.66666666666666
-133.63333333333333
-133.63333333333333
-133.63333333333333
-133.63333333333333
-133.63333333333333
-133.63333333333333
-133.63333333333333
-133.63333333333333
-133.63333333333333
-133.63333333333333
-133.56666666666666
-133.56666666666666
-133.53333333333333
-133.53333333333333
-133.53333333333333
-133.53333333333333
-133.53333333333333
-133.5
-133.46666666666667
-133.43333333333334
-133.43333333333334
-133.43333333333334
-133.4
-133.33333333333334
-133.26666666666668
-133.13333333333333
-133.1
-133.03333333333333
-133.0
-132.96666666666667
-132.96666666666667
-132.93333333333334
-132.9
-132.9
-132.9
-132.9
-132.9
-132.86666666666667
-132.83333333333334
-132.8
-132.8
-132.8
-132.8
-132.8
-132.8
-132.8
-132.8
-132.8
-132.8
-132.8
-132.8
-132.8
-132.8
-132.8
-132.8
-132.8
-132.8
-132.8
-132.8
-132.8
-132.8
-132.8
-132.8
-132.8
-132.8
-132.8
-132.8
-132.8
-132.8
-132.8
-132.8
-132.8
-132.8
-132.8
-132.8
-132.8
-132.8
-132.8
-132.8
-132.8
-132.8
-132.8
-132.8
-132.8
-132.8
-132.8
-132.8
-132.8
-132.8
-132.8
-132.8
-132.8
-132.8
-132.8
-132.8
-132.8
-132.8
-132.8
-132.8
-132.8
-132.8
-132.8
-132.8
-132.8
-132.8
-132.8
-132.8
-132.8
-132.8
-132.8
-132.8
-132.8
-132.8
-132.8
-132.8
-132.8
-132.8
-132.8
-132.8
-132.8
-132.8
-132.8
-132.8
-132.8
-132.8
-132.8
-132.8
-132.8
-132.8
-132.8
-132.8
-132.8
-132.8
-132.8
-132.8
-132.8
-132.8
-132.8
-132.8
-132.8
-132.8
-132.8
-132.8
-132.8
-132.8
-132.8
-132.8
-132.8
-132.8
-132.8
-132.8
-132.8
-132.8
-132.8
-132.8
-132.8
-132.8
-132.8
-132.8
-132.8
-132.8
-132.8
-132.8
-132.8
-132.8
-132.8
-132.8
-132.8
-132.8
-132.8
-132.8
-132.8
