-167.23333333333332
-159.8
-154.56666666666666
-150.8
-147.36666666666667
-144.06666666666666
-141.36666666666667
-138.63333333333333
-136.06666666666666
-133.76666666666668
-131.63333333333333
-129.36666666666667
-126.83333333333333
-124.26666666666667
-121.96666666666667
-119.3
-116.56666666666666
-113.7
-110.83333333333333
-108.03333333333333
-105.3
-102.3
-99.03333333333333
-96.13333333333334
-93.26666666666667
-90.7
-88.1
-85.5
-83.0
-81.03333333333333
-79.0
-76.7
-73.93333333333334
-70.63333333333334
-67.53333333333333
-64.03333333333333
-60.8
-58.03333333333333
-55.6
-53.233333333333334
-51.03333333333333
-48.43333333333333
-46.166666666666664
-43.7
-41.93333333333333
-40.266666666666666
-38.3
-36.63333333333333
-34.8
-33.266666666666666
-31.933333333333334
-30.733333333333334
-29.733333333333334
-28.866666666666667
-27.833333333333332
-27.166666666666668
-26.566666666666666
-26.166666666666668
-25.766666666666666
-25.1
-24.666666666666668
-23.9
-23.466666666666665
-23.066666666666666
-22.966666666666665
-22.366666666666667
-22.2
-21.5
-21.533333333333335
-21.2
-20.9
-20.566666666666666
-20.8
-20.533333333333335
-20.533333333333335
-20.466666666666665
-20.233333333333334
-20.166666666666668
-19.966666666666665
-20.1
-20.033333333333335
-19.9
-19.633333333333333
-19.666666666666668
-19.466666666666665
-19.533333333333335
-19.4
-19.333333333333332
-19.3
-19.2
-19.233333333333334
-19.133333333333333
-19.1
-19.0
-19.033333333333335
-18.966666666666665
-19.0
-19.1
-19.0
-19.066666666666666
-18.866666666666667
-18.8
-18.833333333333332
-18.866666666666667
-18.833333333333332
-18.766666666666666
-18.8
-18.7
-18.666666666666668
-18.733333333333334
-18.633333333333333
-18.733333333333334
-18.566666666666666
-18.6
-18.566666666666666
-18.5
-18.5
-18.466666666666665
-18.433333333333334
-18.5
-18.5
-18.433333333333334
-18.433333333333334
-18.433333333333334
-18.433333333333334
-18.5
-18.566666666666666
-18.566666666666666
-18.6
-18.466666666666665
-18.466666666666665
-18.6
-18.533333333333335
-18.533333333333335
-18.5
-18.3
-18.266666666666666
-18.3
-18.3
-18.333333333333332
-18.266666666666666
-18.2
-18.466666666666665
-18.2
-18.366666666666667
-18.366666666666667
-18.166666666666668
-18.266666666666666
-18.2
-18.266666666666666
-18.133333333333333
-18.166666666666668
-18.166666666666668
-18.166666666666668
-18.1
-18.166666666666668
-18.1
-18.1
-18.066666666666666
-18.066666666666666
-18.066666666666666
-18.066666666666666
-18.066666666666666
-18.066666666666666
-18.1
-18.033333333333335
-18.033333333333335
-18.033333333333335
-18.033333333333335
-18.033333333333335
-18.066666666666666
-18.066666666666666
-18.066666666666666
-18.066666666666666
-18.0
-18.0
-18.0
-18.0
-18.033333333333335
-18.033333333333335
-18.1
-17.966666666666665
-18.0
-18.0
-17.933333333333334
-17.966666666666665
-18.0
-17.966666666666665
-17.933333333333334
-17.9
-17.933333333333334
-17.9
-17.9
-17.866666666666667
-17.833333333333332
-17.8
-17.8
-17.8
-17.8
