-167.23333333333332
-160.16666666666666
-155.23333333333332
-151.93333333333334
-149.13333333333333
-146.73333333333332
-144.9
-143.46666666666667
-142.03333333333333
-140.76666666666668
-139.53333333333333
-138.1
-136.96666666666667
-136.1
-135.26666666666668
-134.66666666666666
-134.1
-133.76666666666668
-133.46666666666667
-133.26666666666668
-133.1
-132.83333333333334
-132.76666666666668
-132.63333333333333
-132.53333333333333
-132.43333333333334
-132.33333333333334
-132.26666666666668
-132.23333333333332
-132.1
-131.93333333333334
-131.83333333333334
-131.8
-131.8
-131.76666666666668
-131.76666666666668
-131.73333333333332
-131.73333333333332
-131.73333333333332
-131.73333333333332
-131.73333333333332
-131.73333333333332
-131.73333333333332
-131.73333333333332
-131.7
-131.66666666666666
-131.66666666666666
-131.63333333333333
-131.63333333333333
-131.63333333333333
-131.63333333333333
-131.63333333333333
-131.63333333333333
-131.63333333333333
-131.63333333333333
-131.63333333333333
-131.63333333333333
-131.63333333333333
-131.63333333333333
-131.63333333333333
-131.6
-131.56666666666666
-131.56666666666666
-131.53333333333333
-131.53333333333333
-131.53333333333333
-131.53333333333333
-131.53333333333333
-131.53333333333333
-131.53333333333333
-131.53333333333333
-131.53333333333333
-131.53333333333333
-131.53333333333333
-131.53333333333333
-131.53333333333333
-131.53333333333333
-131.53333333333333
-131.53333333333333
-131.53333333333333
-131.53333333333333
-131.53333333333333
-131.53333333333333
-131.53333333333333
-131.53333333333333
-131.53333333333333
-131.53333333333333
-131.53333333333333
-131.53333333333333
-131.53333333333333
-131.53333333333333
-131.53333333333333
-131.53333333333333
-131.53333333333333
-131.53333333333333
-131.53333333333333
-131.53333333333333
-131.53333333333333
-131.53333333333333
-131.53333333333333
-131.53333333333333
-131.53333333333333
-131.53333333333333
-131.53333333333333
-131.53333333333333
-131.53333333333333
-131.53333333333333
-131.53333333333333
-131.53333333333333
-131.53333333333333
-131.53333333333333
-131.53333333333333
-131.53333333333333
-131.53333333333333
-131.53333333333333
-131.53333333333333
-131.53333333333333
-131.53333333333333
-131.53333333333333
-131.53333333333333
-131.53333333333333
-131.53333333333333
-131.53333333333333
-131.53333333333333
-131.53333333333333
-131.53333333333333
-131.53333333333333
-131.53333333333333
-131.53333333333333
-131.53333333333333
-131.53333333333333
-131.53333333333333
-131.53333333333333
-131.53333333333333
-131.53333333333333
-131.53333333333333
-131.53333333333333
-131.53333333333333
-131.53333333333333
-131.53333333333333
-131.53333333333333
-131.5
-131.5
-131.5
-131.5
-131.5
-131.5
-131.5
-131.5
-131.5
-131.5
-131.5
-131.5
-131.5
-131.5
-131.5
-131.5
-131.5
-131.5
-131.5
-131.5
-131.5
-131.5
-131.5
-131.5
-131.5
-131.5
-131.5
-131.5
-131.5
-131.5
-131.5
-131.5
-131.5
-131.5
-131.5
-131.5
-131.5
-131.5
-131.5
-131.5
-131.5
-131.5
-131.5
-131.5
-131.5
-131.5
-131.5
-131.5
-131.5
-131.5
-131.5
-131.5
-131.5
-131.5
-131.5
-131.5
-131.5
-131.5
