-167.2
-159.76666666666668
-154.53333333333333
-150.7
-147.33333333333334
-144.2
-141.36666666666667
-138.63333333333333
-136.2
-133.73333333333332
-131.2
-128.66666666666666
-126.33333333333333
-123.76666666666667
-121.4
-119.2
-116.8
-114.2
-111.53333333333333
-108.73333333333333
-106.03333333333333
-103.23333333333333
-100.6
-97.46666666666667
-94.13333333333334
-90.9
-88.1
-85.16666666666667
-82.66666666666667
-79.96666666666667
-77.23333333333333
-74.73333333333333
-71.56666666666666
-68.16666666666667
-64.43333333333334
-60.56666666666667
-56.833333333333336
-53.13333333333333
-50.4
-47.43333333333333
-44.7
-42.43333333333333
-40.2
-38.3
-36.4
-34.56666666666667
-32.63333333333333
-31.2
-29.366666666666667
-28.2
-27.033333333333335
-26.166666666666668
-25.266666666666666
-24.466666666666665
-23.933333333333334
-23.433333333333334
-23.133333333333333
-22.833333333333332
-22.6
-22.733333333333334
-22.433333333333334
-22.2
-21.966666666666665
-21.8
-21.733333333333334
-21.333333333333332
-21.333333333333332
-21.033333333333335
-21.066666666666666
-20.733333333333334
-20.6
-20.6
-20.666666666666668
-20.233333333333334
-20.3
-20.1
-20.266666666666666
-20.033333333333335
-20.133333333333333
-20.0
-19.866666666666667
-19.766666666666666
-19.633333333333333
-19.7
-19.666666666666668
-19.333333333333332
-19.366666666666667
-19.133333333333333
-19.2
-19.133333333333333
-19.166666666666668
-19.033333333333335
-19.066666666666666
-19.066666666666666
-19.2
-19.133333333333333
-19.066666666666666
-18.933333333333334
-18.866666666666667
-18.9
-18.733333333333334
-18.8
-18.733333333333334
-18.666666666666668
-18.833333333333332
-18.666666666666668
-18.6
-18.6
-18.633333333333333
-18.633333333333333
-18.733333333333334
-18.6
-18.566666666666666
-18.7
-18.533333333333335
-18.7
-18.533333333333335
-18.666666666666668
-18.633333333333333
-18.5
-18.5
-18.533333333333335
-18.4
-18.366666666666667
-18.433333333333334
-18.433333333333334
-18.4
-18.366666666666667
-18.366666666666667
-18.333333333333332
-18.3
-18.166666666666668
-18.266666666666666
-18.233333333333334
-18.133333333333333
-18.233333333333334
-18.133333333333333
-18.233333333333334
-18.166666666666668
-18.166666666666668
-18.1
-18.1
-18.2
-18.266666666666666
-18.1
-18.233333333333334
-18.066666666666666
-18.033333333333335
-18.033333333333335
-18.033333333333335
-18.033333333333335
-18.066666666666666
-18.0
-18.0
-18.0
-18.0
-18.133333333333333
-18.066666666666666
-18.066666666666666
-18.066666666666666
-18.066666666666666
-18.166666666666668
-18.0
-18.066666666666666
-18.0
-18.0
-18.033333333333335
-18.1
-18.133333333333333
-17.933333333333334
-18.066666666666666
-18.0
-17.933333333333334
-17.966666666666665
-17.933333333333334
-17.9
-18.0
-17.966666666666665
-18.0
-17.9
-17.833333333333332
-17.866666666666667
-17.933333333333334
-17.8
-17.8
-17.766666666666666
-17.766666666666666
-17.766666666666666
-17.766666666666666
-17.766666666666666
-17.766666666666666
-17.766666666666666
-17.766666666666666
-17.833333333333332
-18.0
-17.766666666666666
-17.766666666666666
-17.766666666666666
-17.833333333333332
