-167.16666666666666
-160.13333333333333
-155.1
-151.76666666666668
-148.9
-146.56666666666666
-144.63333333333333
-142.96666666666667
-141.36666666666667
-139.73333333333332
-138.66666666666666
-137.63333333333333
-136.76666666666668
-136.1
-135.43333333333334
-134.66666666666666
-134.1
-133.66666666666666
-133.36666666666667
-133.13333333333333
-132.96666666666667
-132.93333333333334
-132.76666666666668
-132.6
-132.46666666666667
-132.36666666666667
-132.3
-132.23333333333332
-132.16666666666666
-132.1
-132.06666666666666
-132.03333333333333
-132.03333333333333
-132.03333333333333
-132.03333333333333
-132.03333333333333
-132.03333333333333
-132.03333333333333
-132.03333333333333
-132.03333333333333
-132.03333333333333
-132.0
-131.96666666666667
-131.93333333333334
-131.86666666666667
-131.76666666666668
-131.76666666666668
-131.73333333333332
-131.66666666666666
-131.63333333333333
-131.56666666666666
-131.46666666666667
-131.36666666666667
-131.36666666666667
-131.36666666666667
-131.33333333333334
-131.33333333333334
-131.33333333333334
-131.33333333333334
-131.33333333333334
-131.33333333333334
-131.33333333333334
-131.33333333333334
-131.33333333333334
-131.33333333333334
-131.33333333333334
-131.33333333333334
-131.33333333333334
-131.33333333333334
-131.33333333333334
-131.33333333333334
-131.33333333333334
-131.33333333333334
-131.33333333333334
-131.33333333333334
-131.33333333333334
-131.33333333333334
-131.33333333333334
-131.33333333333334
-131.33333333333334
-131.33333333333334
-131.33333333333334
-131.33333333333334
-131.33333333333334
-131.33333333333334
-131.33333333333334
-131.33333333333334
-131.33333333333334
-131.33333333333334
-131.33333333333334
-131.33333333333334
-131.33333333333334
-131.33333333333334
-131.33333333333334
-131.33333333333334
-131.33333333333334
-131.33333333333334
-131.33333333333334
-131.33333333333334
-131.33333333333334
-131.33333333333334
-131.33333333333334
-131.33333333333334
-131.33333333333334
-131.33333333333334
-131.33333333333334
-131.33333333333334
-131.33333333333334
-131.33333333333334
-131.33333333333334
-131.33333333333334
-131.33333333333334
-131.33333333333334
-131.33333333333334
-131.33333333333334
-131.33333333333334
-131.33333333333334
-131.33333333333334
-131.33333333333334
-131.33333333333334
-131.33333333333334
-131.33333333333334
-131.33333333333334
-131.33333333333334
-131.33333333333334
-131.33333333333334
-131.33333333333334
-131.33333333333334
-131.33333333333334
-131.33333333333334
-131.33333333333334
-131.33333333333334
-131.33333333333334
-131.33333333333334
-131.33333333333334
-131.33333333333334
-131.33333333333334
-131.33333333333334
-131.33333333333334
-131.33333333333334
-131.33333333333334
-131.33333333333334
-131.33333333333334
-131.33333333333334
-131.33333333333334
-131.33333333333334
-131.33333333333334
-131.33333333333334
-131.33333333333334
-131.33333333333334
-131.33333333333334
-131.33333333333334
-131.33333333333334
-131.33333333333334
-131.33333333333334
-131.33333333333334
-131.33333333333334
-131.33333333333334
-131.33333333333334
-131.33333333333334
-131.33333333333334
-131.33333333333334
-131.33333333333334
-131.33333333333334
-131.33333333333334
-131.33333333333334
-131.33333333333334
-131.33333333333334
-131.33333333333334
-131.33333333333334
-131.33333333333334
-131.33333333333334
-131.33333333333334
-131.33333333333334
-131.33333333333334
-131.33333333333334
-131.33333333333334
-131.33333333333334
-131.33333333333334
-131.33333333333334
-131.33333333333334
-131.33333333333334
-131.33333333333334
-131.33333333333334
-131.33333333333334
-131.33333333333334
-131.33333333333334
-131.33333333333334
-131.33333333333334
-131.33333333333334
-131.33333333333334
-131.33333333333334
-131.33333333333334
-131.33333333333334
-131.33333333333334
-131.33333333333334
-131.33333333333334
-131.33333333333334
-131.33333333333334
