-167.13333333333333
-159.73333333333332
-154.36666666666667
-150.6
-147.2
-144.36666666666667
-141.96666666666667
-139.43333333333334
-136.8
-134.3
-131.7
-129.13333333333333
-126.6
-124.13333333333334
-121.86666666666666
-119.16666666666667
-116.46666666666667
-113.33333333333333
-110.4
-107.8
-105.13333333333334
-102.63333333333334
-100.1
-97.63333333333334
-95.2
-92.2
-89.26666666666667
-86.13333333333334
-83.23333333333333
-80.0
-76.83333333333333
-73.83333333333333
-70.73333333333333
-67.53333333333333
-64.43333333333334
-61.53333333333333
-58.86666666666667
-56.46666666666667
-54.06666666666667
-51.166666666666664
-48.53333333333333
-45.46666666666667
-42.833333333333336
-40.166666666666664
-37.93333333333333
-35.833333333333336
-33.733333333333334
-32.03333333333333
-30.533333333333335
-29.166666666666668
-28.066666666666666
-27.1
-26.2
-25.666666666666668
-25.233333333333334
-24.666666666666668
-24.533333333333335
-24.066666666666666
-23.866666666666667
-23.266666666666666
-23.033333333333335
-22.5
-22.2
-22.1
-21.8
-21.666666666666668
-21.666666666666668
-21.466666666666665
-21.433333333333334
-21.2
-21.266666666666666
-20.8
-20.833333333333332
-20.633333333333333
-20.666666666666668
-20.466666666666665
-20.7
-20.533333333333335
-20.366666666666667
-20.333333333333332
-20.333333333333332
-20.1
-19.933333333333334
-19.933333333333334
-19.833333333333332
-19.833333333333332
-19.833333333333332
-19.7
-19.566666666666666
-19.466666666666665
-19.466666666666665
-19.433333333333334
-19.466666666666665
-19.333333333333332
-19.3
-19.4
-19.333333333333332
-19.3
-19.366666666666667
-19.566666666666666
-19.366666666666667
-19.2
-19.166666666666668
-19.1
-19.133333333333333
-18.966666666666665
-18.933333333333334
-18.933333333333334
-18.966666666666665
-18.9
-18.866666666666667
-18.9
-18.733333333333334
-18.8
-18.8
-18.666666666666668
-18.766666666666666
-18.6
-18.6
-18.533333333333335
-18.666666666666668
-18.566666666666666
-18.5
-18.5
-18.5
-18.5
-18.566666666666666
-18.466666666666665
-18.533333333333335
-18.6
-18.433333333333334
-18.433333333333334
-18.533333333333335
-18.466666666666665
-18.366666666666667
-18.4
-18.3
-18.3
-18.266666666666666
-18.266666666666666
-18.266666666666666
-18.3
-18.233333333333334
-18.233333333333334
-18.233333333333334
-18.233333333333334
-18.3
-18.5
-18.233333333333334
-18.2
-18.3
-18.2
-18.3
-18.266666666666666
-18.166666666666668
-18.166666666666668
-18.1
-18.1
-18.066666666666666
-18.066666666666666
-18.066666666666666
-18.066666666666666
-18.033333333333335
-18.0
-18.033333333333335
-18.0
-18.0
-18.0
-17.966666666666665
-17.966666666666665
-17.966666666666665
-17.966666666666665
-17.966666666666665
-17.966666666666665
-17.966666666666665
-17.966666666666665
-17.966666666666665
-17.966666666666665
-17.966666666666665
-17.966666666666665
-18.0
-18.033333333333335
-17.966666666666665
-17.966666666666665
-18.0
-17.933333333333334
-18.0
-17.933333333333334
-17.933333333333334
-17.933333333333334
-17.933333333333334
-18.066666666666666
-17.966666666666665
-18.033333333333335
-17.966666666666665
-18.166666666666668
-18.066666666666666
-17.9
-17.9
