-167.2
-160.03333333333333
-159.6
-153.03333333333333
-149.6
-145.83333333333334
-142.76666666666668
-141.73333333333332
-140.7
-139.66666666666666
-138.6
-137.9
-137.06666666666666
-136.73333333333332
-135.86666666666667
-135.4
-134.4
-134.03333333333333
-133.36666666666667
-133.2
-132.8
-132.73333333333332
-132.23333333333332
-132.16666666666666
-131.73333333333332
-131.73333333333332
-131.5
-131.4
-131.23333333333332
-131.23333333333332
-131.13333333333333
-131.0
-130.9
-130.93333333333334
-130.8
-130.9
-130.8
-130.8
-130.76666666666668
-130.7
-130.73333333333332
-130.63333333333333
-130.63333333333333
-130.56666666666666
-130.56666666666666
-130.53333333333333
-130.56666666666666
-130.53333333333333
-130.53333333333333
-130.5
-130.46666666666667
-130.36666666666667
-130.23333333333332
-130.16666666666666
-130.2
-130.13333333333333
-130.2
-130.13333333333333
-130.2
-130.13333333333333
-130.16666666666666
-130.13333333333333
-130.13333333333333
-130.13333333333333
-130.13333333333333
-130.13333333333333
-130.13333333333333
-130.13333333333333
-130.13333333333333
-130.13333333333333
-130.13333333333333
-130.13333333333333
-130.13333333333333
-130.13333333333333
-130.13333333333333
-130.16666666666666
-130.13333333333333
-130.13333333333333
-130.13333333333333
-130.13333333333333
-130.13333333333333
-130.13333333333333
-130.13333333333333
-130.13333333333333
-130.13333333333333
-130.13333333333333
-130.13333333333333
-130.13333333333333
-130.13333333333333
-130.13333333333333
-130.13333333333333
-130.13333333333333
-130.13333333333333
-130.13333333333333
-130.13333333333333
-130.13333333333333
-130.13333333333333
-130.13333333333333
-130.13333333333333
-130.13333333333333
-130.13333333333333
-130.13333333333333
-130.13333333333333
-130.13333333333333
-130.13333333333333
-130.13333333333333
-130.13333333333333
-130.13333333333333
-130.13333333333333
-130.13333333333333
-130.13333333333333
-130.13333333333333
-130.13333333333333
-130.13333333333333
-130.13333333333333
-130.13333333333333
-130.13333333333333
-130.13333333333333
-130.13333333333333
-130.13333333333333
-130.13333333333333
-130.13333333333333
-130.13333333333333
-130.13333333333333
-130.13333333333333
-130.13333333333333
-130.13333333333333
-130.13333333333333
-130.13333333333333
-130.13333333333333
-130.13333333333333
-130.13333333333333
-130.13333333333333
-130.13333333333333
-130.13333333333333
-130.13333333333333
-130.13333333333333
-130.13333333333333
-130.13333333333333
-130.13333333333333
-130.13333333333333
-130.13333333333333
-130.13333333333333
-130.13333333333333
-130.13333333333333
-130.13333333333333
-130.13333333333333
-130.13333333333333
-130.13333333333333
-130.13333333333333
-130.13333333333333
-130.13333333333333
-130.13333333333333
-130.44827586206895
-130.44827586206895
-130.44827586206895
-130.44827586206895
-130.44827586206895
-130.44827586206895
-130.67857142857142
-130.62962962962962
-130.62962962962962
-130.62962962962962
-130.62962962962962
-130.8846153846154
-131.08
-131.33333333333334
-131.33333333333334
-131.38095238095238
-131.11764705882354
-132.72727272727272
-133.0
-133.125
-133.0
-133.0
-133.0
-133.0
-133.0
-133.0
-133.0
-133.0
-133.0
-133.0
-131.66666666666666
-131.66666666666666
-131.66666666666666
-131.8
-131.8
-131.8
-131.8
-131.8
-132.75
-133.0
-133.0
