-167.26666666666668
-159.73333333333332
-159.26666666666668
-152.83333333333334
-149.56666666666666
-144.6
-140.76666666666668
-138.46666666666667
-136.2
-134.8
-133.0
-131.66666666666666
-130.0
-128.6
-126.43333333333334
-124.83333333333333
-123.06666666666666
-121.96666666666667
-120.3
-119.16666666666667
-117.53333333333333
-116.33333333333333
-115.2
-114.2
-113.2
-112.2
-111.33333333333333
-110.23333333333333
-109.26666666666667
-108.2
-107.1
-105.83333333333333
-104.66666666666667
-103.13333333333334
-101.8
-100.36666666666666
-98.93333333333334
-97.5
-96.13333333333334
-94.53333333333333
-93.06666666666666
-91.36666666666666
-90.16666666666667
-88.46666666666667
-87.2
-85.33333333333333
-84.4
-82.43333333333334
-81.16666666666667
-79.3
-78.16666666666667
-76.13333333333334
-74.86666666666666
-72.83333333333333
-71.9
-69.86666666666666
-69.0
-67.3
-66.13333333333334
-64.66666666666667
-63.53333333333333
-61.86666666666667
-60.86666666666667
-59.1
-58.1
-56.266666666666666
-55.43333333333333
-53.8
-52.63333333333333
-50.93333333333333
-49.733333333333334
-48.266666666666666
-46.63333333333333
-45.3
-44.166666666666664
-42.7
-41.233333333333334
-40.333333333333336
-39.03333333333333
-38.06666666666667
-37.03333333333333
-35.833333333333336
-35.06666666666667
-33.9
-33.03333333333333
-32.13333333333333
-31.166666666666668
-30.4
-29.833333333333332
-29.133333333333333
-28.8
-27.9
-27.6
-26.866666666666667
-26.633333333333333
-25.966666666666665
-25.733333333333334
-24.9
-24.566666666666666
-24.066666666666666
-23.633333333333333
-23.366666666666667
-23.033333333333335
-22.666666666666668
-22.5
-22.366666666666667
-22.133333333333333
-21.966666666666665
-21.766666666666666
-21.7
-21.633333333333333
-20.7
-20.766666666666666
-20.733333333333334
-20.733333333333334
-20.533333333333335
-20.466666666666665
-20.266666666666666
-20.233333333333334
-20.433333333333334
-19.966666666666665
-19.9
-20.066666666666666
-19.933333333333334
-20.0
-19.933333333333334
-19.033333333333335
-19.033333333333335
-19.0
-18.966666666666665
-18.866666666666667
-18.233333333333334
-17.6
-17.4
-17.5
-17.2
-17.166666666666668
-17.266666666666666
-17.133333333333333
-17.133333333333333
-17.066666666666666
-17.033333333333335
-16.966666666666665
-17.1
-17.066666666666666
-16.9
-16.166666666666668
-15.0
-13.733333333333333
-11.133333333333333
-9.933333333333334
-9.1
-8.466666666666667
-8.4
-8.433333333333334
-8.4
-8.533333333333333
-8.4
-7.666666666666667
-6.966666666666667
-7.066666666666666
-6.966666666666667
-6.933333333333334
-6.933333333333334
-6.866666666666666
-5.733333333333333
-5.166666666666667
-4.5
-3.7666666666666666
-3.7666666666666666
-3.1333333333333333
-2.566666666666667
-1.2666666666666666
-0.6
-0.6
