-167.26666666666668
-160.06666666666666
-155.16666666666666
-151.8
-148.96666666666667
-146.76666666666668
-145.33333333333334
-143.93333333333334
-142.66666666666666
-141.3
-140.1
-138.83333333333334
-137.8
-136.76666666666668
-135.96666666666667
-135.2
-134.4
-133.73333333333332
-133.06666666666666
-132.6
-132.4
-132.16666666666666
-132.0
-131.86666666666667
-131.66666666666666
-131.6
-131.56666666666666
-131.53333333333333
-131.46666666666667
-131.33333333333334
-131.26666666666668
-131.2
-131.2
-131.2
-131.2
-131.2
-131.2
-131.2
-131.2
-131.2
-131.2
-131.2
-131.2
-131.2
-131.2
-131.2
-131.2
-131.2
-131.2
-131.2
-131.2
-131.2
-131.2
-131.2
-131.2
-131.2
-131.2
-131.2
-131.2
-131.2
-131.2
-131.2
-131.2
-131.2
-131.2
-131.2
-131.2
-131.2
-131.2
-131.2
-131.2
-131.2
-131.2
-131.2
-131.2
-131.2
-131.2
-131.2
-131.2
-131.2
-131.2
-131.2
-131.2
-131.2
-131.2
-131.2
-131.2
-131.2
-131.2
-131.2
-131.2
-131.2
-131.2
-131.2
-131.2
-131.2
-131.2
-131.2
-131.2
-131.16666666666666
-131.13333333333333
-131.1
-131.1
-131.1
-131.1
-131.1
-131.1
-131.1
-131.1
-131.1
-131.1
-131.1
-131.1
-131.1
-131.1
-131.1
-131.1
-131.1
-131.1
-131.1
-131.1
-131.1
-131.1
-131.1
-131.1
-131.1
-131.1
-131.1
-131.1
-131.1
-131.1
-131.1
-131.1
-131.1
-131.1
-131.1
-131.1
-131.1
-131.1
-131.1
-131.1
-131.1
-131.1
-131.1
-131.1
-131.1
-131.1
-131.1
-131.1
-131.1
-131.1
-131.1
-131.1
-131.1
-131.1
-131.1
-131.1
-131.1
-131.1
-131.1
-131.1
-131.1
-131.1
-131.1
-131.1
-131.1
-131.1
-131.1
-131.1
-131.1
-131.1
-131.1
-131.1
-131.1
-131.1
-131.1
-131.1
-131.1
-131.1
-131.1
-131.1
-131.1
-131.1
-131.1
-131.1
-131.1
-131.1
-131.1
-131.1
-131.1
-131.1
-131.1
-131.1
-131.1
-131.1
-131.1
-131.1
-131.1
-131.1
