-167.26666666666668
-159.8
-154.33333333333334
-149.06666666666666
-135.03333333333333
-77.33333333333333
-31.233333333333334
-28.366666666666667
-27.266666666666666
-26.6
-26.466666666666665
-26.233333333333334
-26.166666666666668
-26.1
-25.733333333333334
-25.633333333333333
-25.366666666666667
-25.066666666666666
-24.966666666666665
-24.5
-24.033333333333335
-23.566666666666666
-23.333333333333332
-22.866666666666667
-22.633333333333333
-22.333333333333332
-22.1
-21.8
-21.633333333333333
-21.466666666666665
-21.566666666666666
-21.166666666666668
-20.933333333333334
-20.733333333333334
-20.566666666666666
-20.633333333333333
-20.633333333333333
-20.333333333333332
-20.2
-20.1
-19.833333333333332
-19.8
-19.766666666666666
-19.8
-19.566666666666666
-19.4
-19.566666666666666
-19.366666666666667
-19.3
-19.333333333333332
-19.233333333333334
-19.133333333333333
-19.2
-19.033333333333335
-19.0
-19.133333333333333
-19.033333333333335
-19.066666666666666
-18.933333333333334
-18.7
-18.7
-18.8
-18.633333333333333
-18.766666666666666
-18.566666666666666
-18.5
-18.533333333333335
-18.466666666666665
-18.433333333333334
-18.5
-18.433333333333334
-18.4
-18.433333333333334
-18.433333333333334
-18.333333333333332
-18.366666666666667
-18.366666666666667
-18.433333333333334
-18.333333333333332
-18.266666666666666
-18.366666666666667
-18.3
-18.3
-18.233333333333334
-18.266666666666666
-18.366666666666667
-18.466666666666665
-18.366666666666667
-18.2
-18.266666666666666
-18.366666666666667
-18.166666666666668
-18.1
-18.133333333333333
-18.166666666666668
-18.066666666666666
-18.033333333333335
-18.033333333333335
-18.0
-18.0
-18.0
-17.966666666666665
-17.966666666666665
-17.933333333333334
-17.933333333333334
-17.933333333333334
-17.933333333333334
-17.933333333333334
-17.933333333333334
-17.933333333333334
-18.033333333333335
-17.933333333333334
-17.9
-17.9
-17.9
-17.9
-17.9
-17.9
-17.966666666666665
-17.9
-17.9
-17.9
-17.9
-17.9
-17.9
-17.9
-17.966666666666665
-18.033333333333335
-17.9
-18.0
-17.9
-17.966666666666665
-17.9
-18.066666666666666
-17.866666666666667
-17.833333333333332
-17.866666666666667
-17.866666666666667
-17.8
-17.833333333333332
-17.8
-17.766666666666666
-17.733333333333334
-17.733333333333334
-17.733333333333334
-17.733333333333334
-17.733333333333334
-17.8
-17.733333333333334
-17.733333333333334
-17.733333333333334
-17.733333333333334
-17.766666666666666
-17.733333333333334
-17.733333333333334
-17.733333333333334
-17.733333333333334
-17.733333333333334
-17.7
-17.7
-17.7
-17.7
-17.7
-17.7
-17.7
-17.7
-17.7
-17.7
-17.766666666666666
-17.7
-17.7
-17.7
-17.766666666666666
-17.833333333333332
-17.7
-17.766666666666666
-17.8
-17.733333333333334
-17.7
-17.8
-17.633333333333333
-17.633333333333333
-17.6
-17.6
-17.633333333333333
-17.6
-17.6
-17.6
-17.6
-17.566666666666666
-17.566666666666666
-17.566666666666666
-17.566666666666666
-17.566666666666666
-17.566666666666666
-17.566666666666666
-17.566666666666666
-17.633333333333333
-17.566666666666666
