-167.26666666666668
-160.03333333333333
-160.03333333333333
-155.06666666666666
-155.06666666666666
-151.46666666666667
-151.46666666666667
-148.33333333333334
-148.33333333333334
-145.66666666666666
-145.66666666666666
-143.83333333333334
-143.8
-142.16666666666666
-142.06666666666666
-140.46666666666667
-140.26666666666668
-139.0
-138.8
-137.83333333333334
-137.6
-137.06666666666666
-136.76666666666668
-136.36666666666667
-136.16666666666666
-135.66666666666666
-135.3
-134.86666666666667
-134.63333333333333
-134.2
-134.0
-133.73333333333332
-133.5
-133.36666666666667
-133.16666666666666
-133.0
-132.86666666666667
-132.76666666666668
-132.7
-132.63333333333333
-132.63333333333333
-132.5
-132.5
-132.46666666666667
-132.46666666666667
-132.46666666666667
-132.46666666666667
-132.46666666666667
-132.46666666666667
-132.46666666666667
-132.46666666666667
-132.46666666666667
-132.43333333333334
-132.43333333333334
-132.43333333333334
-132.43333333333334
-132.4
-132.4
-132.4
-132.4
-132.4
-132.4
-132.4
-132.4
-132.4
-132.4
-132.4
-132.4
-132.4
-132.4
-132.4
-132.4
-132.4
-132.4
-132.4
-132.4
-132.4
-132.4
-132.4
-132.4
-132.4
-132.4
-132.4
-132.4
-132.4
-132.4
-132.4
-132.4
-132.4
-132.4
-132.4
-132.4
-132.4
-132.4
-132.4
-132.4
-132.4
-132.4
-132.4
-132.4
-132.4
-132.4
-132.4
-132.4
-132.4
-132.4
-132.4
-132.4
-132.4
-132.4
-132.4
-132.4
-132.4
-132.4
-132.4
-132.4
-132.4
-132.4
-132.4
-132.4
-132.4
-132.4
-132.4
-132.4
-132.4
-132.4
-132.4
-132.4
-132.4
-132.4
-132.4
-132.4
-132.4
-132.4
-132.4
-132.4
-132.4
-132.4
-132.4
-132.4
-132.4
-132.4
-132.4
-132.4
-132.4
-132.4
-132.4
-132.4
-132.4
-132.4
-132.4
-132.4
-132.4
-132.4
-132.4
-132.4
-132.4
-132.4
-132.4
-132.4
-132.4
-132.4
-132.4
-132.4
-132.4
-132.4
-132.4
-132.4
-132.4
-132.4
-132.4
-132.4
-132.4
-132.4
-132.4
-132.4
-132.4
-132.4
-132.4
-132.4
-132.4
-132.4
-132.4
-132.4
-132.4
-132.4
-132.4
-132.86206896551724
-132.86206896551724
-133.53571428571428
-133.92307692307693
-135.05
-135.27777777777777
-136.2
-140.33333333333334
