-167.26666666666668
-159.76666666666668
-159.76666666666668
-154.5
-154.5
-150.7
-150.7
-147.26666666666668
-147.26666666666668
-144.0
-144.0
-141.16666666666666
-141.16666666666666
-138.33333333333334
-138.33333333333334
-135.43333333333334
-135.43333333333334
-132.63333333333333
-132.63333333333333
-130.36666666666667
-130.36666666666667
-128.16666666666666
-128.13333333333333
-126.06666666666666
-125.86666666666666
-123.8
-123.5
-121.16666666666667
-120.83333333333333
-118.4
-118.03333333333333
-115.93333333333334
-115.5
-113.2
-112.83333333333333
-110.26666666666667
-110.0
-107.6
-107.13333333333334
-104.66666666666667
-104.46666666666667
-101.93333333333334
-101.66666666666667
-98.93333333333334
-98.63333333333334
-96.23333333333333
-95.8
-93.2
-92.73333333333333
-89.96666666666667
-89.5
-86.6
-86.2
-83.4
-83.0
-80.33333333333333
-79.83333333333333
-77.13333333333334
-76.43333333333334
-74.0
-73.4
-71.2
-70.43333333333334
-68.33333333333333
-67.46666666666667
-65.1
-64.23333333333333
-61.8
-61.1
-58.36666666666667
-57.833333333333336
-55.43333333333333
-54.9
-52.9
-52.13333333333333
-50.13333333333333
-49.36666666666667
-47.4
-46.5
-44.36666666666667
-43.3
-41.36666666666667
-40.333333333333336
-38.733333333333334
-37.96666666666667
-36.7
-36.1
-35.03333333333333
-34.43333333333333
-33.13333333333333
-32.46666666666667
-31.566666666666666
-30.833333333333332
-29.733333333333334
-29.1
-28.366666666666667
-27.9
-26.933333333333334
-26.766666666666666
-25.966666666666665
-25.6
-25.266666666666666
-25.033333333333335
-24.666666666666668
-24.5
-24.066666666666666
-23.966666666666665
-23.6
-23.333333333333332
-23.033333333333335
-22.966666666666665
-22.6
-22.633333333333333
-22.3
-22.066666666666666
-21.8
-21.766666666666666
-21.533333333333335
-21.566666666666666
-21.4
-21.333333333333332
-21.0
-20.8
-20.7
-20.666666666666668
-20.6
-20.6
-20.466666666666665
-20.466666666666665
-20.266666666666666
-20.2
-20.2
-20.1
-20.2
-19.966666666666665
-19.966666666666665
-19.866666666666667
-19.833333333333332
-19.766666666666666
-19.766666666666666
-19.733333333333334
-19.733333333333334
-19.666666666666668
-19.666666666666668
-19.533333333333335
-19.566666666666666
-19.433333333333334
-19.4
-19.4
-19.5
-19.366666666666667
-19.5
-19.333333333333332
-19.3
-19.466666666666665
-19.566666666666666
-19.3
-19.466666666666665
-19.3
-19.266666666666666
-19.2
-19.133333333333333
-19.1
-19.266666666666666
-18.366666666666667
-17.866666666666667
-17.7
-16.466666666666665
-14.566666666666666
-12.666666666666666
-10.033333333333333
-6.933333333333334
-4.5
-2.033333333333333
-0.7
-0.7
-0.7
