-167.23333333333332
-160.0
-154.9
-151.46666666666667
-148.7
-146.66666666666666
-145.33333333333334
-143.9
-142.6
-141.16666666666666
-139.76666666666668
-138.73333333333332
-137.76666666666668
-137.13333333333333
-136.36666666666667
-135.93333333333334
-135.53333333333333
-135.13333333333333
-134.6
-134.26666666666668
-134.1
-133.96666666666667
-133.73333333333332
-133.5
-133.3
-133.13333333333333
-133.03333333333333
-132.9
-132.83333333333334
-132.73333333333332
-132.66666666666666
-132.63333333333333
-132.63333333333333
-132.6
-132.6
-132.6
-132.56666666666666
-132.56666666666666
-132.53333333333333
-132.5
-132.43333333333334
-132.4
-132.36666666666667
-132.33333333333334
-132.33333333333334
-132.3
-132.23333333333332
-132.2
-132.2
-132.2
-132.2
-132.2
-132.2
-132.2
-132.2
-132.2
-132.2
-132.2
-132.2
-132.2
-132.2
-132.2
-132.2
-132.2
-132.2
-132.2
-132.2
-132.2
-132.2
-132.2
-132.2
-132.2
-132.2
-132.2
-132.2
-132.2
-132.2
-132.2
-132.2
-132.2
-132.2
-132.2
-132.2
-132.2
-132.2
-132.2
-132.2
-132.2
-132.2
-132.2
-132.2
-132.2
-132.2
-132.2
-132.2
-132.2
-132.2
-132.2
-132.2
-132.2
-132.2
-132.2
-132.2
-132.2
-132.2
-132.2
-132.2
-132.2
-132.2
-132.2
-132.2
-132.2
-132.2
-132.2
-132.2
-132.2
-132.2
-132.2
-132.2
-132.2
-132.2
-132.2
-132.2
-132.2
-132.2
-132.2
-132.2
-132.2
-132.2
-132.2
-132.2
-132.2
-132.2
-132.2
-132.2
-132.2
-132.2
-132.2
-132.2
-132.2
-132.2
-132.2
-132.2
-132.2
-132.2
-132.2
-132.2
-132.2
-132.2
-132.2
-132.2
-132.2
-132.2
-132.2
-132.2
-132.2
-132.2
-132.2
-132.2
-132.2
-132.2
-132.2
-132.2
-132.2
-132.2
-132.2
-132.2
-132.2
-132.2
-132.2
-132.2
-132.2
-132.2
-132.2
-132.2
-132.2
-132.2
-132.2
-132.2
-132.2
-132.2
-132.2
-132.2
-132.2
-132.2
-132.2
-132.2
-132.2
-132.2
-132.2
-132.2
-132.2
-132.2
-132.2
-132.2
-132.2
-132.2
-132.2
-132.2
