-167.2
-159.7
-154.06666666666666
-148.86666666666667
-135.2
-77.43333333333334
-31.2
-28.233333333333334
-27.133333333333333
-26.666666666666668
-26.4
-26.166666666666668
-26.1
-25.933333333333334
-25.8
-25.533333333333335
-25.2
-24.866666666666667
-24.333333333333332
-24.066666666666666
-23.733333333333334
-23.233333333333334
-22.9
-22.6
-22.233333333333334
-21.9
-21.866666666666667
-21.766666666666666
-21.333333333333332
-21.266666666666666
-20.933333333333334
-20.733333333333334
-20.666666666666668
-20.733333333333334
-20.4
-20.466666666666665
-20.433333333333334
-20.066666666666666
-19.866666666666667
-19.833333333333332
-19.8
-19.7
-19.7
-19.5
-19.6
-19.466666666666665
-19.466666666666665
-19.366666666666667
-19.066666666666666
-19.166666666666668
-19.066666666666666
-19.1
-19.0
-19.0
-18.8
-18.766666666666666
-18.7
-18.8
-18.7
-18.6
-18.566666666666666
-18.733333333333334
-18.766666666666666
-18.4
-18.633333333333333
-18.4
-18.366666666666667
-18.366666666666667
-18.566666666666666
-18.266666666666666
-18.133333333333333
-18.233333333333334
-18.133333333333333
-18.233333333333334
-18.1
-18.166666666666668
-18.166666666666668
-17.966666666666665
-17.966666666666665
-18.2
-18.0
-17.933333333333334
-18.0
-18.066666666666666
-17.933333333333334
-17.9
-18.066666666666666
-17.866666666666667
-18.033333333333335
-17.866666666666667
-17.966666666666665
-17.9
-17.8
-17.766666666666666
-17.733333333333334
-17.733333333333334
-17.7
-17.666666666666668
-17.666666666666668
-17.833333333333332
-17.6
-17.6
-17.666666666666668
-17.633333333333333
-17.566666666666666
-17.633333333333333
-17.666666666666668
-17.533333333333335
-17.533333333333335
-17.5
-17.5
-17.5
-17.466666666666665
-17.466666666666665
-17.466666666666665
-17.5
-17.466666666666665
-17.466666666666665
-17.466666666666665
-17.5
-17.5
-17.533333333333335
-17.5
-17.433333333333334
-17.433333333333334
-17.433333333333334
-17.433333333333334
-17.433333333333334
-17.433333333333334
-17.433333333333334
-17.466666666666665
-17.433333333333334
-17.433333333333334
-17.5
-17.5
-17.466666666666665
-17.4
-17.433333333333334
-17.566666666666666
-17.4
-17.4
-17.366666666666667
-17.366666666666667
-17.433333333333334
-17.333333333333332
-17.333333333333332
-17.333333333333332
-17.333333333333332
-17.333333333333332
-17.333333333333332
-17.333333333333332
-17.4
-17.333333333333332
-17.333333333333332
-17.333333333333332
-17.366666666666667
-17.5
-17.4
-17.333333333333332
-17.5
-17.3
-17.4
-17.266666666666666
-17.3
-17.266666666666666
-17.3
-17.2
-17.266666666666666
-17.266666666666666
-17.2
-17.2
-17.266666666666666
-17.2
-17.2
-17.233333333333334
-17.166666666666668
-17.166666666666668
-17.166666666666668
-17.166666666666668
-17.2
-17.133333333333333
-17.166666666666668
-17.166666666666668
-17.1
-17.1
-17.1
-17.1
-17.1
-17.1
-17.1
-17.1
-17.1
-17.1
-17.1
-17.1
-17.1
-17.1
-17.1
-17.1
