-167.2
-159.9
-159.46666666666667
-153.26666666666668
-150.13333333333333
-146.26666666666668
-143.3
-143.16666666666666
-141.16666666666666
-140.96666666666667
-139.3
-138.76666666666668
-136.76666666666668
-135.93333333333334
-134.93333333333334
-134.53333333333333
-134.13333333333333
-133.2
-133.03333333333333
-132.1
-131.83333333333334
-131.36666666666667
-131.16666666666666
-130.93333333333334
-130.8
-130.46666666666667
-130.33333333333334
-129.9
-129.93333333333334
-129.5
-129.5
-129.33333333333334
-129.4
-129.13333333333333
-129.23333333333332
-129.03333333333333
-129.03333333333333
-129.0
-128.96666666666667
-129.0
-128.96666666666667
-129.0
-128.93333333333334
-128.96666666666667
-128.93333333333334
-128.9
-128.9
-128.9
-128.86666666666667
-128.9
-128.86666666666667
-128.9
-128.86666666666667
-128.86666666666667
-128.86666666666667
-128.86666666666667
-128.86666666666667
-128.86666666666667
-128.86666666666667
-128.86666666666667
-128.86666666666667
-128.86666666666667
-128.86666666666667
-128.86666666666667
-128.86666666666667
-128.86666666666667
-128.86666666666667
-128.86666666666667
-128.86666666666667
-128.86666666666667
-128.86666666666667
-128.86666666666667
-128.86666666666667
-128.86666666666667
-128.86666666666667
-128.86666666666667
-128.86666666666667
-128.86666666666667
-128.86666666666667
-128.86666666666667
-128.86666666666667
-128.86666666666667
-128.86666666666667
-128.86666666666667
-128.86666666666667
-128.86666666666667
-128.86666666666667
-128.86666666666667
-128.86666666666667
-128.86666666666667
-128.86666666666667
-128.86666666666667
-128.86666666666667
-128.86666666666667
-128.86666666666667
-128.86666666666667
-128.86666666666667
-128.86666666666667
-128.86666666666667
-128.86666666666667
-128.86666666666667
-128.86666666666667
-128.86666666666667
-128.86666666666667
-128.86666666666667
-128.86666666666667
-129.13793103448276
-129.13793103448276
-129.13793103448276
-129.13793103448276
-129.13793103448276
-129.13793103448276
-129.13793103448276
-129.13793103448276
-129.13793103448276
-129.13793103448276
-129.13793103448276
-129.13793103448276
-129.13793103448276
-129.13793103448276
-129.13793103448276
-129.13793103448276
-129.13793103448276
-129.13793103448276
-129.13793103448276
-129.13793103448276
-129.13793103448276
-129.21428571428572
-129.7037037037037
-129.7037037037037
-129.7037037037037
-129.84
-129.84
-129.84
-129.84
-129.84
-129.84
-129.84
-129.84
-129.84
-129.84
-129.84
-130.16666666666666
-130.16666666666666
-130.30434782608697
-130.54545454545453
-130.54545454545453
-130.54545454545453
-130.85714285714286
-130.85714285714286
-130.85714285714286
-130.85714285714286
-130.85714285714286
-130.85714285714286
-130.85714285714286
-130.85714285714286
-130.85714285714286
-130.85714285714286
-130.7
-130.7
-130.7
-130.7
-130.7
-130.7
-130.7
-130.7
-130.89473684210526
-131.33333333333334
-132.35714285714286
-133.2
-134.25
-134.4
-135.66666666666666
-135.66666666666666
-135.66666666666666
-135.66666666666666
-135.66666666666666
-135.66666666666666
-135.66666666666666
-135.66666666666666
-135.66666666666666
-132.0
-132.0
-132.0
-132.0
-132.0
-132.0
-132.0
-138.0
-138.0
-138.0
-138.0
