-167.23333333333332
-159.66666666666666
-159.2
-151.8
-135.0
-87.96666666666667
-82.56666666666666
-69.86666666666666
-69.56666666666666
-68.36666666666666
-67.3
-63.46666666666667
-63.333333333333336
-62.233333333333334
-62.06666666666667
-60.9
-59.266666666666666
-56.53333333333333
-56.233333333333334
-55.3
-55.1
-54.266666666666666
-54.06666666666667
-53.36666666666667
-53.266666666666666
-52.4
-52.166666666666664
-51.46666666666667
-51.266666666666666
-50.46666666666667
-50.3
-49.5
-49.36666666666667
-48.56666666666667
-48.56666666666667
-47.7
-47.733333333333334
-46.833333333333336
-46.8
-45.63333333333333
-45.56666666666667
-44.53333333333333
-44.56666666666667
-43.5
-43.4
-42.233333333333334
-42.06666666666667
-41.13333333333333
-41.1
-40.13333333333333
-40.13333333333333
-39.333333333333336
-39.36666666666667
-38.4
-38.233333333333334
-37.53333333333333
-37.5
-36.5
-36.5
-35.7
-35.46666666666667
-34.766666666666666
-34.8
-34.166666666666664
-34.13333333333333
-33.5
-33.46666666666667
-32.9
-32.53333333333333
-32.03333333333333
-32.03333333333333
-31.366666666666667
-31.166666666666668
-30.7
-30.5
-30.166666666666668
-29.966666666666665
-29.533333333333335
-29.266666666666666
-28.866666666666667
-28.566666666666666
-28.2
-28.033333333333335
-27.5
-27.2
-26.933333333333334
-26.366666666666667
-26.033333333333335
-25.733333333333334
-25.266666666666666
-24.966666666666665
-24.566666666666666
-24.366666666666667
-23.966666666666665
-23.666666666666668
-23.2
-23.033333333333335
-22.533333333333335
-22.466666666666665
-22.1
-21.833333333333332
-21.166666666666668
-21.233333333333334
-20.633333333333333
-20.533333333333335
-20.166666666666668
-20.0
-20.0
-19.833333333333332
-19.666666666666668
-19.6
-19.433333333333334
-19.266666666666666
-19.133333333333333
-19.166666666666668
-19.1
-19.166666666666668
-19.033333333333335
-18.866666666666667
-18.9
-18.8
-18.733333333333334
-18.766666666666666
-18.6
-18.5
-18.533333333333335
-18.433333333333334
-18.433333333333334
-18.4
-18.533333333333335
-18.366666666666667
-18.333333333333332
-18.366666666666667
-18.333333333333332
-18.3
-18.266666666666666
-18.3
-18.4
-18.2
-18.233333333333334
-18.266666666666666
-18.166666666666668
-18.133333333333333
-18.333333333333332
-18.133333333333333
-18.1
-18.066666666666666
-18.133333333333333
-18.1
-18.133333333333333
-18.066666666666666
-18.066666666666666
-17.966666666666665
-17.966666666666665
-18.033333333333335
-17.833333333333332
-17.766666666666666
-17.766666666666666
-17.7
-17.7
-17.7
-17.666666666666668
-17.2
-16.666666666666668
-15.5
-14.933333333333334
-10.9
-7.266666666666667
-4.833333333333333
-3.033333333333333
-0.6
-0.6
