-0.9333333333333333
-0.9666666666666667
-0.9666666666666667
-0.9666666666666667
-0.9666666666666667
-0.9666666666666667
-0.9666666666666667
-0.9666666666666667
-0.9666666666666667
-0.9666666666666667
-0.9666666666666667
-0.9666666666666667
-0.9666666666666667
-0.9333333333333333
-0.9666666666666667
-0.9666666666666667
-0.9666666666666667
-1.0
-0.9666666666666667
-0.9666666666666667
-0.9666666666666667
-1.0
-0.9666666666666667
-0.9666666666666667
-0.9666666666666667
-0.9666666666666667
-0.9666666666666667
-1.0
-1.0333333333333334
-1.0
-1.0333333333333334
-1.0666666666666667
-1.0666666666666667
-1.0333333333333334
-1.0
-1.0
-1.0666666666666667
-1.1
-1.1333333333333333
-1.0666666666666667
-1.1333333333333333
-1.1333333333333333
-1.1
-1.0666666666666667
-1.0666666666666667
-1.1
-1.0666666666666667
-1.1333333333333333
-1.1333333333333333
-1.1333333333333333
-1.1
-1.1666666666666667
-1.2
-1.1666666666666667
-1.1333333333333333
-1.2
-1.2
-1.1333333333333333
-1.3
-1.2666666666666666
-1.2
-1.2
-1.3
-1.2666666666666666
-1.1333333333333333
-1.1666666666666667
-1.2666666666666666
-1.2666666666666666
-1.2666666666666666
-1.1666666666666667
-1.2333333333333334
-1.2333333333333334
-1.1666666666666667
-1.2333333333333334
-1.2333333333333334
-1.2333333333333334
-1.2
-1.2666666666666666
-1.2
-1.1
-1.2333333333333334
-1.3
-1.2666666666666666
-1.2
-1.3
-1.3
-1.3
-1.2666666666666666
-1.2333333333333334
-1.3
-1.2666666666666666
-1.2333333333333334
-1.3333333333333333
-1.4
-1.3333333333333333
-1.3
-1.3666666666666667
-1.4
-1.3666666666666667
-1.2666666666666666
-1.4333333333333333
-1.4333333333333333
-1.4666666666666666
-1.4333333333333333
-1.3333333333333333
-1.5
-1.7
-1.6333333333333333
-1.4333333333333333
-1.6666666666666667
-1.6666666666666667
-1.5666666666666667
-1.4666666666666666
-1.5333333333333334
-1.5666666666666667
-1.4333333333333333
-1.6666666666666667
-1.6333333333333333
-1.5333333333333334
-1.7666666666666666
-1.7333333333333334
-1.5
-1.7
-1.7333333333333334
-1.7333333333333334
-1.5666666666666667
-1.8
-1.7666666666666666
-1.5333333333333334
-1.8
-2.033333333333333
