-0.9333333333333333
-0.9333333333333333
-0.9333333333333333
-0.9333333333333333
-0.9333333333333333
-0.9333333333333333
-0.9666666666666667
-0.9666666666666667
-0.9666666666666667
-0.9666666666666667
-0.9666666666666667
-0.9666666666666667
-0.9666666666666667
-0.9666666666666667
-0.9666666666666667
-0.9666666666666667
-0.9666666666666667
-1.0
-1.0
-0.9666666666666667
-1.0
-0.9666666666666667
-0.9666666666666667
-0.9666666666666667
-0.9666666666666667
-0.9666666666666667
-1.0
-1.0
-0.9666666666666667
-1.0
-1.0
-0.9666666666666667
-0.9666666666666667
-1.0
-0.9666666666666667
-0.9666666666666667
-0.9666666666666667
-0.9666666666666667
-0.9333333333333333
-0.9666666666666667
-0.9666666666666667
-0.9666666666666667
-0.9666666666666667
-0.9666666666666667
-0.9666666666666667
-1.0
-1.0
-0.9666666666666667
-0.9666666666666667
-0.9666666666666667
-0.9666666666666667
-0.9666666666666667
-0.9666666666666667
-1.0
-1.0
-1.0
-0.9666666666666667
-1.0333333333333334
-1.0666666666666667
-1.0666666666666667
-1.0333333333333334
-1.0666666666666667
-1.0333333333333334
-1.0
-1.0333333333333334
-1.0333333333333334
-1.0
-1.0333333333333334
-1.0333333333333334
-1.0333333333333334
-1.0
-1.0333333333333334
-1.0
-1.0
-1.0
-1.0
-1.0
-1.0
-1.0
-1.0
-1.0
-0.9666666666666667
-0.9666666666666667
-0.9666666666666667
-1.0
-0.9666666666666667
-0.9666666666666667
-0.9333333333333333
-0.9333333333333333
-0.9333333333333333
-0.9666666666666667
-0.9666666666666667
-0.9666666666666667
-0.9333333333333333
-0.9666666666666667
-0.9666666666666667
-1.0
-0.9666666666666667
-0.9666666666666667
-0.9666666666666667
-0.9666666666666667
-0.9666666666666667
-1.0
-0.9666666666666667
-0.9666666666666667
-0.9666666666666667
-0.9666666666666667
-1.0
-1.0
-0.9666666666666667
-0.9666666666666667
-0.9666666666666667
-0.9666666666666667
-1.0
-1.0
-0.9666666666666667
-0.9666666666666667
-1.0
-1.0333333333333334
-1.0333333333333334
-1.0
-1.0
-1.0
-1.0
-1.0
-0.9666666666666667
-1.0
-1.0333333333333334
-1.0333333333333334
-1.0333333333333334
-1.0
-1.0
-1.0
-1.0333333333333334
-1.0333333333333334
-1.1
-1.1
-1.1666666666666667
-1.1333333333333333
-1.1666666666666667
-1.2
-1.2
-1.1
-1.2
-1.2333333333333334
-1.1666666666666667
-1.2333333333333334
-1.2333333333333334
-1.2666666666666666
-1.1666666666666667
-1.2
-1.2
-1.1333333333333333
-1.2
-1.1666666666666667
-1.1333333333333333
-1.1666666666666667
