-5.566666666666666
-5.466666666666667
-5.366666666666666
-5.3
-5.233333333333333
-5.166666666666667
-5.133333333333334
-5.033333333333333
-5.0
-4.933333333333334
-4.866666666666666
-4.833333333333333
-4.766666666666667
-4.733333333333333
-4.666666666666667
-4.633333333333334
-4.6
-4.533333333333333
-4.466666666666667
-4.366666666666666
-4.266666666666667
-4.2
-4.1
-4.033333333333333
-3.966666666666667
-3.9
-3.8333333333333335
-3.7666666666666666
-3.6333333333333333
-3.533333333333333
-3.4
-3.2666666666666666
-3.1666666666666665
-3.0
-2.9
-2.7666666666666666
-2.6333333333333333
-2.533333333333333
-2.5
-2.4
-2.3
-2.2666666666666666
-2.1333333333333333
-2.0
-1.7666666666666666
-1.6
-1.4
-1.1333333333333333
-0.9333333333333333
-0.8666666666666667
-0.9
-0.8333333333333334
-0.9333333333333333
-0.8666666666666667
-0.7666666666666667
-0.7666666666666667
-0.7333333333333333
-0.7666666666666667
-0.8
-0.7
-0.7666666666666667
-0.8333333333333334
-0.7333333333333333
-0.7
-0.7666666666666667
-0.8
-0.6333333333333333
-0.6333333333333333
-0.6333333333333333
-0.6333333333333333
-0.6333333333333333
-0.6333333333333333
-0.6333333333333333
-0.6333333333333333
-0.6333333333333333
-0.6333333333333333
-0.6333333333333333
-0.6333333333333333
-0.6333333333333333
-0.6333333333333333
-0.6333333333333333
-0.6333333333333333
-0.6333333333333333
-0.7
-0.6333333333333333
-0.6333333333333333
-0.7
-0.6333333333333333
-0.6333333333333333
-0.6333333333333333
-0.6333333333333333
-0.6333333333333333
-0.7
-0.6333333333333333
-0.6666666666666666
-0.6333333333333333
-0.6333333333333333
-0.6333333333333333
-0.7333333333333333
-0.6666666666666666
-0.6
-0.6
-0.6
-0.6
-0.6
-0.6
-0.6
-0.6
-0.6
-0.6
-0.6
-0.6
-0.6
-0.6
-0.6
-0.6
-0.6
-0.6
-0.6
-0.6
-0.6
-0.6
-0.6
-0.6
-0.6
-0.6
-0.6
-0.6
-0.6
-0.6
-0.6
-0.6
-0.6
-0.6
-0.6
-0.6
-0.6
-0.6
-0.6
-0.6
-0.6
-0.6
-0.6
-0.6
-0.6
-0.6
-0.6
-0.6
-0.6
-0.6
-0.6
-0.6
-0.6
-0.6
-0.6
-0.6
-0.6
-0.6
-0.6
-0.6
-0.6
-0.6
-0.6
-0.6
-0.6
-0.6
-0.6
-0.6
-0.6
-0.6
-0.6
-0.6
-0.6
-0.6
-0.6
-0.6
-0.6
-0.6
-0.6
-0.6
-0.6
-0.6
-0.6
-0.6
-0.6
-0.6
-0.6
-0.6
-0.6
-0.6
-0.6
-0.6
-0.6
-0.6
-0.6
-0.6
-0.6
-0.6
-0.6
