-5.566666666666666
-5.466666666666667
-5.4
-5.333333333333333
-5.3
-5.233333333333333
-5.166666666666667
-5.1
-5.0
-4.933333333333334
-4.833333333333333
-4.733333333333333
-4.633333333333334
-4.533333333333333
-4.466666666666667
-4.433333333333334
-4.4
-4.333333333333333
-4.233333333333333
-4.133333333333334
-4.0
-3.8666666666666667
-3.6666666666666665
-3.6333333333333333
-3.6
-3.533333333333333
-3.533333333333333
-3.4
-3.3
-3.2
-3.1
-3.0
-2.8666666666666667
-2.7333333333333334
-2.533333333333333
-2.3333333333333335
-2.033333333333333
-1.9
-1.6333333333333333
-1.4333333333333333
-1.2
-1.0666666666666667
-0.9333333333333333
-0.9
-0.8666666666666667
-0.8333333333333334
-0.8333333333333334
-0.8333333333333334
-0.8666666666666667
-0.8333333333333334
-0.9
-0.8
-0.8666666666666667
-0.8333333333333334
-0.8333333333333334
-0.7666666666666667
-0.7666666666666667
-0.7666666666666667
-0.7666666666666667
-0.7666666666666667
-0.7666666666666667
-0.8
-0.8
-0.8
-0.7333333333333333
-0.7333333333333333
-0.7333333333333333
-0.7
-0.7
-0.7
-0.7
-0.7
-0.7
-0.7
-0.7
-0.7
-0.7
-0.7
-0.7
-0.7
-0.7
-0.7
-0.7
-0.7
-0.7
-0.7
-0.7
-0.7
-0.7
-0.7
-0.7
-0.7
-0.7
-0.7
-0.7
-0.7
-0.7
-0.7
-0.7
-0.7
-0.7
-0.7
-0.7
-0.8
-0.7666666666666667
-0.7666666666666667
-0.7
-0.7
-0.7333333333333333
-0.7
-0.7333333333333333
-0.6666666666666666
-0.7333333333333333
-0.7333333333333333
-0.6666666666666666
-0.7333333333333333
-0.6666666666666666
-0.7
-0.8
-0.7333333333333333
-0.6333333333333333
-0.6333333333333333
-0.6333333333333333
-0.6333333333333333
-0.6333333333333333
-0.6333333333333333
-0.6333333333333333
-0.6333333333333333
-0.6333333333333333
-0.6333333333333333
-0.6333333333333333
-0.6333333333333333
-0.6333333333333333
-0.6333333333333333
-0.6333333333333333
-0.6333333333333333
-0.6333333333333333
-0.6333333333333333
-0.6333333333333333
-0.6333333333333333
-0.6333333333333333
-0.6333333333333333
-0.6333333333333333
-0.6333333333333333
-0.6333333333333333
-0.6333333333333333
-0.6333333333333333
-0.6333333333333333
-0.6333333333333333
-0.6333333333333333
-0.6333333333333333
-0.6333333333333333
-0.6333333333333333
-0.6333333333333333
-0.6333333333333333
-0.6333333333333333
-0.6333333333333333
-0.6333333333333333
-0.6333333333333333
-0.7
-0.7
-0.6333333333333333
-0.6333333333333333
-0.6333333333333333
-0.7333333333333333
-0.7666666666666667
-0.6666666666666666
-0.7333333333333333
-0.6
-0.6
-0.6
-0.6
-0.6
-0.7
-0.6
-0.6666666666666666
-0.6
-0.6333333333333333
-0.6
-0.7
-0.7333333333333333
-0.6
-0.6333333333333333
-0.5666666666666667
-0.5666666666666667
-0.5666666666666667
-0.5666666666666667
-0.5666666666666667
-0.5666666666666667
-0.5666666666666667
-0.5666666666666667
-0.5666666666666667
-0.5666666666666667
-0.5666666666666667
-0.5666666666666667
-0.5666666666666667
-0.5666666666666667
-0.5666666666666667
-0.5666666666666667
