-5.6
-5.5
-5.433333333333334
-5.366666666666666
-5.3
-5.233333333333333
-5.166666666666667
-5.1
-5.066666666666666
-5.0
-4.933333333333334
-4.9
-4.833333333333333
-4.733333333333333
-4.666666666666667
-4.633333333333334
-4.566666666666666
-4.5
-4.4
-4.333333333333333
-4.266666666666667
-4.166666666666667
-4.1
-4.0
-3.9
-3.7666666666666666
-3.7333333333333334
-3.6333333333333333
-3.566666666666667
-3.5
-3.3333333333333335
-3.2
-3.033333333333333
-2.8
-2.4
-2.2333333333333334
-1.9
-1.5333333333333334
-1.3333333333333333
-1.2333333333333334
-1.0666666666666667
-1.0
-1.0
-0.8333333333333334
-0.8333333333333334
-0.8
-0.8
-0.8666666666666667
-0.8
-0.7666666666666667
-0.7666666666666667
-0.7333333333333333
-0.7
-0.7333333333333333
-0.7
-0.7
-0.7
-0.8
-0.6666666666666666
-0.7666666666666667
-0.6666666666666666
-0.7
-0.7
-0.6333333333333333
-0.6333333333333333
-0.6333333333333333
-0.6333333333333333
-0.6333333333333333
-0.6333333333333333
-0.6333333333333333
-0.6333333333333333
-0.6333333333333333
-0.6333333333333333
-0.6333333333333333
-0.6333333333333333
-0.6333333333333333
-0.6333333333333333
-0.6333333333333333
-0.6333333333333333
-0.6333333333333333
-0.6333333333333333
-0.6333333333333333
-0.6333333333333333
-0.6333333333333333
-0.6333333333333333
-0.6333333333333333
-0.6333333333333333
-0.6333333333333333
-0.6333333333333333
-0.6333333333333333
-0.6333333333333333
-0.6333333333333333
-0.6333333333333333
-0.6333333333333333
-0.6333333333333333
-0.6333333333333333
-0.6333333333333333
-0.6333333333333333
-0.6333333333333333
-0.6333333333333333
-0.6333333333333333
-0.6333333333333333
-0.6333333333333333
-0.6333333333333333
-0.6333333333333333
-0.6333333333333333
-0.6333333333333333
-0.6333333333333333
-0.6333333333333333
-0.6333333333333333
-0.6333333333333333
-0.6333333333333333
-0.6333333333333333
-0.6333333333333333
-0.6333333333333333
-0.6333333333333333
-0.6333333333333333
-0.6333333333333333
-0.6333333333333333
-0.6333333333333333
-0.6333333333333333
-0.6333333333333333
-0.6333333333333333
-0.6333333333333333
-0.6333333333333333
-0.6333333333333333
-0.6333333333333333
-0.6333333333333333
-0.6333333333333333
-0.6333333333333333
-0.6333333333333333
-0.6333333333333333
-0.6333333333333333
-0.6333333333333333
-0.6333333333333333
-0.6333333333333333
-0.6333333333333333
-0.6333333333333333
-0.6333333333333333
-0.6333333333333333
-0.6333333333333333
-0.6333333333333333
-0.6333333333333333
-0.6333333333333333
-0.6333333333333333
-0.6333333333333333
-0.6333333333333333
-0.6333333333333333
-0.6333333333333333
-0.6333333333333333
-0.6333333333333333
-0.6333333333333333
-0.6333333333333333
-0.6333333333333333
-0.6333333333333333
-0.6333333333333333
-0.6333333333333333
-0.6333333333333333
-0.6333333333333333
-0.6333333333333333
-0.6333333333333333
-0.6333333333333333
-0.6333333333333333
-0.6333333333333333
-0.6333333333333333
-0.6333333333333333
-0.6333333333333333
-0.6333333333333333
-0.6333333333333333
-0.6333333333333333
-0.6333333333333333
-0.6333333333333333
-0.6333333333333333
-0.6333333333333333
-0.6333333333333333
-0.6333333333333333
-0.6333333333333333
-0.6333333333333333
-0.6333333333333333
-0.6333333333333333
-0.6333333333333333
-0.6333333333333333
-0.6333333333333333
-0.6333333333333333
-0.6333333333333333
-0.6333333333333333
-0.6333333333333333
-0.6333333333333333
-0.6333333333333333
-0.6333333333333333
-0.6333333333333333
-0.6333333333333333
-0.6333333333333333
-0.6333333333333333
-0.6333333333333333
-0.6333333333333333
-0.6333333333333333
-0.6333333333333333
-0.6333333333333333
