-5.566666666666666
-5.466666666666667
-5.466666666666667
-5.366666666666666
-5.366666666666666
-5.3
-5.3
-5.233333333333333
-5.233333333333333
-5.133333333333334
-5.133333333333334
-5.1
-5.1
-5.033333333333333
-5.033333333333333
-4.966666666666667
-4.933333333333334
-4.833333333333333
-4.7
-4.6
-4.333333333333333
-4.333333333333333
-4.2
-4.2
-4.033333333333333
-4.0
-3.9
-3.8
-3.7666666666666666
-3.4
-3.4
-3.2333333333333334
-3.2333333333333334
-3.2333333333333334
-3.2
-3.2
-3.1666666666666665
-3.1666666666666665
-3.066666666666667
-3.066666666666667
-3.0
-3.0
-2.9
-2.9
-2.8
-2.8
-2.7
-2.7
-2.5
-2.5
-2.2333333333333334
-2.2333333333333334
-1.9666666666666666
-1.9666666666666666
-1.8666666666666667
-1.8666666666666667
-1.7
-1.7
-1.5666666666666667
-1.5666666666666667
-1.3666666666666667
-1.3666666666666667
-1.2666666666666666
-1.2666666666666666
-1.0666666666666667
-1.0666666666666667
-1.0333333333333334
-1.0333333333333334
-0.8666666666666667
-0.8666666666666667
-0.9666666666666667
-0.9666666666666667
-0.8
-0.8
-0.8333333333333334
-0.8333333333333334
-0.8333333333333334
-0.8
-0.8
-0.8
-0.7333333333333333
-0.7333333333333333
-0.7666666666666667
-0.8333333333333334
-0.7
-0.7
-0.7666666666666667
-0.7333333333333333
-0.7333333333333333
-0.6666666666666666
-0.6666666666666666
-0.7333333333333333
