-5.566666666666666
-5.466666666666667
-5.466666666666667
-5.366666666666666
-5.366666666666666
-5.333333333333333
-5.333333333333333
-5.233333333333333
-5.233333333333333
-5.2
-5.2
-5.1
-5.1
-5.033333333333333
-5.033333333333333
-4.966666666666667
-4.966666666666667
-4.9
-4.9
-4.833333333333333
-4.833333333333333
-4.766666666666667
-4.766666666666667
-4.7
-4.7
-4.633333333333334
-4.633333333333334
-4.6
-4.6
-4.533333333333333
-4.533333333333333
-4.5
-4.5
-4.433333333333334
-4.433333333333334
-4.366666666666666
-4.366666666666666
-4.266666666666667
-4.266666666666667
-4.166666666666667
-4.166666666666667
-3.966666666666667
-3.966666666666667
-3.9
-3.9
-3.8666666666666667
-3.8666666666666667
-3.8
-3.8
-3.7333333333333334
-3.7333333333333334
-3.6
-3.6
-3.5
-3.5
-3.3666666666666667
-3.3666666666666667
-3.1666666666666665
-3.1666666666666665
-3.033333333333333
-3.033333333333333
-2.9
-2.9
-2.6333333333333333
-2.6333333333333333
-2.466666666666667
-2.466666666666667
-2.433333333333333
-2.433333333333333
-2.3666666666666667
-2.3666666666666667
-2.2666666666666666
-2.2666666666666666
-2.1666666666666665
-2.1666666666666665
-1.9666666666666666
-1.9666666666666666
-1.8
-1.8
-1.6
-1.6
-1.3
-1.3
-1.3
-1.1333333333333333
-1.1333333333333333
-1.0666666666666667
-1.0666666666666667
-0.9666666666666667
-0.9666666666666667
-0.9666666666666667
-0.9333333333333333
-0.9333333333333333
-0.8666666666666667
-0.8666666666666667
-0.8333333333333334
-0.8333333333333334
-0.8666666666666667
-0.9
-0.8333333333333334
-0.8333333333333334
-0.7666666666666667
-0.7666666666666667
-0.8
-0.7333333333333333
-0.7333333333333333
-0.7333333333333333
-0.7333333333333333
-0.7666666666666667
-0.7666666666666667
-0.7666666666666667
-0.7666666666666667
-0.7
-0.7
-0.7
-0.7
-0.7
-0.7
-0.7
-0.7
-0.7
-0.7666666666666667
-0.7666666666666667
-0.7
-0.7
-0.8
-0.7
-0.7
-0.7
-0.7333333333333333
-0.7333333333333333
-0.7
-0.7
-0.7666666666666667
-0.7
-0.7
-0.6666666666666666
-0.6666666666666666
-0.7
-0.7
-0.7
-0.6333333333333333
-0.6333333333333333
-0.7333333333333333
-0.8333333333333334
-0.6666666666666666
-0.6666666666666666
-0.6666666666666666
-0.6
-0.6
-0.6
-0.6
-0.6
-0.6
-0.6
-0.6
-0.6
-0.6
-0.6
-0.6
-0.6
-0.6
-0.6
-0.6
-0.6
-0.6
-0.6
-0.6
-0.6
