-5.6
-5.5
-5.5
-5.4
-5.4
-5.333333333333333
-5.333333333333333
-5.266666666666667
-5.266666666666667
-5.233333333333333
-5.233333333333333
-5.2
-5.2
-5.166666666666667
-5.133333333333334
-4.9
-3.6333333333333333
-0.9666666666666667
-0.8666666666666667
-0.8666666666666667
-0.8666666666666667
-0.8
-0.8
-0.8
-0.8
-0.8333333333333334
-0.7666666666666667
-0.7666666666666667
-0.7666666666666667
-0.7666666666666667
-0.7333333333333333
-0.7333333333333333
-0.7333333333333333
-0.8666666666666667
-0.8
-0.8
-0.7666666666666667
-0.7666666666666667
-0.7
-0.7
-0.7
-0.7333333333333333
-0.7
-0.7
-0.7666666666666667
-0.6666666666666666
-0.6666666666666666
-0.6666666666666666
-0.7
-0.6666666666666666
-0.6666666666666666
-0.7
-0.7666666666666667
-0.7333333333333333
-0.7333333333333333
-0.7333333333333333
-0.6333333333333333
-0.6333333333333333
-0.7
-0.6666666666666666
-0.6666666666666666
-0.6
-0.6
-0.6
-0.6
-0.6
-0.6
-0.6
-0.6
-0.6
-0.6
-0.6
-0.6
-0.6
-0.6
-0.6
-0.6
-0.6
-0.6
-0.6
-0.6
-0.6
-0.6
-0.6
-0.6
-0.6
-0.6
-0.6
-0.6
-0.6
-0.6
-0.6
-0.6
-0.6
-0.6
-0.6666666666666666
-0.6
-0.6
-0.6
-0.6
-0.6
-0.6
-0.6
-0.6
-0.6
-0.6
-0.8
-0.6
-0.6
-0.6
-0.7
-0.6
-0.6
-0.7333333333333333
-0.6333333333333333
-0.6333333333333333
-0.5666666666666667
-0.5666666666666667
-0.5666666666666667
-0.5666666666666667
-0.5666666666666667
-0.5666666666666667
-0.5666666666666667
-0.5666666666666667
-0.5666666666666667
-0.5666666666666667
-0.5666666666666667
-0.5666666666666667
-0.5666666666666667
-0.5666666666666667
-0.5666666666666667
-0.5666666666666667
-0.5666666666666667
-0.5666666666666667
-0.5666666666666667
-0.5666666666666667
-0.5666666666666667
-0.5666666666666667
-0.5666666666666667
-0.5666666666666667
-0.5666666666666667
-0.5666666666666667
-0.5666666666666667
-0.5666666666666667
-0.5666666666666667
-0.5666666666666667
-0.5666666666666667
-0.5666666666666667
-0.5666666666666667
-0.5666666666666667
-0.5666666666666667
-0.5666666666666667
-0.5666666666666667
-0.6666666666666666
-0.5666666666666667
-0.5666666666666667
-0.6
-0.8
-0.6666666666666666
-0.6666666666666666
