-5.566666666666666
-5.566666666666666
-5.566666666666666
-5.566666666666666
-5.5
-5.533333333333333
-5.533333333333333
-5.5
-5.533333333333333
-5.533333333333333
-5.533333333333333
-5.533333333333333
-5.533333333333333
-5.5
-5.5
-5.533333333333333
-5.533333333333333
-5.533333333333333
-5.5
-5.5
-5.533333333333333
-5.533333333333333
-5.533333333333333
-5.466666666666667
-5.533333333333333
-5.5
-5.5
-5.433333333333334
-5.4
-5.366666666666666
-5.333333333333333
-5.333333333333333
-5.3
-5.3
-5.5
-5.466666666666667
-5.466666666666667
-5.5
-5.5
-5.466666666666667
-5.5
-5.533333333333333
-5.533333333333333
-5.533333333333333
-5.533333333333333
-5.466666666666667
-5.433333333333334
-5.566666666666666
-5.466666666666667
-5.533333333333333
-5.533333333333333
-5.533333333333333
-5.533333333333333
-5.566666666666666
-5.533333333333333
-5.466666666666667
-5.533333333333333
-5.466666666666667
-5.533333333333333
-5.566666666666666
-5.566666666666666
-5.566666666666666
-5.566666666666666
-5.566666666666666
-5.533333333333333
-5.533333333333333
-5.533333333333333
-5.5
-5.533333333333333
-5.533333333333333
-5.533333333333333
-5.533333333333333
-5.533333333333333
-5.466666666666667
-5.533333333333333
-5.533333333333333
-5.533333333333333
-5.533333333333333
-5.533333333333333
-5.533333333333333
-5.533333333333333
-5.566666666666666
-5.566666666666666
-5.533333333333333
-5.5
-5.5
-5.5
-5.533333333333333
-5.533333333333333
-5.5
-5.533333333333333
-5.533333333333333
-5.533333333333333
-5.533333333333333
-5.5
-5.533333333333333
-5.533333333333333
-5.533333333333333
-5.533333333333333
-5.533333333333333
-5.533333333333333
-5.5
-5.533333333333333
-5.533333333333333
-5.533333333333333
-5.5
-5.533333333333333
-5.533333333333333
-5.566666666666666
-5.566666666666666
-5.533333333333333
-5.533333333333333
-5.533333333333333
-5.533333333333333
-5.533333333333333
-5.5
-5.5
-5.5
-5.533333333333333
-5.466666666666667
-5.5
-5.5
-5.5
-5.533333333333333
-5.533333333333333
-5.533333333333333
-5.533333333333333
-5.533333333333333
-5.533333333333333
-5.533333333333333
-5.533333333333333
-5.5
-5.5
-5.533333333333333
-5.533333333333333
-5.566666666666666
-5.566666666666666
-5.533333333333333
-5.533333333333333
-5.533333333333333
-5.533333333333333
-5.533333333333333
-5.5
-5.533333333333333
-5.533333333333333
-5.533333333333333
-5.533333333333333
-5.533333333333333
-5.5
-5.5
-5.533333333333333
-5.566666666666666
-5.533333333333333
-5.533333333333333
-5.533333333333333
-5.533333333333333
-5.533333333333333
-5.5
-5.533333333333333
-5.5
-5.533333333333333
-5.533333333333333
-5.466666666666667
-5.533333333333333
-5.433333333333334
-5.5
-5.466666666666667
-5.533333333333333
-5.533333333333333
-5.466666666666667
-5.533333333333333
-5.566666666666666
-5.533333333333333
-5.533333333333333
-5.533333333333333
-5.533333333333333
-5.533333333333333
-5.566666666666666
-5.533333333333333
-5.533333333333333
-5.566666666666666
-5.533333333333333
-5.533333333333333
-5.533333333333333
-5.566666666666666
-5.566666666666666
-5.566666666666666
-5.566666666666666
-5.566666666666666
-5.566666666666666
-5.533333333333333
-5.533333333333333
-5.566666666666666
-5.566666666666666
-5.566666666666666
-5.533333333333333
-5.533333333333333
-5.533333333333333
-5.433333333333334
