-5.566666666666666
-5.566666666666666
-5.566666666666666
-5.533333333333333
-5.566666666666666
-5.466666666666667
-5.166666666666667
-4.033333333333333
-3.2666666666666666
-4.766666666666667
-5.4
-5.466666666666667
-5.5
-5.5
-5.5
-5.466666666666667
-5.5
-5.566666666666666
-5.566666666666666
-5.566666666666666
-5.566666666666666
-5.566666666666666
-5.566666666666666
-5.566666666666666
-5.566666666666666
-5.533333333333333
-5.566666666666666
-5.566666666666666
-5.6
-5.566666666666666
-5.566666666666666
-5.566666666666666
-5.533333333333333
-5.533333333333333
-5.533333333333333
-5.566666666666666
-5.533333333333333
-5.566666666666666
-5.566666666666666
-5.6
-5.566666666666666
-5.566666666666666
-5.533333333333333
-5.6
-5.533333333333333
-5.566666666666666
-5.566666666666666
-5.533333333333333
-5.566666666666666
-5.533333333333333
-5.533333333333333
-5.533333333333333
-5.5
-5.533333333333333
-5.533333333333333
-5.566666666666666
-5.566666666666666
-5.566666666666666
-5.533333333333333
-5.533333333333333
-5.533333333333333
-5.566666666666666
-5.433333333333334
-5.133333333333334
-4.066666666666666
-3.1
-4.566666666666666
-5.3
-5.533333333333333
-5.533333333333333
-5.533333333333333
-5.533333333333333
-5.533333333333333
-5.533333333333333
-5.533333333333333
-5.533333333333333
-5.533333333333333
-5.566666666666666
-5.533333333333333
-5.533333333333333
-5.533333333333333
-5.5
-5.533333333333333
-5.5
-5.533333333333333
-5.533333333333333
-5.566666666666666
-5.566666666666666
-5.566666666666666
-5.566666666666666
-5.566666666666666
-5.566666666666666
-5.533333333333333
-5.566666666666666
-5.466666666666667
-5.233333333333333
-4.066666666666666
-2.9
-4.566666666666666
-5.3
-5.5
-5.566666666666666
-5.566666666666666
-5.566666666666666
-5.566666666666666
-5.566666666666666
-5.566666666666666
-5.566666666666666
-5.566666666666666
-5.566666666666666
-5.566666666666666
