-5.566666666666666
-5.566666666666666
-5.533333333333333
-5.5
-5.366666666666666
-5.1
-4.033333333333333
-3.1333333333333333
-4.633333333333334
-5.2
-5.266666666666667
-5.3
-5.533333333333333
-5.533333333333333
-5.5
-5.366666666666666
-5.066666666666666
-3.8666666666666667
-3.1666666666666665
-4.766666666666667
-5.333333333333333
-5.3
-5.3
-5.533333333333333
-5.566666666666666
-5.533333333333333
-5.566666666666666
-5.566666666666666
-5.566666666666666
-5.566666666666666
-5.566666666666666
-5.566666666666666
-5.566666666666666
-5.566666666666666
-5.566666666666666
-5.533333333333333
-5.466666666666667
-5.1
-4.0
-2.7333333333333334
-4.3
-5.1
-5.333333333333333
-5.3
-5.3
-5.566666666666666
-5.566666666666666
-5.6
-5.566666666666666
-5.566666666666666
-5.466666666666667
-5.133333333333334
-4.066666666666666
-3.3
-4.766666666666667
-5.333333333333333
-5.3
-5.3
-5.3
-5.3
-5.3
-5.3
-5.266666666666667
-5.266666666666667
-5.266666666666667
-5.266666666666667
-5.266666666666667
-5.533333333333333
-5.5
-5.5
-5.533333333333333
-5.5
-5.533333333333333
-5.433333333333334
-5.066666666666666
-4.0
-3.066666666666667
-4.566666666666666
