-5.566666666666666
-5.466666666666667
-5.4
-5.333333333333333
-5.3
-5.233333333333333
-5.2
-5.166666666666667
-5.133333333333334
-5.1
-5.1
-5.066666666666666
-5.033333333333333
-5.033333333333333
-5.0
-5.0
-4.933333333333334
-4.9
-4.866666666666666
-4.833333333333333
-4.766666666666667
-4.733333333333333
-4.666666666666667
-4.6
-4.5
-4.366666666666666
-4.3
-4.233333333333333
-4.133333333333334
-4.066666666666666
-3.933333333333333
-3.8666666666666667
-3.8
-3.7
-3.6333333333333333
-3.6
-3.5
-3.466666666666667
-3.3666666666666667
-3.3
-3.2666666666666666
-3.1666666666666665
-3.1333333333333333
-3.066666666666667
-3.033333333333333
-2.933333333333333
-2.8333333333333335
-2.7
-2.6
-2.5
-2.3666666666666667
-2.2333333333333334
-2.1
-2.033333333333333
-1.9333333333333333
-1.8666666666666667
-1.8333333333333333
-1.7666666666666666
-1.7
-1.6666666666666667
-1.6333333333333333
-1.6
-1.5666666666666667
-1.5
-1.4666666666666666
-1.4333333333333333
-1.3666666666666667
-1.3666666666666667
-1.3
-1.3
-1.2666666666666666
-1.2333333333333334
-1.2
-1.2
-1.2
-1.1666666666666667
-1.1666666666666667
-1.1333333333333333
-1.1333333333333333
-1.1
-1.1
-1.1
-1.1
-1.0666666666666667
-1.0666666666666667
-1.0333333333333334
-1.0333333333333334
-1.0333333333333334
-1.0333333333333334
-1.0
-1.0
-1.0
-1.0
-0.9666666666666667
-0.9666666666666667
-0.9666666666666667
-0.9666666666666667
-0.9333333333333333
-0.9333333333333333
-0.9333333333333333
-0.9333333333333333
-0.9
-0.9
-0.9
-0.9
-0.9
-0.8666666666666667
-0.8666666666666667
-0.8666666666666667
-0.8666666666666667
-0.8666666666666667
-0.8666666666666667
-0.8666666666666667
-0.8333333333333334
-0.8333333333333334
-0.8333333333333334
-0.8333333333333334
-0.8333333333333334
-0.8333333333333334
-0.8333333333333334
-0.8
-0.8
-0.8
-0.8
-0.8
-0.8
-0.8
-0.8
-0.8
-0.8
-0.7666666666666667
-0.7666666666666667
-0.7666666666666667
-0.7666666666666667
-0.7666666666666667
-0.7666666666666667
-0.7666666666666667
-0.7666666666666667
-0.7666666666666667
-0.7666666666666667
-0.7666666666666667
-0.7333333333333333
-0.7333333333333333
-0.7333333333333333
-0.7333333333333333
-0.7333333333333333
-0.7333333333333333
-0.7333333333333333
-0.7333333333333333
-0.7333333333333333
-0.7
-0.7
-0.7
-0.7
-0.7
-0.7
-0.7
-0.7
-0.7
-0.7
-0.7
-0.7
-0.7
-0.7
-0.7
-0.7
-0.7
-0.7
-0.7
-0.7
-0.7
-0.7
-0.7
-0.7
-0.7
-0.7
-0.7
-0.7
-0.7
-0.7
-0.7
-0.7
-0.6666666666666666
-0.6666666666666666
-0.6666666666666666
-0.6666666666666666
-0.6666666666666666
-0.6666666666666666
-0.6666666666666666
-0.6666666666666666
-0.6666666666666666
-0.6666666666666666
-0.6666666666666666
-0.6666666666666666
-0.6666666666666666
-0.6666666666666666
-0.6666666666666666
-0.6666666666666666
-0.6666666666666666
