-5.566666666666666
-5.433333333333334
-5.366666666666666
-5.3
-5.266666666666667
-5.2
-5.133333333333334
-5.1
-5.033333333333333
-4.966666666666667
-4.866666666666666
-4.8
-4.733333333333333
-4.666666666666667
-4.6
-4.533333333333333
-4.466666666666667
-4.433333333333334
-4.366666666666666
-4.333333333333333
-4.3
-4.266666666666667
-4.266666666666667
-4.233333333333333
-4.2
-4.166666666666667
-4.133333333333334
-4.066666666666666
-4.0
-3.933333333333333
-3.8666666666666667
-3.7666666666666666
-3.7
-3.6333333333333333
-3.566666666666667
-3.5
-3.466666666666667
-3.4
-3.3333333333333335
-3.2666666666666666
-3.2333333333333334
-3.1666666666666665
-3.1
-3.033333333333333
-2.966666666666667
-2.8666666666666667
-2.8333333333333335
-2.8
-2.7333333333333334
-2.7
-2.6666666666666665
-2.6333333333333333
-2.6
-2.6
-2.533333333333333
-2.5
-2.466666666666667
-2.433333333333333
-2.4
-2.3666666666666667
-2.3333333333333335
-2.3
-2.2333333333333334
-2.1666666666666665
-2.1666666666666665
-2.1333333333333333
-2.066666666666667
-2.0
-1.9666666666666666
-1.9
-1.8
-1.7333333333333334
-1.6666666666666667
-1.6
-1.5333333333333334
-1.5
-1.4666666666666666
-1.4333333333333333
-1.4
-1.4
-1.3333333333333333
-1.3333333333333333
-1.3
-1.3
-1.2666666666666666
-1.2666666666666666
-1.2333333333333334
-1.2666666666666666
-1.2
-1.2
-1.2
-1.1666666666666667
-1.1666666666666667
-1.1333333333333333
-1.1333333333333333
-1.1333333333333333
-1.1333333333333333
-1.1333333333333333
-1.1
-1.1
-1.1
-1.0666666666666667
-1.0666666666666667
-1.0666666666666667
-1.0333333333333334
-1.0333333333333334
-1.0333333333333334
-1.0333333333333334
-1.0
-1.0
-1.0
-1.0
-0.9666666666666667
-0.9666666666666667
-0.9666666666666667
-0.9666666666666667
-0.9666666666666667
-0.9666666666666667
-0.9333333333333333
-0.9333333333333333
-0.9333333333333333
-0.9333333333333333
-0.9333333333333333
-0.9333333333333333
-0.9333333333333333
-0.9
-0.9
-0.9
-0.9
-0.9
-0.9
-0.9
-0.9
-0.9
-0.9
-0.8666666666666667
-0.8666666666666667
-0.8666666666666667
-0.8666666666666667
-0.8666666666666667
-0.8666666666666667
-0.8666666666666667
-0.8666666666666667
-0.8666666666666667
-0.8666666666666667
-0.8666666666666667
-0.8666666666666667
-0.8666666666666667
-0.8666666666666667
-0.8333333333333334
-0.8333333333333334
-0.8333333333333334
-0.8333333333333334
-0.8333333333333334
-0.8333333333333334
-0.8333333333333334
-0.8333333333333334
-0.8333333333333334
-0.8333333333333334
-0.8333333333333334
-0.8333333333333334
-0.8333333333333334
-0.8
-0.8
-0.8
-0.8
-0.8
-0.8
-0.8
-0.8
-0.8
-0.8
-0.7666666666666667
-0.8333333333333334
-0.7666666666666667
-0.7666666666666667
-0.7666666666666667
-0.7666666666666667
-0.7666666666666667
-0.7666666666666667
-0.7666666666666667
-0.7333333333333333
-0.7333333333333333
-0.7333333333333333
-0.7333333333333333
-0.7333333333333333
-0.7333333333333333
-0.7333333333333333
-0.7333333333333333
-0.7333333333333333
-0.7333333333333333
-0.7
-0.7
-0.7
-0.7
-0.7
-0.7
-0.7
-0.7666666666666667
