-5.566666666666666
-5.433333333333334
-5.433333333333334
-5.333333333333333
-5.333333333333333
-5.3
-5.3
-5.266666666666667
-5.266666666666667
-5.2
-5.2
-5.166666666666667
-5.166666666666667
-5.1
-5.1
-5.066666666666666
-5.066666666666666
-5.033333333333333
-5.033333333333333
-5.0
-5.0
-4.966666666666667
-4.966666666666667
-4.933333333333334
-4.933333333333334
-4.866666666666666
-4.9
-4.866666666666666
-4.9
-4.833333333333333
-4.866666666666666
-4.8
-4.833333333333333
-4.733333333333333
-4.8
-4.766666666666667
-4.766666666666667
-4.733333333333333
-4.733333333333333
-4.7
-4.7
-4.7
-4.666666666666667
-4.633333333333334
-4.566666666666666
-4.466666666666667
-4.266666666666667
-4.266666666666667
-4.233333333333333
-4.233333333333333
-4.166666666666667
-4.166666666666667
-4.1
-4.1
-4.066666666666666
-4.066666666666666
-4.0
-4.0
-3.933333333333333
-3.933333333333333
-3.8333333333333335
-3.8333333333333335
-3.7
-3.7
-3.6333333333333333
-3.6333333333333333
-3.566666666666667
-3.566666666666667
-3.466666666666667
-3.466666666666667
-3.3666666666666667
-3.3666666666666667
-3.3
-3.3
-3.2333333333333334
-3.2333333333333334
-3.1333333333333333
-3.1333333333333333
-3.033333333333333
-3.033333333333333
-2.966666666666667
-2.966666666666667
-2.8666666666666667
-2.8666666666666667
-2.7333333333333334
-2.7333333333333334
-2.6333333333333333
-2.6333333333333333
-2.533333333333333
-2.533333333333333
-2.4
-2.4
-2.2666666666666666
-2.2666666666666666
-2.1666666666666665
-2.1666666666666665
-2.1
-2.1
-2.033333333333333
-2.033333333333333
-1.9666666666666666
-1.9666666666666666
-1.9
-1.9
-1.8
-1.8
-1.7333333333333334
-1.7333333333333334
-1.6666666666666667
-1.6666666666666667
-1.6
-1.6
-1.5666666666666667
-1.5666666666666667
-1.5
-1.5
-1.4333333333333333
-1.4333333333333333
-1.4
-1.4
-1.3333333333333333
-1.3333333333333333
-1.3
-1.3
-1.2666666666666666
-1.2666666666666666
-1.2333333333333334
-1.2333333333333334
-1.2333333333333334
-1.2
-1.2
-1.2
-1.1666666666666667
-1.1666666666666667
-1.1333333333333333
-1.1333333333333333
-1.1333333333333333
-1.1
-1.1
-1.1
-1.1
-1.0666666666666667
