-5.566666666666666
-5.466666666666667
-5.466666666666667
-5.4
-5.4
-5.333333333333333
-5.333333333333333
-5.266666666666667
-5.266666666666667
-5.233333333333333
-5.233333333333333
-5.2
-5.2
-5.166666666666667
-5.166666666666667
-5.1
-5.1
-5.066666666666666
-5.066666666666666
-5.066666666666666
-5.033333333333333
-5.033333333333333
-5.0
-5.0
-4.966666666666667
-4.966666666666667
-4.9
-4.9
-4.9
-4.833333333333333
-4.833333333333333
-4.8
-4.8
-4.733333333333333
-4.733333333333333
-4.7
-4.7
-4.666666666666667
-4.666666666666667
-4.633333333333334
-4.633333333333334
-4.533333333333333
-4.533333333333333
-4.466666666666667
-4.466666666666667
-4.4
-4.4
-4.333333333333333
-4.333333333333333
-4.266666666666667
-4.266666666666667
-4.2
-4.2
-4.133333333333334
-4.133333333333334
-4.066666666666666
-4.066666666666666
-4.0
-4.0
-3.933333333333333
-3.933333333333333
-3.9
-3.9
-3.8666666666666667
-3.8666666666666667
-3.8
-3.8
-3.7666666666666666
-3.7666666666666666
-3.7
-3.7
-3.7
-3.6333333333333333
-3.6333333333333333
-3.6333333333333333
-3.566666666666667
-3.566666666666667
-3.5
-3.5
-3.466666666666667
-3.466666666666667
-3.433333333333333
-3.433333333333333
-3.3666666666666667
-3.3666666666666667
-3.3
-3.3
-3.2666666666666666
-3.2666666666666666
-3.1333333333333333
-3.1333333333333333
-3.0
-3.0
-2.8666666666666667
-2.8666666666666667
-2.7333333333333334
-2.7333333333333334
-2.6333333333333333
-2.6333333333333333
-2.6
-2.6
-2.533333333333333
-2.533333333333333
-2.5
-2.5
-2.466666666666667
-2.466666666666667
-2.466666666666667
-2.433333333333333
-2.433333333333333
-2.4
-2.4
-2.3666666666666667
-2.3666666666666667
-2.3333333333333335
-2.3333333333333335
-2.2666666666666666
-2.2666666666666666
-2.2333333333333334
-2.2333333333333334
-2.2
-2.2
-2.1333333333333333
-2.1333333333333333
-2.066666666666667
-2.066666666666667
-2.0
-2.0
-1.9
-1.9
-1.8333333333333333
-1.8333333333333333
-1.7333333333333334
-1.7333333333333334
-1.6333333333333333
-1.6333333333333333
-1.5333333333333334
-1.5333333333333334
-1.4666666666666666
-1.4666666666666666
-1.4
-1.4
-1.3333333333333333
-1.3333333333333333
-1.3
-1.3
-1.2666666666666666
-1.2666666666666666
-1.2
-1.2
-1.2
-1.1666666666666667
-1.1666666666666667
-1.1333333333333333
-1.1333333333333333
-1.1333333333333333
-1.1
-1.1
-1.1
-1.0666666666666667
-1.0666666666666667
