-5.6
-5.466666666666667
-5.366666666666666
-5.233333333333333
-4.766666666666667
-2.7666666666666666
-1.1666666666666667
-1.0333333333333334
-0.9666666666666667
-0.9333333333333333
-0.9333333333333333
-0.9
-0.9
-0.9
-0.8666666666666667
-0.8333333333333334
-0.8333333333333334
-0.8
-0.8
-1.0333333333333334
-0.9666666666666667
-0.9
-0.8666666666666667
-0.8666666666666667
-0.8333333333333334
-0.8333333333333334
-0.8
-0.8
-0.8
-0.7666666666666667
-0.7666666666666667
-1.0666666666666667
-0.9666666666666667
-0.9
-0.8666666666666667
-0.8333333333333334
-0.8333333333333334
-0.8
-0.8
-0.7666666666666667
-0.9666666666666667
-0.9
-0.8666666666666667
-0.8333333333333334
-0.8
-0.8
-0.8
-0.7666666666666667
-0.7666666666666667
-0.9
-0.8666666666666667
-0.8333333333333334
-0.8
-0.8
-0.8
-0.7666666666666667
-0.7666666666666667
-0.7666666666666667
-0.8666666666666667
-0.8333333333333334
-0.8
-0.8
-0.8
-0.7666666666666667
-0.7666666666666667
-0.7666666666666667
-0.8666666666666667
-0.8333333333333334
-0.8
-0.8
-0.7666666666666667
-0.7666666666666667
-0.8333333333333334
-0.8333333333333334
-0.8333333333333334
-0.8
-0.8
-0.8
-0.8
-0.8
-0.8
-0.8
-0.7666666666666667
-0.8
-0.7666666666666667
-0.8
-0.7666666666666667
-0.7666666666666667
-0.7666666666666667
-0.7666666666666667
-0.7666666666666667
-0.7666666666666667
-0.7666666666666667
-0.7666666666666667
-0.7666666666666667
-0.7666666666666667
-0.7666666666666667
-0.7666666666666667
-0.7666666666666667
-0.7666666666666667
-0.7666666666666667
-0.7666666666666667
-0.7666666666666667
-0.7666666666666667
-0.7666666666666667
-0.7666666666666667
-0.7666666666666667
-0.7666666666666667
-0.7333333333333333
-0.7666666666666667
-0.7333333333333333
-0.7333333333333333
-0.7333333333333333
-0.7333333333333333
-0.7333333333333333
-0.7333333333333333
-0.7333333333333333
-0.7333333333333333
-0.7333333333333333
-0.7333333333333333
-0.7333333333333333
-0.7333333333333333
-0.7333333333333333
-0.7333333333333333
-0.7333333333333333
-0.7666666666666667
-0.7333333333333333
-0.7333333333333333
-0.7333333333333333
-0.7
-0.7333333333333333
-0.7333333333333333
-0.7333333333333333
-0.7
-0.7
-0.7
-0.7
-0.7333333333333333
-0.7
-0.7
-0.7
-0.7
-0.7
-0.7
-0.7
-0.7
-0.7
-0.7
-0.6666666666666666
-0.6666666666666666
-0.6666666666666666
-0.6666666666666666
-0.6666666666666666
-0.7333333333333333
-0.7
-0.7
-0.6666666666666666
-0.7
-0.6666666666666666
-0.6666666666666666
-0.6666666666666666
-0.6666666666666666
-0.6666666666666666
-0.6666666666666666
-0.6666666666666666
-0.6333333333333333
-0.6333333333333333
-0.6333333333333333
-0.6333333333333333
-0.6333333333333333
-0.6333333333333333
-0.6333333333333333
-0.6333333333333333
-0.7
-0.6666666666666666
-0.6666666666666666
-0.6666666666666666
-0.6666666666666666
-0.6666666666666666
-0.6333333333333333
-0.6333333333333333
-0.6666666666666666
-0.6666666666666666
-0.6333333333333333
-0.6333333333333333
-0.6666666666666666
-0.6333333333333333
-0.6333333333333333
-0.6333333333333333
-0.6333333333333333
-0.6333333333333333
-0.7
-0.6333333333333333
-0.6333333333333333
-0.6333333333333333
-0.6333333333333333
-0.6333333333333333
-0.6333333333333333
-0.6333333333333333
