-5.6
-5.5
-5.5
-5.433333333333334
-5.433333333333334
-5.366666666666666
-5.366666666666666
-5.333333333333333
-5.333333333333333
-5.266666666666667
-5.266666666666667
-5.233333333333333
-5.233333333333333
-5.166666666666667
-5.166666666666667
-5.133333333333334
-5.133333333333334
-5.066666666666666
-5.066666666666666
-5.033333333333333
-5.033333333333333
-5.0
-5.0
-4.966666666666667
-4.966666666666667
-4.966666666666667
-4.933333333333334
-4.933333333333334
-4.933333333333334
-4.9
-4.9
-4.9
-4.9
-4.866666666666666
-4.866666666666666
-4.866666666666666
-4.833333333333333
-4.833333333333333
-4.8
-4.8
-4.766666666666667
-4.766666666666667
-4.733333333333333
-4.733333333333333
-4.7
-4.7
-4.666666666666667
-4.666666666666667
-4.633333333333334
-4.633333333333334
-4.6
-4.6
-4.566666666666666
-4.566666666666666
-4.5
-4.5
-4.466666666666667
-4.466666666666667
-4.433333333333334
-4.433333333333334
-4.366666666666666
-4.366666666666666
-4.333333333333333
-4.333333333333333
-4.266666666666667
-4.266666666666667
-4.233333333333333
-4.233333333333333
-4.2
-4.2
-4.2
-4.133333333333334
-4.133333333333334
-4.1
-4.1
-4.066666666666666
-4.066666666666666
-4.033333333333333
-4.033333333333333
-3.933333333333333
-3.933333333333333
-3.8666666666666667
-3.8666666666666667
-3.7666666666666666
-3.7666666666666666
-3.7
-3.7
-3.6333333333333333
-3.6333333333333333
-3.533333333333333
-3.533333333333333
-3.433333333333333
-3.433333333333333
-3.3333333333333335
-3.3333333333333335
-3.2
-3.2
-3.1333333333333333
-3.1333333333333333
-2.966666666666667
-2.966666666666667
-2.8333333333333335
-2.8333333333333335
-2.6666666666666665
-2.6666666666666665
-2.5
-2.5
-2.3
-2.3
-2.1666666666666665
-2.1666666666666665
-2.033333333333333
-2.033333333333333
-1.9666666666666666
-1.9666666666666666
-1.8666666666666667
-1.8666666666666667
-1.7333333333333334
-1.7333333333333334
-1.6666666666666667
-1.6666666666666667
-1.6
-1.6
-1.5333333333333334
-1.5333333333333334
-1.5
-1.5
-1.4666666666666666
-1.4666666666666666
-1.4333333333333333
-1.4333333333333333
-1.4
-1.4
-1.3666666666666667
-1.3666666666666667
-1.3333333333333333
-1.3333333333333333
-1.3
-1.3
-1.3
-1.3
-1.2666666666666666
-1.2666666666666666
-1.2333333333333334
-1.2333333333333334
-1.2333333333333334
-1.2
-1.2
-1.1666666666666667
-1.1666666666666667
-1.1666666666666667
-1.1
-1.0
-1.0666666666666667
-1.0333333333333334
-1.0
-1.0333333333333334
-1.0
