-0.9333333333333333
-0.9
-0.9
-0.9
-0.8666666666666667
-0.9
-0.9
-0.8666666666666667
-0.8666666666666667
-0.8666666666666667
-0.8666666666666667
-0.8666666666666667
-0.8666666666666667
-0.8666666666666667
-0.8666666666666667
-0.8666666666666667
-0.8666666666666667
-0.8666666666666667
-0.8666666666666667
-0.8666666666666667
-0.8666666666666667
-0.9
-0.9333333333333333
-0.9
-0.9
-0.8666666666666667
-0.8333333333333334
-0.8666666666666667
-0.8666666666666667
-0.8666666666666667
-0.9
-0.8666666666666667
-0.8666666666666667
-0.8666666666666667
-0.8666666666666667
-0.8666666666666667
-0.9
-0.9333333333333333
-0.9333333333333333
-0.9
-0.9
-0.9
-0.8666666666666667
-0.9
-0.8666666666666667
-0.8666666666666667
-0.8666666666666667
-0.8666666666666667
-0.8666666666666667
-0.8666666666666667
-0.8666666666666667
-0.8666666666666667
-0.8666666666666667
-0.8333333333333334
-0.8666666666666667
-0.9
-0.8666666666666667
-0.8666666666666667
-0.8666666666666667
-0.8666666666666667
-0.8666666666666667
-0.8666666666666667
-0.8666666666666667
-0.8666666666666667
-0.8666666666666667
-0.8666666666666667
-0.8666666666666667
-0.8666666666666667
-0.8666666666666667
-0.8666666666666667
-0.8666666666666667
-0.8666666666666667
-0.8666666666666667
-0.8333333333333334
-0.8333333333333334
-0.8666666666666667
-0.8666666666666667
-0.8666666666666667
-0.8666666666666667
-0.8333333333333334
-0.8666666666666667
-0.8666666666666667
-0.8666666666666667
-0.8666666666666667
-0.8666666666666667
-0.8666666666666667
-0.8666666666666667
-0.8666666666666667
-0.8666666666666667
-0.9
-0.8666666666666667
-0.8666666666666667
-0.9
-0.8666666666666667
-0.9
-0.8666666666666667
-0.8333333333333334
-0.8666666666666667
-0.8666666666666667
-0.8666666666666667
-0.8666666666666667
-0.8666666666666667
-0.8666666666666667
-0.8666666666666667
-0.8666666666666667
-0.8666666666666667
-0.8666666666666667
-0.8666666666666667
-0.8666666666666667
-0.8666666666666667
-0.8666666666666667
-0.8666666666666667
-0.8666666666666667
-0.8666666666666667
-0.8666666666666667
-0.9
-0.9
-0.9
-0.9
-0.9
-0.9
-0.9
-0.9
-0.8666666666666667
-0.8666666666666667
-0.8666666666666667
-0.8666666666666667
-0.8666666666666667
-0.8666666666666667
-0.8333333333333334
-0.8333333333333334
-0.8333333333333334
-0.8333333333333334
-0.8333333333333334
-0.8333333333333334
-0.8666666666666667
-0.9
-0.8666666666666667
-0.8666666666666667
-0.9
-0.8666666666666667
-0.8666666666666667
-0.8666666666666667
-0.8666666666666667
-0.9
-0.8666666666666667
-0.8666666666666667
-0.8666666666666667
-0.8666666666666667
-0.8666666666666667
-0.8666666666666667
-0.8333333333333334
-0.8666666666666667
-0.8333333333333334
-0.8333333333333334
-0.8333333333333334
-0.8333333333333334
-0.8666666666666667
-0.8666666666666667
-0.8666666666666667
-0.8666666666666667
-0.9
-0.8666666666666667
-0.8666666666666667
-0.9
-0.8666666666666667
-0.9
-0.9
-0.8666666666666667
-0.8666666666666667
-0.8666666666666667
-0.8666666666666667
-0.8666666666666667
-0.8666666666666667
-0.8666666666666667
-0.8666666666666667
-0.8666666666666667
-0.8666666666666667
-0.8666666666666667
-0.9
-0.9
-0.9
-0.9
-0.9
-0.9
-0.9
-0.8666666666666667
-0.8666666666666667
-0.8666666666666667
-0.9
-0.8666666666666667
-0.8666666666666667
-0.8666666666666667
-0.8666666666666667
-0.8666666666666667
-0.8333333333333334
-0.8333333333333334
-0.8666666666666667
-0.8666666666666667
