-5.566666666666666
-5.6
-5.533333333333333
-5.566666666666666
-5.533333333333333
-5.533333333333333
-5.533333333333333
-5.533333333333333
-5.566666666666666
-5.566666666666666
-5.533333333333333
-5.566666666666666
-5.533333333333333
-5.566666666666666
-5.533333333333333
-5.533333333333333
-5.533333333333333
-5.566666666666666
-5.533333333333333
-5.533333333333333
-5.533333333333333
-5.566666666666666
-5.533333333333333
-5.566666666666666
-5.533333333333333
-5.566666666666666
-5.533333333333333
-5.533333333333333
-5.566666666666666
-5.533333333333333
-5.533333333333333
-5.566666666666666
-5.533333333333333
-5.566666666666666
-5.533333333333333
-5.533333333333333
-5.533333333333333
-5.566666666666666
-5.566666666666666
-5.533333333333333
-5.533333333333333
-5.566666666666666
-5.5
-5.533333333333333
-5.533333333333333
-5.533333333333333
-5.533333333333333
-5.533333333333333
-5.533333333333333
-5.533333333333333
-5.533333333333333
-5.566666666666666
-5.533333333333333
-5.5
-5.533333333333333
-5.533333333333333
-5.533333333333333
-5.533333333333333
-5.533333333333333
-5.566666666666666
-5.566666666666666
-5.533333333333333
-5.533333333333333
-5.533333333333333
-5.566666666666666
-5.533333333333333
-5.533333333333333
-5.533333333333333
-5.533333333333333
-5.5
-5.533333333333333
-5.533333333333333
-5.5
-5.533333333333333
-5.566666666666666
-5.533333333333333
-5.533333333333333
-5.566666666666666
-5.533333333333333
-5.533333333333333
-5.566666666666666
-5.533333333333333
-5.533333333333333
-5.5
-5.533333333333333
-5.533333333333333
-5.566666666666666
-5.566666666666666
-5.533333333333333
-5.6
-5.533333333333333
-5.533333333333333
-5.533333333333333
-5.533333333333333
-5.533333333333333
-5.533333333333333
-5.566666666666666
-5.566666666666666
-5.533333333333333
-5.533333333333333
-5.566666666666666
-5.533333333333333
-5.533333333333333
-5.533333333333333
-5.533333333333333
-5.533333333333333
-5.533333333333333
-5.533333333333333
-5.5
-5.533333333333333
-5.5
-5.533333333333333
-5.533333333333333
-5.566666666666666
-5.533333333333333
-5.5
-5.533333333333333
-5.533333333333333
-5.533333333333333
-5.533333333333333
-5.533333333333333
-5.533333333333333
-5.533333333333333
-5.566666666666666
-5.566666666666666
-5.5
-5.5
-5.533333333333333
-5.533333333333333
-5.533333333333333
-5.566666666666666
-5.5
-5.533333333333333
-5.533333333333333
-5.566666666666666
-5.533333333333333
-5.533333333333333
-5.533333333333333
-5.533333333333333
-5.533333333333333
-5.533333333333333
-5.533333333333333
-5.5
-5.533333333333333
-5.533333333333333
-5.5
-5.5
-5.5
-5.533333333333333
-5.533333333333333
-5.566666666666666
-5.533333333333333
-5.566666666666666
-5.533333333333333
-5.533333333333333
-5.533333333333333
-5.566666666666666
-5.533333333333333
-5.533333333333333
-5.566666666666666
-5.533333333333333
-5.566666666666666
-5.533333333333333
-5.533333333333333
-5.533333333333333
-5.533333333333333
-5.533333333333333
-5.533333333333333
-5.533333333333333
-5.533333333333333
-5.533333333333333
-5.533333333333333
-5.533333333333333
-5.533333333333333
-5.533333333333333
-5.533333333333333
-5.533333333333333
-5.533333333333333
-5.533333333333333
-5.533333333333333
-5.533333333333333
-5.533333333333333
-5.533333333333333
-5.566666666666666
-5.533333333333333
-5.5
-5.533333333333333
-5.566666666666666
-5.533333333333333
-5.566666666666666
-5.533333333333333
-5.533333333333333
-5.566666666666666
-5.533333333333333
-5.5
-5.533333333333333
-5.533333333333333
-5.566666666666666
-5.533333333333333
