-5.566666666666666
-5.533333333333333
-5.566666666666666
-5.4
-5.1
-3.9
-3.1333333333333333
-4.866666666666666
-5.466666666666667
-5.533333333333333
-5.5
-5.533333333333333
-5.5
-5.5
-5.433333333333334
-5.233333333333333
-3.966666666666667
-3.2666666666666666
-5.033333333333333
-5.533333333333333
-5.533333333333333
-5.533333333333333
-5.533333333333333
-5.533333333333333
-5.533333333333333
-5.533333333333333
-5.566666666666666
-5.533333333333333
-5.566666666666666
-5.533333333333333
-5.533333333333333
-5.533333333333333
-5.566666666666666
-5.533333333333333
-5.566666666666666
-5.533333333333333
-5.566666666666666
-5.566666666666666
-5.533333333333333
-5.566666666666666
-5.433333333333334
-5.166666666666667
-4.066666666666666
-3.433333333333333
-5.066666666666666
-5.466666666666667
-5.5
-5.533333333333333
-5.533333333333333
-5.533333333333333
-5.5
-5.533333333333333
-5.533333333333333
-5.533333333333333
-5.533333333333333
-5.433333333333334
-5.2
-4.166666666666667
-3.1
-5.0
-5.366666666666666
-5.466666666666667
-5.5
-5.533333333333333
-5.533333333333333
-5.533333333333333
-5.566666666666666
-5.566666666666666
-5.566666666666666
-5.566666666666666
-5.533333333333333
-5.566666666666666
-5.533333333333333
-5.6
-5.6
-5.566666666666666
-5.566666666666666
-5.533333333333333
-5.566666666666666
-5.533333333333333
-5.533333333333333
-5.5
-5.2
-3.966666666666667
-3.2
