-5.566666666666666
-5.566666666666666
-5.566666666666666
-5.566666666666666
-5.533333333333333
-5.533333333333333
-5.533333333333333
-5.566666666666666
-5.5
-5.533333333333333
-5.533333333333333
-5.533333333333333
-5.533333333333333
-5.533333333333333
-5.533333333333333
-5.5
-5.5
-5.166666666666667
-3.8333333333333335
-3.3666666666666667
-4.966666666666667
-5.266666666666667
-5.333333333333333
-5.3
-5.3
-5.266666666666667
-5.266666666666667
-5.3
-5.566666666666666
-5.533333333333333
-5.566666666666666
-5.6
-5.6
-5.6
-5.566666666666666
-5.566666666666666
-5.533333333333333
-5.533333333333333
-5.533333333333333
-5.533333333333333
-5.533333333333333
-5.533333333333333
-5.533333333333333
-5.533333333333333
-5.566666666666666
-5.566666666666666
-5.566666666666666
-5.566666666666666
-5.6
-5.566666666666666
-5.566666666666666
-5.5
-5.066666666666666
-3.7666666666666666
-3.3
-4.9
-5.3
-5.3
-5.333333333333333
-5.533333333333333
-5.5
-5.533333333333333
-5.533333333333333
-5.533333333333333
-5.533333333333333
-5.533333333333333
-5.533333333333333
-5.533333333333333
-5.566666666666666
-5.566666666666666
-5.566666666666666
-5.566666666666666
-5.566666666666666
-5.566666666666666
-5.566666666666666
-5.5
-5.6
-5.566666666666666
-5.566666666666666
-5.566666666666666
-5.6
-5.566666666666666
-5.566666666666666
-5.566666666666666
-5.566666666666666
-5.533333333333333
-5.5
-5.166666666666667
-4.166666666666667
-3.3
-4.8
-5.333333333333333
-5.533333333333333
-5.533333333333333
-5.533333333333333
-5.533333333333333
-5.533333333333333
-5.533333333333333
-5.533333333333333
-5.533333333333333
-5.533333333333333
-5.533333333333333
-5.533333333333333
-5.533333333333333
-5.533333333333333
-5.566666666666666
-5.533333333333333
-5.566666666666666
-5.533333333333333
-5.566666666666666
-5.533333333333333
-5.566666666666666
