-18.0
-18.0
-18.166666666666668
-18.266666666666666
-18.4
-18.4
-18.433333333333334
-18.333333333333332
-18.366666666666667
-18.366666666666667
-18.466666666666665
-18.5
-18.433333333333334
-18.533333333333335
-18.533333333333335
-18.566666666666666
-18.566666666666666
-18.6
-18.633333333333333
-18.566666666666666
-18.733333333333334
-18.866666666666667
-18.833333333333332
-18.866666666666667
-18.8
-18.8
-18.8
-18.9
-18.833333333333332
-18.9
-18.933333333333334
-18.9
-18.966666666666665
-18.866666666666667
-18.866666666666667
-18.833333333333332
-18.966666666666665
-18.866666666666667
-18.866666666666667
-18.9
-18.933333333333334
-18.9
-18.866666666666667
-18.9
-18.866666666666667
-18.833333333333332
-18.833333333333332
-18.8
-18.766666666666666
-18.933333333333334
-18.9
-18.866666666666667
-18.933333333333334
-18.833333333333332
-18.933333333333334
-18.933333333333334
-18.966666666666665
-18.9
-18.933333333333334
-18.933333333333334
-18.9
-18.9
-18.933333333333334
-18.933333333333334
-18.933333333333334
-18.966666666666665
-18.933333333333334
-18.9
-18.9
-18.933333333333334
-18.966666666666665
-19.0
-18.966666666666665
-19.0
-18.866666666666667
-18.966666666666665
-18.933333333333334
-18.933333333333334
-18.933333333333334
-18.966666666666665
-18.966666666666665
-18.966666666666665
-19.0
-18.933333333333334
-18.966666666666665
-19.0
-19.0
-18.933333333333334
-18.933333333333334
-18.866666666666667
-18.866666666666667
-18.966666666666665
-18.9
-18.8
-18.9
-18.966666666666665
-18.966666666666665
-18.966666666666665
-19.0
-18.966666666666665
-18.966666666666665
-18.966666666666665
-18.833333333333332
-18.8
-18.7
-18.833333333333332
-18.966666666666665
-18.9
-18.966666666666665
-18.9
-18.866666666666667
-18.933333333333334
-18.933333333333334
-18.9
-18.833333333333332
-18.966666666666665
-18.933333333333334
-18.833333333333332
-18.833333333333332
-18.966666666666665
-19.0
-18.9
-18.966666666666665
-19.0
-18.933333333333334
-18.9
-18.866666666666667
-18.966666666666665
-18.933333333333334
-18.9
-18.933333333333334
-18.966666666666665
-18.966666666666665
-18.966666666666665
-18.933333333333334
-18.933333333333334
-18.933333333333334
-18.933333333333334
-18.966666666666665
-18.933333333333334
-18.933333333333334
-18.933333333333334
-19.0
-18.966666666666665
-18.966666666666665
-18.966666666666665
-18.966666666666665
-18.933333333333334
-18.933333333333334
-18.9
-18.933333333333334
-18.9
-18.866666666666667
-18.966666666666665
-18.9
-18.9
-18.933333333333334
-18.933333333333334
-18.9
-18.933333333333334
-18.933333333333334
-18.9
-18.933333333333334
-18.966666666666665
-18.9
-18.966666666666665
-18.866666666666667
-18.9
-18.933333333333334
-18.9
-18.933333333333334
-18.966666666666665
-18.966666666666665
-18.966666666666665
-18.966666666666665
-18.933333333333334
-18.933333333333334
-18.966666666666665
-18.9
-18.966666666666665
-18.933333333333334
-19.0
-18.9
-18.933333333333334
-18.966666666666665
-18.933333333333334
-18.966666666666665
-19.0
-18.966666666666665
-18.966666666666665
-18.933333333333334
-18.966666666666665
-18.966666666666665
-18.966666666666665
-18.933333333333334
-18.933333333333334
-18.966666666666665
-18.966666666666665
-18.966666666666665
