-98.86666666666666
-92.53333333333333
-89.26666666666667
-87.56666666666666
-86.9
-86.9
-86.7
-86.33333333333333
-86.43333333333334
-86.56666666666666
-85.33333333333333
-85.06666666666666
-84.8
-84.66666666666667
-84.53333333333333
-84.03333333333333
-83.93333333333334
-83.76666666666667
-83.26666666666667
-83.26666666666667
-82.83333333333333
-82.66666666666667
-82.36666666666666
-81.73333333333333
-82.36666666666666
-81.86666666666666
-81.9
-82.43333333333334
-81.66666666666667
-81.73333333333333
-81.2
-81.56666666666666
-81.5
-81.66666666666667
-81.2
-81.16666666666667
-80.8
-81.13333333333334
-81.33333333333333
-81.0
-81.66666666666667
-81.03333333333333
-80.9
-81.53333333333333
-81.36666666666666
-80.86666666666666
-80.93333333333334
-80.93333333333334
-80.9
-80.73333333333333
-81.06666666666666
-80.76666666666667
-80.4
-80.36666666666666
-80.16666666666667
-80.5
-80.3
-80.56666666666666
-80.33333333333333
-80.43333333333334
-80.43333333333334
-80.13333333333334
-79.93333333333334
-79.93333333333334
-79.3
-79.36666666666666
-79.46666666666667
-80.3
-79.96666666666667
-80.0
-79.9
-80.2
-79.26666666666667
-79.53333333333333
-79.63333333333334
-79.23333333333333
-79.63333333333334
-79.43333333333334
-79.93333333333334
-79.26666666666667
-79.2
-79.93333333333334
-79.83333333333333
-79.43333333333334
-78.73333333333333
-79.56666666666666
-79.83333333333333
-80.1
-79.7
-79.73333333333333
-79.66666666666667
-79.76666666666667
-80.26666666666667
-79.83333333333333
-79.6
-79.8
-79.13333333333334
-79.16666666666667
-79.53333333333333
-79.93333333333334
-79.3
-79.93333333333334
-80.0
-80.8
-80.13333333333334
-80.0
-79.86666666666666
-79.8
-80.13333333333334
-80.3
-80.23333333333333
-79.73333333333333
-79.83333333333333
-79.46666666666667
-79.4
-79.5
-79.63333333333334
-79.53333333333333
-79.46666666666667
-80.03333333333333
-79.1
-79.36666666666666
-79.4
-79.5
-79.3
-79.6
-79.7
-79.7
-80.0
-79.13333333333334
-79.7
-79.36666666666666
-79.2
-79.56666666666666
-79.4
-79.16666666666667
-79.0
-79.16666666666667
-78.83333333333333
-79.4
-79.46666666666667
-79.1
-78.33333333333333
-79.03333333333333
-79.2
-79.23333333333333
-79.5
-78.96666666666667
-79.2
-79.46666666666667
-79.26666666666667
-79.66666666666667
-79.1
-79.16666666666667
-79.16666666666667
-79.36666666666666
-78.6
-79.16666666666667
-79.3
-79.43333333333334
-79.6
-78.7
-79.03333333333333
-78.66666666666667
-79.63333333333334
-78.9
-79.56666666666666
-79.5
-79.03333333333333
-78.76666666666667
-78.53333333333333
-78.3
-78.46666666666667
-78.73333333333333
-79.46666666666667
-78.93333333333334
-78.43333333333334
-78.33333333333333
-79.06666666666666
-78.5
-79.23333333333333
-79.2
-78.93333333333334
-78.73333333333333
-78.9
-78.93333333333334
-79.3
-78.8
-78.76666666666667
-78.6
-78.6
-78.23333333333333
-78.26666666666667
-78.66666666666667
-78.2
-78.93333333333334
-78.3
-78.93333333333334
-78.86666666666666
