-98.9
-100.56666666666666
-104.1
-108.66666666666667
-115.0
-123.96666666666667
-133.1
-141.6
-148.86666666666667
-154.96666666666667
-160.86666666666667
-166.2
-167.96666666666667
-169.3
-170.36666666666667
-171.66666666666666
-172.26666666666668
-173.2
-172.93333333333334
-172.6
-171.83333333333334
-170.63333333333333
-170.26666666666668
-169.4
-167.86666666666667
-167.36666666666667
-166.46666666666667
-165.93333333333334
-165.0
-165.0
-164.86666666666667
-163.76666666666668
-162.56666666666666
-161.4
-160.33333333333334
-158.66666666666666
-158.13333333333333
-157.33333333333334
-156.53333333333333
-155.5
-154.53333333333333
-154.2
-153.86666666666667
-154.0
-153.7
-153.4
-152.63333333333333
-151.7
-150.93333333333334
-150.13333333333333
-149.23333333333332
-148.63333333333333
-148.1
-147.53333333333333
-146.93333333333334
-146.33333333333334
-146.1
-145.36666666666667
-144.83333333333334
-144.73333333333332
-144.13333333333333
-143.83333333333334
-143.2
-142.76666666666668
-142.2
-141.53333333333333
-140.96666666666667
-140.43333333333334
-139.9
-139.46666666666667
-138.76666666666668
-138.5
-138.4
-138.06666666666666
-138.46666666666667
-139.06666666666666
-139.46666666666667
-139.66666666666666
-139.03333333333333
-138.8
-138.63333333333333
-137.93333333333334
-137.63333333333333
-137.1
-136.86666666666667
-136.66666666666666
-135.76666666666668
-135.13333333333333
-134.5
-134.33333333333334
-133.96666666666667
-133.16666666666666
-132.76666666666668
-132.4
-132.0
-131.8
-131.4
-131.06666666666666
-130.96666666666667
-130.43333333333334
-130.43333333333334
-130.26666666666668
-130.13333333333333
-130.1
-129.6
-129.36666666666667
-129.43333333333334
-129.63333333333333
-130.06666666666666
-130.4
-130.96666666666667
-130.66666666666666
-130.33333333333334
-130.06666666666666
-129.86666666666667
-129.9
-129.7
-129.7
-129.63333333333333
-129.26666666666668
-128.96666666666667
-128.66666666666666
-128.5
-128.56666666666666
-128.4
-128.0
-127.63333333333334
-127.36666666666666
-127.26666666666667
-127.2
-126.96666666666667
-127.0
-126.66666666666667
-126.2
-125.93333333333334
-125.76666666666667
-125.4
-125.16666666666667
-124.9
-124.76666666666667
-124.46666666666667
-124.06666666666666
-123.66666666666667
-123.26666666666667
-123.13333333333334
-123.0
-122.66666666666667
-122.43333333333334
-122.06666666666666
-121.76666666666667
-121.63333333333334
-121.36666666666666
-121.33333333333333
-121.26666666666667
-121.13333333333334
-120.93333333333334
-120.76666666666667
-120.5
-120.3
-120.33333333333333
-120.2
-120.13333333333334
-119.86666666666666
-119.73333333333333
-119.63333333333334
-119.43333333333334
-119.33333333333333
-119.26666666666667
-119.23333333333333
-119.23333333333333
-119.23333333333333
-119.23333333333333
-119.03333333333333
-118.7
-118.5
-118.43333333333334
-118.23333333333333
-118.03333333333333
-117.9
-117.73333333333333
-117.56666666666666
-117.33333333333333
-117.1
-116.9
-116.8
-116.66666666666667
-116.53333333333333
-116.43333333333334
-115.96666666666667
-115.83333333333333
-115.7
-115.43333333333334
-115.4
-115.3
-115.2
-115.03333333333333
-114.96666666666667
-114.9
-114.83333333333333
