-18.0
-18.0
-18.1
-18.3
-18.466666666666665
-18.5
-18.566666666666666
-18.733333333333334
-18.6
-18.6
-18.6
-18.6
-18.566666666666666
-18.6
-18.7
-18.7
-18.7
-18.733333333333334
-18.733333333333334
-18.833333333333332
-18.833333333333332
-18.833333333333332
-18.833333333333332
-18.766666666666666
-18.833333333333332
-18.9
-18.933333333333334
-18.933333333333334
-18.9
-18.866666666666667
-18.933333333333334
-18.966666666666665
-18.933333333333334
-18.9
-18.866666666666667
-18.833333333333332
-19.0
-19.0
-18.966666666666665
-18.933333333333334
-19.0
-19.0
-18.966666666666665
-19.0
-18.966666666666665
-19.0
-19.0
-19.0
-18.966666666666665
-19.0
-19.0
-18.933333333333334
-18.966666666666665
-18.966666666666665
-18.933333333333334
-19.0
-18.966666666666665
-18.933333333333334
-19.0
-19.0
-19.0
-19.0
-19.0
-18.966666666666665
-19.0
-19.0
-18.966666666666665
-19.0
-18.966666666666665
-18.933333333333334
-18.966666666666665
-19.0
-18.966666666666665
-18.933333333333334
-19.0
-18.933333333333334
-18.933333333333334
-18.966666666666665
-19.0
-19.0
-19.0
-18.966666666666665
-19.0
-18.966666666666665
-18.966666666666665
-18.966666666666665
-18.966666666666665
-18.966666666666665
-18.933333333333334
-18.966666666666665
-18.966666666666665
-18.933333333333334
-18.9
-18.933333333333334
-18.933333333333334
-18.966666666666665
-18.966666666666665
-18.966666666666665
-18.933333333333334
-18.966666666666665
-18.966666666666665
-18.966666666666665
-18.966666666666665
-19.0
-19.0
-19.0
-18.966666666666665
-19.0
-19.0
-19.0
-18.966666666666665
-19.0
-19.0
-19.0
-19.0
-18.966666666666665
-18.966666666666665
-19.0
-19.0
-19.0
-19.0
-19.0
-19.0
-19.0
-19.0
-18.933333333333334
-19.0
-18.966666666666665
-18.966666666666665
-19.0
-18.966666666666665
-18.966666666666665
-19.0
-19.0
-19.0
-19.0
-19.0
-18.966666666666665
-19.0
-19.0
-19.0
-19.0
-19.0
-19.0
-19.0
-19.0
-18.966666666666665
-19.0
-19.0
-19.0
-18.966666666666665
-19.0
-19.0
-19.0
-19.0
-19.0
-19.0
-19.0
-18.966666666666665
-19.0
-18.866666666666667
-18.966666666666665
-19.0
-19.0
-18.966666666666665
-19.0
-19.0
-19.0
-19.0
-19.0
-19.0
-19.0
-19.0
-19.0
-19.0
-19.0
-19.0
-19.0
-19.0
-19.0
-19.0
-19.0
-19.0
-19.0
-19.0
-19.0
-18.966666666666665
-18.966666666666665
-19.0
-19.0
-19.0
-19.0
-19.0
-19.0
-19.0
-19.0
-19.0
-19.0
-19.0
