-98.9
-92.36666666666666
-89.43333333333334
-86.73333333333333
-86.46666666666667
-85.33333333333333
-84.3
-83.56666666666666
-83.86666666666666
-83.5
-83.76666666666667
-83.36666666666666
-83.53333333333333
-83.06666666666666
-83.26666666666667
-82.56666666666666
-81.5
-81.86666666666666
-82.03333333333333
-81.03333333333333
-81.23333333333333
-81.16666666666667
-81.33333333333333
-81.3
-80.63333333333334
-80.63333333333334
-80.26666666666667
-80.4
-80.46666666666667
-80.7
-79.76666666666667
-79.66666666666667
-79.4
-79.46666666666667
-80.1
-79.96666666666667
-79.76666666666667
-79.53333333333333
-79.83333333333333
-79.8
-79.3
-79.06666666666666
-78.76666666666667
-78.8
-78.83333333333333
-78.96666666666667
-79.0
-78.6
-78.06666666666666
-78.6
-78.13333333333334
-78.66666666666667
-78.13333333333334
-78.93333333333334
-78.43333333333334
-78.2
-78.26666666666667
-78.5
-78.56666666666666
-78.43333333333334
-78.2
-78.06666666666666
-78.4
-77.8
-78.16666666666667
-78.36666666666666
-77.9
-78.26666666666667
-78.4
-78.3
-78.1
-78.1
-78.3
-78.23333333333333
-78.43333333333334
-78.63333333333334
-77.93333333333334
-77.83333333333333
-77.7
-77.63333333333334
-77.76666666666667
-77.6
-78.0
-77.16666666666667
-77.26666666666667
-77.6
-77.33333333333333
-77.56666666666666
-78.0
-77.93333333333334
-77.86666666666666
-78.0
-77.3
-77.66666666666667
-77.33333333333333
-77.6
-77.4
-77.26666666666667
-77.6
-77.83333333333333
-77.76666666666667
-77.46666666666667
-77.26666666666667
-77.73333333333333
-77.43333333333334
-77.53333333333333
-77.76666666666667
-77.76666666666667
-77.46666666666667
-76.9
-77.6
-77.26666666666667
-77.26666666666667
-77.6
-77.2
-76.86666666666666
-77.56666666666666
-76.93333333333334
-76.76666666666667
-77.06666666666666
-77.53333333333333
-76.96666666666667
-76.76666666666667
-77.26666666666667
-76.7
-77.13333333333334
-76.53333333333333
-77.2
-77.36666666666666
-76.8
-77.66666666666667
-77.3
-76.5
-76.86666666666666
-76.33333333333333
-76.93333333333334
-76.93333333333334
-77.26666666666667
-76.2
-76.46666666666667
-76.46666666666667
-76.83333333333333
-76.76666666666667
-76.8
-76.4
-76.23333333333333
-76.93333333333334
-76.9
-76.6
-76.56666666666666
-76.7
-76.73333333333333
-76.93333333333334
-75.8
-76.16666666666667
-76.86666666666666
-77.0
-76.93333333333334
-76.76666666666667
-77.2
-77.26666666666667
-77.26666666666667
-76.86666666666666
-76.96666666666667
-77.33333333333333
-77.2
-77.23333333333333
-76.46666666666667
-76.36666666666666
-76.6
-76.73333333333333
-76.16666666666667
-76.3
-77.13333333333334
-77.13333333333334
-76.66666666666667
-76.8
-76.6
-77.0
-77.03333333333333
-77.5
-76.9
-76.63333333333334
-77.03333333333333
-76.96666666666667
-76.7
-76.76666666666667
-76.6
-76.7
-76.6
-77.06666666666666
-76.2
-76.6
-75.93333333333334
-76.43333333333334
-76.13333333333334
-76.4
-76.8
-76.1
