-18.0
-18.0
-17.866666666666667
-17.766666666666666
-17.666666666666668
-17.4
-17.233333333333334
-17.033333333333335
-16.8
-16.533333333333335
-16.433333333333334
-16.266666666666666
-16.166666666666668
-16.066666666666666
-15.933333333333334
-15.933333333333334
-15.833333333333334
-15.733333333333333
-15.633333333333333
-15.566666666666666
-15.466666666666667
-15.466666666666667
-15.366666666666667
-15.333333333333334
-15.266666666666667
-15.266666666666667
-15.2
-15.166666666666666
-15.033333333333333
-15.033333333333333
-15.0
-15.0
-15.0
-15.0
-15.0
-15.0
-15.0
-15.0
-15.0
-15.0
-15.0
-15.0
-15.0
-15.0
-14.933333333333334
-14.933333333333334
-14.933333333333334
-14.933333333333334
-14.933333333333334
-14.9
-14.9
-14.9
-14.933333333333334
-14.9
-14.9
-14.9
-14.9
-14.9
-14.9
-14.9
-14.9
-14.9
-14.866666666666667
-14.866666666666667
-14.866666666666667
-14.9
-14.866666666666667
-14.866666666666667
-14.866666666666667
-14.833333333333334
-14.833333333333334
-14.8
-14.8
-14.8
-14.833333333333334
-14.8
-14.8
-14.8
-14.766666666666667
-14.766666666666667
-14.766666666666667
-14.766666666666667
-14.766666666666667
-14.766666666666667
-14.766666666666667
-14.733333333333333
-14.7
-14.7
-14.7
-14.666666666666666
-14.633333333333333
-14.633333333333333
-14.633333333333333
-14.633333333333333
-14.633333333333333
-14.633333333333333
-14.633333333333333
-14.6
-14.566666666666666
-14.566666666666666
-14.566666666666666
-14.566666666666666
-14.566666666666666
-14.566666666666666
-14.566666666666666
-14.566666666666666
-14.566666666666666
-14.566666666666666
-14.533333333333333
-14.533333333333333
-14.533333333333333
-14.533333333333333
-14.566666666666666
-14.533333333333333
-14.533333333333333
-14.533333333333333
-14.533333333333333
-14.533333333333333
-14.533333333333333
-14.533333333333333
-14.5
-14.466666666666667
-14.433333333333334
-14.466666666666667
-14.433333333333334
-14.433333333333334
-14.433333333333334
-14.433333333333334
-14.433333333333334
-14.433333333333334
-14.433333333333334
-14.466666666666667
-14.466666666666667
-14.433333333333334
-14.433333333333334
-14.433333333333334
-14.466666666666667
-14.433333333333334
-14.433333333333334
-14.433333333333334
-14.433333333333334
-14.433333333333334
-14.433333333333334
-14.433333333333334
-14.433333333333334
-14.466666666666667
-14.433333333333334
-14.433333333333334
-14.466666666666667
-14.433333333333334
-14.433333333333334
-14.433333333333334
-14.5
-14.433333333333334
-14.433333333333334
-14.433333333333334
-14.466666666666667
-14.433333333333334
-14.4
-14.4
-14.4
-14.4
-14.4
-14.4
-14.4
-14.433333333333334
-14.433333333333334
-14.433333333333334
-14.4
-14.4
-14.4
-14.433333333333334
-14.433333333333334
-14.4
-14.4
-14.466666666666667
-14.4
-14.4
-14.4
-14.466666666666667
-14.4
-14.4
-14.466666666666667
-14.366666666666667
-14.366666666666667
-14.366666666666667
-14.366666666666667
-14.4
-14.4
-14.4
-14.4
-14.433333333333334
-14.4
-14.366666666666667
-14.366666666666667
-14.366666666666667
-14.366666666666667
-14.4
-14.4
