-98.86666666666666
-102.03333333333333
-106.76666666666667
-112.03333333333333
-119.43333333333334
-128.33333333333334
-137.36666666666667
-146.36666666666667
-154.96666666666667
-163.13333333333333
-170.53333333333333
-176.43333333333334
-180.73333333333332
-184.1
-184.8
-184.76666666666668
-184.46666666666667
-185.83333333333334
-187.06666666666666
-188.26666666666668
-188.83333333333334
-188.9
-188.86666666666667
-189.0
-188.9
-188.4
-188.26666666666668
-187.1
-186.06666666666666
-185.4
-184.36666666666667
-183.43333333333334
-182.1
-180.93333333333334
-179.76666666666668
-177.83333333333334
-176.3
-175.03333333333333
-173.46666666666667
-172.23333333333332
-171.23333333333332
-170.06666666666666
-169.13333333333333
-168.3
-167.7
-166.83333333333334
-165.9
-164.63333333333333
-163.96666666666667
-163.06666666666666
-162.4
-161.4
-160.43333333333334
-159.56666666666666
-158.96666666666667
-158.13333333333333
-156.83333333333334
-156.13333333333333
-155.66666666666666
-154.86666666666667
-154.2
-153.43333333333334
-152.93333333333334
-152.43333333333334
-152.1
-151.7
-151.63333333333333
-150.86666666666667
-150.76666666666668
-150.26666666666668
-149.73333333333332
-149.2
-148.53333333333333
-148.16666666666666
-147.73333333333332
-147.53333333333333
-147.0
-146.7
-146.63333333333333
-146.4
-145.96666666666667
-145.63333333333333
-145.66666666666666
-145.5
-145.46666666666667
-145.5
-145.3
-145.33333333333334
-145.3
-145.23333333333332
-145.16666666666666
-144.6
-144.0
-143.86666666666667
-143.56666666666666
-143.26666666666668
-143.0
-142.76666666666668
-142.43333333333334
-141.86666666666667
-141.56666666666666
-141.13333333333333
-140.86666666666667
-140.56666666666666
-139.93333333333334
-139.6
-139.53333333333333
-139.43333333333334
-139.03333333333333
-138.73333333333332
-138.5
-138.26666666666668
-137.86666666666667
-137.5
-137.26666666666668
-137.13333333333333
-136.9
-136.63333333333333
-136.4
-136.06666666666666
-135.9
-135.63333333333333
-135.16666666666666
-134.83333333333334
-134.26666666666668
-133.96666666666667
-133.56666666666666
-133.26666666666668
-132.8
-132.6
-132.1
-131.8
-131.26666666666668
-130.96666666666667
-130.73333333333332
-130.5
-130.26666666666668
-129.96666666666667
-129.56666666666666
-129.46666666666667
-129.46666666666667
-129.2
-129.16666666666666
-129.1
-129.0
-128.5
-128.26666666666668
-127.96666666666667
-127.46666666666667
-127.13333333333334
-126.96666666666667
-126.93333333333334
-126.4
-126.33333333333333
-126.13333333333334
-126.0
-125.8
-125.63333333333334
-125.4
-125.2
-124.93333333333334
-124.76666666666667
-124.56666666666666
-124.43333333333334
-124.26666666666667
-124.0
-123.76666666666667
-123.6
-123.43333333333334
-123.26666666666667
-123.1
-122.93333333333334
-122.76666666666667
-122.56666666666666
-122.56666666666666
-122.5
-122.46666666666667
-122.4
-122.26666666666667
-122.33333333333333
-122.1
-122.13333333333334
-121.8
-121.8
-121.53333333333333
-121.26666666666667
-121.1
-120.8
-120.66666666666667
-120.66666666666667
-120.66666666666667
-120.53333333333333
-120.4
-120.06666666666666
-120.0
-119.8
-119.66666666666667
-119.5
-119.4
