-98.93333333333334
-93.23333333333333
-89.9
-87.26666666666667
-86.1
-84.76666666666667
-84.83333333333333
-84.2
-83.63333333333334
-83.7
-83.26666666666667
-83.1
-82.3
-82.2
-81.86666666666666
-81.4
-80.96666666666667
-80.73333333333333
-80.76666666666667
-80.76666666666667
-80.5
-79.83333333333333
-79.6
-79.6
-78.8
-78.26666666666667
-78.13333333333334
-78.33333333333333
-77.9
-77.26666666666667
-77.46666666666667
-76.9
-77.0
-77.16666666666667
-77.66666666666667
-77.46666666666667
-77.46666666666667
-77.16666666666667
-77.0
-77.73333333333333
-76.96666666666667
-77.2
-77.1
-77.33333333333333
-77.26666666666667
-77.03333333333333
-76.3
-76.33333333333333
-76.23333333333333
-76.4
-76.2
-76.83333333333333
-76.16666666666667
-75.93333333333334
-75.8
-75.46666666666667
-76.53333333333333
-76.16666666666667
-76.16666666666667
-76.2
-76.5
-75.9
-75.83333333333333
-75.7
-75.93333333333334
-75.66666666666667
-75.76666666666667
-75.83333333333333
-75.7
-75.2
-75.53333333333333
-75.53333333333333
-75.36666666666666
-75.7
-75.36666666666666
-75.4
-75.56666666666666
-75.4
-75.46666666666667
-75.5
-75.06666666666666
-75.03333333333333
-74.93333333333334
-75.3
-75.5
-74.83333333333333
-75.23333333333333
-75.53333333333333
-75.53333333333333
-75.4
-75.06666666666666
-75.1
-75.23333333333333
-75.23333333333333
-74.86666666666666
-74.63333333333334
-74.6
-74.46666666666667
-75.03333333333333
-74.73333333333333
-74.9
-75.1
-75.4
-74.7
-74.96666666666667
-74.93333333333334
-74.86666666666666
-74.33333333333333
-74.56666666666666
-74.3
-74.43333333333334
-74.36666666666666
-74.26666666666667
-74.4
-73.9
-74.46666666666667
-74.23333333333333
-74.0
-74.53333333333333
-74.33333333333333
-74.36666666666666
-74.0
-74.0
-74.33333333333333
-74.26666666666667
-73.9
-74.06666666666666
-73.9
-73.93333333333334
-74.33333333333333
-73.96666666666667
-73.53333333333333
-74.36666666666666
-74.0
-73.8
-73.66666666666667
-74.3
-74.1
-73.86666666666666
-74.03333333333333
-74.26666666666667
-74.0
-74.43333333333334
-74.0
-73.76666666666667
-74.3
-73.53333333333333
-74.13333333333334
-73.56666666666666
-73.76666666666667
-73.8
-73.8
-73.6
-73.83333333333333
-73.83333333333333
-73.8
-73.86666666666666
-73.53333333333333
-73.66666666666667
-73.96666666666667
-73.83333333333333
-73.8
-73.46666666666667
-73.83333333333333
-73.6
-73.5
-73.9
-74.53333333333333
-74.46666666666667
-74.06666666666666
-74.23333333333333
-74.4
-74.5
-75.2
-74.43333333333334
-74.26666666666667
-73.9
-73.83333333333333
-74.26666666666667
-74.43333333333334
-74.4
-74.13333333333334
-74.5
-74.0
-73.83333333333333
-73.66666666666667
-73.73333333333333
-73.56666666666666
-73.46666666666667
-73.16666666666667
-73.86666666666666
-73.1
-73.13333333333334
-73.16666666666667
-73.06666666666666
-73.26666666666667
-72.9
-73.26666666666667
-73.63333333333334
