-18.0
-18.0
-18.0
-17.866666666666667
-17.633333333333333
-17.366666666666667
-17.3
-17.1
-16.833333333333332
-16.8
-16.533333333333335
-16.433333333333334
-16.3
-16.233333333333334
-16.166666666666668
-16.166666666666668
-16.166666666666668
-16.133333333333333
-16.1
-16.066666666666666
-16.066666666666666
-16.066666666666666
-16.033333333333335
-15.966666666666667
-15.866666666666667
-15.833333333333334
-15.8
-15.766666666666667
-15.7
-15.633333333333333
-15.566666666666666
-15.5
-15.433333333333334
-15.433333333333334
-15.4
-15.4
-15.4
-15.366666666666667
-15.333333333333334
-15.333333333333334
-15.333333333333334
-15.333333333333334
-15.333333333333334
-15.3
-15.3
-15.3
-15.266666666666667
-15.233333333333333
-15.233333333333333
-15.2
-15.2
-15.2
-15.166666666666666
-15.166666666666666
-15.166666666666666
-15.166666666666666
-15.166666666666666
-15.166666666666666
-15.166666666666666
-15.166666666666666
-15.133333333333333
-15.133333333333333
-15.1
-15.1
-15.1
-15.1
-15.066666666666666
-15.066666666666666
-15.033333333333333
-15.033333333333333
-15.033333333333333
-15.033333333333333
-15.033333333333333
-15.033333333333333
-15.033333333333333
-15.033333333333333
-15.0
-15.0
-15.0
-15.0
-15.0
-15.0
-15.0
-15.0
-15.0
-15.0
-15.0
-15.033333333333333
-15.0
-15.0
-15.0
-15.0
-15.0
-15.0
-15.0
-15.0
-14.966666666666667
-15.0
-14.966666666666667
-14.966666666666667
-14.966666666666667
-14.966666666666667
-14.966666666666667
-14.966666666666667
-14.966666666666667
-14.966666666666667
-14.966666666666667
-14.933333333333334
-14.9
-14.9
-14.9
-14.9
-14.9
-14.9
-14.9
-14.9
-14.9
-14.9
-14.9
-14.9
-14.9
-14.866666666666667
-14.866666666666667
-14.833333333333334
-14.833333333333334
-14.833333333333334
-14.833333333333334
-14.866666666666667
-14.833333333333334
-14.866666666666667
-14.833333333333334
-14.8
-14.8
-14.8
-14.8
-14.8
-14.766666666666667
-14.766666666666667
-14.733333333333333
-14.733333333333333
-14.733333333333333
-14.766666666666667
-14.733333333333333
-14.766666666666667
-14.766666666666667
-14.733333333333333
-14.766666666666667
-14.733333333333333
-14.733333333333333
-14.733333333333333
-14.733333333333333
-14.766666666666667
-14.766666666666667
-14.733333333333333
-14.733333333333333
-14.733333333333333
-14.733333333333333
-14.733333333333333
-14.766666666666667
-14.733333333333333
-14.766666666666667
-14.733333333333333
-14.733333333333333
-14.733333333333333
-14.733333333333333
-14.733333333333333
-14.733333333333333
-14.733333333333333
-14.733333333333333
-14.733333333333333
-14.733333333333333
-14.733333333333333
-14.733333333333333
-14.733333333333333
-14.733333333333333
-14.733333333333333
-14.7
-14.7
-14.7
-14.7
-14.7
-14.666666666666666
-14.7
-14.666666666666666
-14.633333333333333
-14.633333333333333
-14.6
-14.6
-14.6
-14.6
-14.6
-14.6
-14.6
-14.6
-14.6
-14.6
-14.6
-14.6
-14.633333333333333
