-98.86666666666666
-103.63333333333334
-109.3
-115.06666666666666
-123.3
-132.83333333333334
-144.76666666666668
-155.36666666666667
-166.06666666666666
-172.33333333333334
-178.23333333333332
-181.53333333333333
-183.63333333333333
-184.3
-184.1
-184.16666666666666
-184.66666666666666
-186.03333333333333
-186.33333333333334
-187.03333333333333
-188.43333333333334
-188.1
-188.23333333333332
-188.7
-189.53333333333333
-189.73333333333332
-190.03333333333333
-189.96666666666667
-190.26666666666668
-190.0
-189.5
-189.13333333333333
-189.43333333333334
-189.33333333333334
-189.36666666666667
-189.0
-188.43333333333334
-188.13333333333333
-187.63333333333333
-187.26666666666668
-186.96666666666667
-187.13333333333333
-186.4
-185.43333333333334
-184.76666666666668
-184.13333333333333
-183.6
-183.3
-182.56666666666666
-181.6
-180.96666666666667
-180.13333333333333
-179.43333333333334
-178.53333333333333
-177.63333333333333
-176.83333333333334
-175.96666666666667
-175.03333333333333
-174.1
-173.3
-172.16666666666666
-171.43333333333334
-171.43333333333334
-170.7
-170.26666666666668
-169.86666666666667
-169.8
-169.46666666666667
-169.36666666666667
-169.0
-168.26666666666668
-167.73333333333332
-167.1
-166.33333333333334
-165.8
-165.1
-164.46666666666667
-163.96666666666667
-163.16666666666666
-162.5
-161.76666666666668
-161.1
-160.53333333333333
-159.7
-159.23333333333332
-158.76666666666668
-158.23333333333332
-157.9
-157.5
-157.03333333333333
-156.6
-156.56666666666666
-156.33333333333334
-155.76666666666668
-155.56666666666666
-155.1
-155.1
-154.63333333333333
-154.73333333333332
-155.03333333333333
-154.76666666666668
-154.73333333333332
-154.33333333333334
-154.3
-154.03333333333333
-153.76666666666668
-153.93333333333334
-153.63333333333333
-153.23333333333332
-153.0
-152.86666666666667
-152.7
-152.46666666666667
-152.06666666666666
-151.6
-151.36666666666667
-151.4
-150.86666666666667
-150.93333333333334
-150.86666666666667
-150.8
-150.63333333333333
-150.3
-150.5
-150.23333333333332
-149.9
-149.63333333333333
-149.26666666666668
-148.93333333333334
-148.76666666666668
-148.8
-148.46666666666667
-148.16666666666666
-148.3
-148.3
-147.83333333333334
-147.56666666666666
-147.5
-147.26666666666668
-147.06666666666666
-146.8
-146.63333333333333
-146.36666666666667
-146.23333333333332
-146.06666666666666
-145.86666666666667
-145.56666666666666
-145.16666666666666
-145.2
-144.83333333333334
-144.73333333333332
-144.4
-144.2
-143.96666666666667
-143.7
-143.7
-143.36666666666667
-143.2
-142.86666666666667
-142.8
-142.53333333333333
-142.5
-142.36666666666667
-142.23333333333332
-142.33333333333334
-142.36666666666667
-142.2
-142.1
-142.1
-142.03333333333333
-141.8
-141.66666666666666
-141.7
-141.6
-141.6
-141.6
-141.86666666666667
-142.26666666666668
-142.4
-142.26666666666668
-142.66666666666666
-142.46666666666667
-142.9
-142.8
-142.6
-142.73333333333332
-142.8
-142.46666666666667
-142.16666666666666
-141.93333333333334
-141.76666666666668
-141.5
-141.33333333333334
-141.06666666666666
-140.96666666666667
-140.76666666666668
-140.66666666666666
-140.46666666666667
-140.2
