-77.56666666666666
-69.43333333333334
-69.43333333333334
-68.03333333333333
-68.03333333333333
-67.16666666666667
-67.0
-66.5
-66.13333333333334
-65.9
-65.56666666666666
-65.26666666666667
-65.06666666666666
-64.76666666666667
-64.56666666666666
-64.3
-64.1
-63.93333333333333
-63.733333333333334
-63.6
-63.4
-63.36666666666667
-63.166666666666664
-63.03333333333333
-62.93333333333333
-62.63333333333333
-62.6
-62.56666666666667
-62.46666666666667
-62.4
-62.36666666666667
-62.233333333333334
-62.2
-62.13333333333333
-62.03333333333333
-62.0
-61.96666666666667
-61.9
-61.833333333333336
-61.666666666666664
-61.56666666666667
-61.5
-61.46666666666667
-61.36666666666667
-61.333333333333336
-61.3
-61.3
-61.233333333333334
-61.233333333333334
-61.233333333333334
-61.2
-61.166666666666664
-61.166666666666664
-61.13333333333333
-61.13333333333333
-61.03333333333333
-61.0
-61.0
-60.96666666666667
-60.96666666666667
-60.93333333333333
-60.9
-60.833333333333336
-60.833333333333336
-60.833333333333336
-60.833333333333336
-60.833333333333336
-60.833333333333336
-60.8
-60.8
-60.8
-60.8
-60.766666666666666
-60.733333333333334
-60.7
-60.7
-60.7
-60.7
-60.666666666666664
-60.666666666666664
-60.666666666666664
-60.666666666666664
-60.63333333333333
-60.6
-60.6
-60.6
-60.6
-60.6
-60.6
-60.6
-60.6
-60.6
-60.56666666666667
-60.56666666666667
-60.5
-60.5
-60.5
-60.5
-60.5
-60.5
-60.46666666666667
-60.43333333333333
-60.43333333333333
-60.4
-60.36666666666667
-60.3
-60.3
-60.233333333333334
-60.2
-60.166666666666664
-60.166666666666664
-60.166666666666664
-60.13333333333333
-60.13333333333333
-60.13333333333333
-60.1
-60.03333333333333
-60.0
-60.0
-60.0
-60.0
-59.96666666666667
-59.96666666666667
-59.96666666666667
-59.96666666666667
-59.93333333333333
-59.93333333333333
-59.93333333333333
-59.93333333333333
-59.93333333333333
-59.93333333333333
-59.93333333333333
-59.93333333333333
-59.93333333333333
-59.93333333333333
-59.93333333333333
-59.93333333333333
-59.93333333333333
-59.93333333333333
-59.93333333333333
-59.93333333333333
-59.93333333333333
-59.93333333333333
-59.93333333333333
-59.93333333333333
-59.93333333333333
-59.93333333333333
-59.93333333333333
-59.93333333333333
-59.93333333333333
-59.93333333333333
-59.93333333333333
-59.93333333333333
-59.93333333333333
-59.93333333333333
-59.93333333333333
-59.93333333333333
-59.93333333333333
-59.93333333333333
-59.93333333333333
-59.93333333333333
-59.93333333333333
-59.93333333333333
-59.93333333333333
-59.93333333333333
-59.93333333333333
-59.93333333333333
-59.93333333333333
-59.93333333333333
-59.93333333333333
-59.93333333333333
-59.93333333333333
-59.93333333333333
-59.93333333333333
-59.93333333333333
-59.93333333333333
-59.93333333333333
-59.93333333333333
-59.93333333333333
-59.93333333333333
-59.93333333333333
-59.93333333333333
-59.93333333333333
-59.93333333333333
-59.93333333333333
-59.93333333333333
-59.93333333333333
-59.93333333333333
-59.93333333333333
-59.93333333333333
-59.93333333333333
-59.93333333333333
-60.06896551724138
-60.375
-61.23076923076923
-65.0
