-77.66666666666667
-70.53333333333333
-70.53333333333333
-68.0
-68.0
-65.93333333333334
-65.93333333333334
-63.96666666666667
-63.96666666666667
-62.233333333333334
-62.2
-61.0
-60.93333333333333
-60.166666666666664
-59.9
-59.6
-59.3
-59.13333333333333
-58.86666666666667
-58.63333333333333
-58.36666666666667
-58.13333333333333
-57.9
-57.8
-57.53333333333333
-57.3
-57.166666666666664
-57.03333333333333
-56.96666666666667
-56.733333333333334
-56.56666666666667
-56.43333333333333
-56.266666666666666
-56.06666666666667
-55.96666666666667
-55.7
-55.6
-55.5
-55.333333333333336
-55.2
-55.03333333333333
-54.86666666666667
-54.8
-54.63333333333333
-54.56666666666667
-54.36666666666667
-54.2
-54.06666666666667
-54.0
-53.96666666666667
-53.86666666666667
-53.766666666666666
-53.56666666666667
-53.5
-53.333333333333336
-53.333333333333336
-53.266666666666666
-53.166666666666664
-53.06666666666667
-52.96666666666667
-52.8
-52.666666666666664
-52.666666666666664
-52.56666666666667
-52.56666666666667
-52.46666666666667
-52.266666666666666
-52.266666666666666
-52.233333333333334
-52.2
-52.06666666666667
-52.0
-51.9
-51.766666666666666
-51.766666666666666
-51.7
-51.666666666666664
-51.56666666666667
-51.53333333333333
-51.5
-51.4
-51.36666666666667
-51.3
-51.266666666666666
-51.166666666666664
-51.06666666666667
-51.0
-50.93333333333333
-50.86666666666667
-50.86666666666667
-50.833333333333336
-50.766666666666666
-50.666666666666664
-50.63333333333333
-50.63333333333333
-50.6
-50.56666666666667
-50.56666666666667
-50.53333333333333
-50.5
-50.333333333333336
-50.233333333333334
-50.2
-50.13333333333333
-50.06666666666667
-50.06666666666667
-50.0
-50.0
-49.93333333333333
-49.93333333333333
-49.86666666666667
-49.833333333333336
-49.766666666666666
-49.7
-49.7
-49.666666666666664
-49.666666666666664
-49.666666666666664
-49.6
-49.53333333333333
-49.5
-49.46666666666667
-49.36666666666667
-49.36666666666667
-49.36666666666667
-49.3
-49.3
-49.233333333333334
-49.233333333333334
-49.233333333333334
-49.2
-49.2
-49.13333333333333
-49.1
-49.06666666666667
-49.03333333333333
-49.0
-48.96666666666667
-48.93333333333333
-48.9
-48.9
-48.9
-48.86666666666667
-48.833333333333336
-48.666666666666664
-48.63333333333333
-48.63333333333333
-48.56666666666667
-48.53333333333333
-48.53333333333333
-48.56666666666667
-48.46666666666667
-48.43333333333333
-48.4
-48.4
-48.4
-48.4
-48.36666666666667
-48.36666666666667
-48.333333333333336
-48.333333333333336
-48.3
-48.266666666666666
-48.266666666666666
-48.233333333333334
-48.233333333333334
-48.233333333333334
-48.233333333333334
-48.233333333333334
-48.166666666666664
-48.166666666666664
-48.166666666666664
-48.166666666666664
-48.166666666666664
-48.2
-48.13333333333333
-48.13333333333333
-48.166666666666664
-48.13333333333333
-48.13333333333333
-48.13333333333333
-48.1
-48.206896551724135
-48.206896551724135
-48.206896551724135
-48.32
-49.11764705882353
-50.44444444444444
-51.6
-52.666666666666664
-54.0
-54.0
-54.0
