-77.63333333333334
-76.9
-76.4
-75.93333333333334
-75.36666666666666
-74.96666666666667
-74.56666666666666
-74.16666666666667
-73.76666666666667
-73.53333333333333
-73.3
-73.06666666666666
-72.53333333333333
-72.26666666666667
-72.03333333333333
-71.8
-71.5
-71.26666666666667
-71.1
-70.73333333333333
-70.63333333333334
-70.36666666666666
-70.16666666666667
-69.96666666666667
-69.63333333333334
-69.46666666666667
-69.26666666666667
-69.16666666666667
-68.93333333333334
-68.86666666666666
-68.7
-68.63333333333334
-68.46666666666667
-68.33333333333333
-68.03333333333333
-67.86666666666666
-67.7
-67.5
-67.46666666666667
-67.4
-67.36666666666666
-67.3
-67.23333333333333
-67.0
-66.93333333333334
-66.86666666666666
-66.7
-66.53333333333333
-66.4
-66.36666666666666
-66.3
-66.13333333333334
-66.03333333333333
-65.83333333333333
-65.63333333333334
-65.63333333333334
-65.5
-65.36666666666666
-65.26666666666667
-65.26666666666667
-65.23333333333333
-65.13333333333334
-65.13333333333334
-64.86666666666666
-64.73333333333333
-64.6
-64.6
-64.4
-64.3
-64.26666666666667
-64.23333333333333
-64.0
-63.93333333333333
-63.86666666666667
-63.833333333333336
-63.733333333333334
-63.666666666666664
-63.63333333333333
-63.5
-63.46666666666667
-63.36666666666667
-63.3
-63.06666666666667
-63.03333333333333
-62.96666666666667
-62.9
-62.833333333333336
-62.8
-62.8
-62.666666666666664
-62.53333333333333
-62.5
-62.43333333333333
-62.36666666666667
-62.36666666666667
-62.333333333333336
-62.333333333333336
-62.233333333333334
-62.233333333333334
-62.13333333333333
-62.1
-62.1
-62.1
-62.06666666666667
-62.03333333333333
-61.96666666666667
-61.93333333333333
-61.833333333333336
-61.8
-61.8
-61.766666666666666
-61.733333333333334
-61.63333333333333
-61.63333333333333
-61.6
-61.56666666666667
-61.53333333333333
-61.5
-61.4
-61.36666666666667
-61.3
-61.3
-61.266666666666666
-61.266666666666666
-61.2
-61.2
-61.13333333333333
-61.13333333333333
-61.13333333333333
-61.06666666666667
-61.0
-61.0
-61.0
-61.0
-60.96666666666667
-60.96666666666667
-60.9
-60.86666666666667
-60.833333333333336
-60.8
-60.8
-60.8
-60.733333333333334
-60.733333333333334
-60.7
-60.7
-60.7
-60.666666666666664
-60.666666666666664
-60.666666666666664
-60.666666666666664
-60.666666666666664
-60.666666666666664
-60.666666666666664
-60.666666666666664
-60.666666666666664
-60.63333333333333
-60.63333333333333
-60.63333333333333
-60.63333333333333
-60.6
-60.6
-60.56666666666667
-60.53333333333333
-60.5
-60.46666666666667
-60.46666666666667
-60.46666666666667
-60.46666666666667
-60.43333333333333
-60.43333333333333
-60.4
-60.36666666666667
-60.333333333333336
-60.333333333333336
-60.3
-60.3
-60.3
-60.266666666666666
-60.266666666666666
-60.266666666666666
-60.266666666666666
-60.266666666666666
-60.233333333333334
-60.2
-60.2
-60.166666666666664
-60.13333333333333
-60.13333333333333
-60.13333333333333
-60.13333333333333
-60.13333333333333
-60.13333333333333
-60.13333333333333
-60.13333333333333
-60.13333333333333
-60.13333333333333
-60.13333333333333
-60.1
