-77.66666666666667
-76.93333333333334
-76.3
-75.76666666666667
-75.33333333333333
-74.66666666666667
-73.96666666666667
-73.26666666666667
-72.36666666666666
-71.63333333333334
-70.83333333333333
-70.03333333333333
-69.3
-68.56666666666666
-67.9
-67.23333333333333
-66.63333333333334
-66.16666666666667
-65.46666666666667
-64.93333333333334
-64.43333333333334
-64.03333333333333
-63.46666666666667
-63.233333333333334
-62.7
-62.333333333333336
-62.06666666666667
-61.8
-61.4
-61.13333333333333
-60.9
-60.766666666666666
-60.53333333333333
-60.333333333333336
-60.2
-60.03333333333333
-59.8
-59.733333333333334
-59.666666666666664
-59.53333333333333
-59.4
-59.333333333333336
-59.166666666666664
-58.96666666666667
-58.9
-58.833333333333336
-58.7
-58.6
-58.46666666666667
-58.3
-58.233333333333334
-58.06666666666667
-57.9
-57.833333333333336
-57.8
-57.666666666666664
-57.53333333333333
-57.5
-57.4
-57.333333333333336
-57.266666666666666
-57.233333333333334
-57.13333333333333
-57.13333333333333
-57.1
-57.03333333333333
-56.96666666666667
-56.833333333333336
-56.766666666666666
-56.733333333333334
-56.63333333333333
-56.53333333333333
-56.43333333333333
-56.36666666666667
-56.36666666666667
-56.36666666666667
-56.266666666666666
-56.266666666666666
-56.233333333333334
-56.13333333333333
-56.06666666666667
-56.0
-56.0
-55.96666666666667
-55.96666666666667
-55.96666666666667
-55.93333333333333
-55.766666666666666
-55.6
-55.53333333333333
-55.43333333333333
-55.4
-55.333333333333336
-55.3
-55.266666666666666
-55.13333333333333
-55.06666666666667
-55.0
-54.96666666666667
-54.86666666666667
-54.766666666666666
-54.766666666666666
-54.766666666666666
-54.7
-54.666666666666664
-54.6
-54.53333333333333
-54.53333333333333
-54.53333333333333
-54.43333333333333
-54.3
-54.266666666666666
-54.233333333333334
-54.2
-54.166666666666664
-54.13333333333333
-54.13333333333333
-54.06666666666667
-54.03333333333333
-54.0
-53.93333333333333
-53.93333333333333
-53.9
-53.833333333333336
-53.733333333333334
-53.7
-53.666666666666664
-53.63333333333333
-53.63333333333333
-53.63333333333333
-53.53333333333333
-53.5
-53.46666666666667
-53.43333333333333
-53.36666666666667
-53.36666666666667
-53.3
-53.3
-53.266666666666666
-53.266666666666666
-53.2
-53.2
-53.166666666666664
-53.13333333333333
-53.13333333333333
-53.1
-53.06666666666667
-53.06666666666667
-53.06666666666667
-53.0
-52.96666666666667
-52.9
-52.86666666666667
-52.833333333333336
-52.8
-52.766666666666666
-52.766666666666666
-52.733333333333334
-52.7
-52.7
-52.6
-52.6
-52.56666666666667
-52.46666666666667
-52.4
-52.4
-52.4
-52.333333333333336
-52.3
-52.3
-52.3
-52.266666666666666
-52.266666666666666
-52.266666666666666
-52.2
-52.2
-52.166666666666664
-52.13333333333333
-52.13333333333333
-52.06666666666667
-52.06666666666667
-52.03333333333333
-52.0
-51.96666666666667
-51.93333333333333
-51.93333333333333
-51.9
-51.9
-51.86666666666667
-51.833333333333336
-51.833333333333336
-51.733333333333334
-51.733333333333334
-51.733333333333334
-51.7
-51.666666666666664
-51.666666666666664
-51.63333333333333
-51.6
