-77.7
-76.9
-76.43333333333334
-75.86666666666666
-75.36666666666666
-74.83333333333333
-74.46666666666667
-74.2
-73.7
-73.36666666666666
-72.96666666666667
-72.66666666666667
-72.56666666666666
-72.3
-71.93333333333334
-71.66666666666667
-71.36666666666666
-71.06666666666666
-70.83333333333333
-70.6
-70.43333333333334
-70.1
-69.96666666666667
-69.9
-69.8
-69.5
-69.2
-68.93333333333334
-68.8
-68.6
-68.46666666666667
-68.2
-68.03333333333333
-67.93333333333334
-67.8
-67.6
-67.53333333333333
-67.33333333333333
-67.2
-67.16666666666667
-67.03333333333333
-67.0
-66.96666666666667
-66.86666666666666
-66.7
-66.6
-66.46666666666667
-66.36666666666666
-66.33333333333333
-66.23333333333333
-66.0
-65.93333333333334
-65.8
-65.7
-65.63333333333334
-65.6
-65.56666666666666
-65.5
-65.36666666666666
-65.23333333333333
-65.13333333333334
-64.93333333333334
-64.8
-64.73333333333333
-64.63333333333334
-64.56666666666666
-64.53333333333333
-64.43333333333334
-64.36666666666666
-64.33333333333333
-64.16666666666667
-64.06666666666666
-64.0
-63.9
-63.766666666666666
-63.666666666666664
-63.666666666666664
-63.56666666666667
-63.4
-63.36666666666667
-63.233333333333334
-63.166666666666664
-63.06666666666667
-62.96666666666667
-62.9
-62.9
-62.833333333333336
-62.766666666666666
-62.63333333333333
-62.63333333333333
-62.56666666666667
-62.56666666666667
-62.43333333333333
-62.43333333333333
-62.36666666666667
-62.333333333333336
-62.266666666666666
-62.13333333333333
-62.1
-62.06666666666667
-62.0
-61.833333333333336
-61.766666666666666
-61.7
-61.6
-61.56666666666667
-61.53333333333333
-61.5
-61.5
-61.5
-61.46666666666667
-61.43333333333333
-61.4
-61.36666666666667
-61.333333333333336
-61.266666666666666
-61.266666666666666
-61.233333333333334
-61.13333333333333
-61.06666666666667
-61.0
-61.0
-61.0
-61.0
-61.0
-61.0
-61.0
-60.9
-60.86666666666667
-60.833333333333336
-60.8
-60.8
-60.766666666666666
-60.766666666666666
-60.733333333333334
-60.733333333333334
-60.666666666666664
-60.6
-60.6
-60.6
-60.56666666666667
-60.5
-60.5
-60.5
-60.5
-60.5
-60.5
-60.43333333333333
-60.43333333333333
-60.43333333333333
-60.4
-60.36666666666667
-60.36666666666667
-60.36666666666667
-60.36666666666667
-60.36666666666667
-60.36666666666667
-60.36666666666667
-60.36666666666667
-60.333333333333336
-60.333333333333336
-60.333333333333336
-60.333333333333336
-60.333333333333336
-60.333333333333336
-60.333333333333336
-60.333333333333336
-60.3
-60.3
-60.266666666666666
-60.2
-60.13333333333333
-60.13333333333333
-60.1
-60.1
-60.1
-60.06666666666667
-60.06666666666667
-60.06666666666667
-60.06666666666667
-60.06666666666667
-60.03333333333333
-60.03333333333333
-60.03333333333333
-60.0
-59.93333333333333
-59.93333333333333
-59.93333333333333
-59.93333333333333
-59.93333333333333
-59.93333333333333
-59.9
-59.9
-59.9
-59.86666666666667
-59.86666666666667
-59.86666666666667
-59.86666666666667
-59.86666666666667
