-77.73333333333333
-76.96666666666667
-76.4
-75.56666666666666
-75.03333333333333
-74.4
-73.7
-72.93333333333334
-72.3
-71.56666666666666
-70.63333333333334
-69.9
-69.1
-68.46666666666667
-67.7
-66.96666666666667
-66.23333333333333
-65.56666666666666
-64.96666666666667
-64.53333333333333
-63.93333333333333
-63.43333333333333
-62.9
-62.46666666666667
-62.13333333333333
-61.766666666666666
-61.43333333333333
-61.166666666666664
-60.833333333333336
-60.63333333333333
-60.4
-60.2
-60.0
-59.86666666666667
-59.733333333333334
-59.63333333333333
-59.5
-59.333333333333336
-59.06666666666667
-59.03333333333333
-58.86666666666667
-58.733333333333334
-58.7
-58.7
-58.63333333333333
-58.56666666666667
-58.46666666666667
-58.36666666666667
-58.266666666666666
-58.03333333333333
-58.0
-57.93333333333333
-57.86666666666667
-57.733333333333334
-57.63333333333333
-57.63333333333333
-57.56666666666667
-57.46666666666667
-57.43333333333333
-57.233333333333334
-57.166666666666664
-57.166666666666664
-57.03333333333333
-56.9
-56.833333333333336
-56.833333333333336
-56.766666666666666
-56.666666666666664
-56.63333333333333
-56.53333333333333
-56.46666666666667
-56.3
-56.2
-56.166666666666664
-56.1
-56.06666666666667
-56.03333333333333
-55.833333333333336
-55.766666666666666
-55.733333333333334
-55.56666666666667
-55.56666666666667
-55.5
-55.4
-55.333333333333336
-55.333333333333336
-55.3
-55.266666666666666
-55.13333333333333
-55.1
-55.06666666666667
-55.03333333333333
-54.96666666666667
-54.93333333333333
-54.86666666666667
-54.833333333333336
-54.766666666666666
-54.733333333333334
-54.666666666666664
-54.666666666666664
-54.6
-54.46666666666667
-54.43333333333333
-54.4
-54.333333333333336
-54.333333333333336
-54.266666666666666
-54.2
-54.166666666666664
-54.06666666666667
-54.0
-54.0
-53.96666666666667
-53.86666666666667
-53.86666666666667
-53.8
-53.733333333333334
-53.7
-53.7
-53.6
-53.53333333333333
-53.53333333333333
-53.46666666666667
-53.43333333333333
-53.4
-53.36666666666667
-53.36666666666667
-53.36666666666667
-53.266666666666666
-53.266666666666666
-53.233333333333334
-53.2
-53.166666666666664
-53.166666666666664
-53.166666666666664
-53.1
-53.1
-53.0
-52.96666666666667
-52.93333333333333
-52.93333333333333
-52.9
-52.86666666666667
-52.86666666666667
-52.833333333333336
-52.766666666666666
-52.766666666666666
-52.766666666666666
-52.733333333333334
-52.7
-52.666666666666664
-52.6
-52.6
-52.56666666666667
-52.56666666666667
-52.5
-52.46666666666667
-52.43333333333333
-52.43333333333333
-52.4
-52.36666666666667
-52.36666666666667
-52.36666666666667
-52.36666666666667
-52.3
-52.3
-52.233333333333334
-52.233333333333334
-52.13333333333333
-52.13333333333333
-52.13333333333333
-52.13333333333333
-52.06666666666667
-52.06666666666667
-52.06666666666667
-52.06666666666667
-52.0
-52.0
-52.0
-52.0
-52.0
-51.96666666666667
-51.93333333333333
-51.9
-51.9
-51.833333333333336
-51.8
-51.8
-51.8
-51.8
-51.766666666666666
-51.766666666666666
-51.733333333333334
-51.733333333333334
-51.7
-51.7
-51.666666666666664
-51.666666666666664
-51.63333333333333
