-77.76666666666667
-77.03333333333333
-76.5
-75.9
-75.33333333333333
-74.9
-74.5
-74.26666666666667
-73.86666666666666
-73.5
-73.13333333333334
-72.8
-72.5
-72.23333333333333
-72.06666666666666
-71.86666666666666
-71.53333333333333
-71.36666666666666
-71.1
-70.8
-70.53333333333333
-70.4
-70.16666666666667
-70.03333333333333
-69.96666666666667
-69.7
-69.43333333333334
-69.33333333333333
-69.23333333333333
-69.03333333333333
-68.73333333333333
-68.63333333333334
-68.5
-68.36666666666666
-68.3
-68.06666666666666
-68.03333333333333
-68.0
-67.9
-67.76666666666667
-67.7
-67.6
-67.46666666666667
-67.3
-67.2
-67.13333333333334
-67.06666666666666
-66.9
-66.83333333333333
-66.66666666666667
-66.56666666666666
-66.53333333333333
-66.46666666666667
-66.4
-66.33333333333333
-66.26666666666667
-66.16666666666667
-66.06666666666666
-65.9
-65.9
-65.76666666666667
-65.63333333333334
-65.53333333333333
-65.36666666666666
-65.3
-65.23333333333333
-65.2
-65.13333333333334
-65.13333333333334
-65.03333333333333
-64.83333333333333
-64.8
-64.66666666666667
-64.6
-64.46666666666667
-64.36666666666666
-64.26666666666667
-64.23333333333333
-64.23333333333333
-64.16666666666667
-64.13333333333334
-64.06666666666666
-64.03333333333333
-63.9
-63.833333333333336
-63.766666666666666
-63.7
-63.6
-63.53333333333333
-63.5
-63.43333333333333
-63.36666666666667
-63.166666666666664
-63.1
-63.03333333333333
-63.0
-62.96666666666667
-62.9
-62.86666666666667
-62.86666666666667
-62.86666666666667
-62.8
-62.666666666666664
-62.56666666666667
-62.56666666666667
-62.53333333333333
-62.46666666666667
-62.333333333333336
-62.333333333333336
-62.266666666666666
-62.2
-62.13333333333333
-62.13333333333333
-62.03333333333333
-62.0
-62.0
-62.0
-61.93333333333333
-61.9
-61.833333333333336
-61.766666666666666
-61.666666666666664
-61.63333333333333
-61.53333333333333
-61.53333333333333
-61.5
-61.5
-61.4
-61.4
-61.4
-61.333333333333336
-61.3
-61.3
-61.3
-61.266666666666666
-61.266666666666666
-61.266666666666666
-61.266666666666666
-61.233333333333334
-61.233333333333334
-61.2
-61.06666666666667
-61.03333333333333
-61.03333333333333
-60.96666666666667
-60.96666666666667
-60.93333333333333
-60.9
-60.833333333333336
-60.8
-60.8
-60.8
-60.766666666666666
-60.733333333333334
-60.733333333333334
-60.733333333333334
-60.733333333333334
-60.733333333333334
-60.733333333333334
-60.733333333333334
-60.733333333333334
-60.733333333333334
-60.733333333333334
-60.7
-60.7
-60.666666666666664
-60.63333333333333
-60.6
-60.6
-60.6
-60.6
-60.56666666666667
-60.53333333333333
-60.53333333333333
-60.46666666666667
-60.43333333333333
-60.4
-60.4
-60.4
-60.4
-60.4
-60.4
-60.4
-60.36666666666667
-60.36666666666667
-60.36666666666667
-60.333333333333336
-60.3
-60.3
-60.3
-60.3
-60.266666666666666
-60.233333333333334
-60.2
-60.2
-60.2
-60.2
-60.2
-60.2
