-77.76666666666667
-77.03333333333333
-76.46666666666667
-76.13333333333334
-75.56666666666666
-75.16666666666667
-74.6
-74.26666666666667
-73.7
-73.2
-72.53333333333333
-72.06666666666666
-71.53333333333333
-71.06666666666666
-70.46666666666667
-70.03333333333333
-69.66666666666667
-69.33333333333333
-68.86666666666666
-68.43333333333334
-68.13333333333334
-67.7
-67.33333333333333
-66.83333333333333
-66.56666666666666
-65.96666666666667
-65.53333333333333
-65.33333333333333
-64.83333333333333
-64.56666666666666
-64.0
-63.766666666666666
-63.4
-63.0
-62.766666666666666
-62.36666666666667
-62.13333333333333
-61.766666666666666
-61.6
-61.333333333333336
-61.13333333333333
-60.96666666666667
-60.63333333333333
-60.36666666666667
-60.2
-60.1
-60.0
-59.9
-59.7
-59.53333333333333
-59.3
-59.2
-59.06666666666667
-58.96666666666667
-58.9
-58.766666666666666
-58.733333333333334
-58.5
-58.36666666666667
-58.3
-58.2
-58.1
-58.06666666666667
-57.96666666666667
-57.86666666666667
-57.766666666666666
-57.7
-57.63333333333333
-57.56666666666667
-57.4
-57.266666666666666
-57.166666666666664
-57.166666666666664
-57.1
-57.1
-56.96666666666667
-56.766666666666666
-56.63333333333333
-56.6
-56.6
-56.53333333333333
-56.4
-56.333333333333336
-56.333333333333336
-56.3
-56.13333333333333
-56.1
-56.0
-55.96666666666667
-55.93333333333333
-55.86666666666667
-55.8
-55.8
-55.733333333333334
-55.7
-55.666666666666664
-55.53333333333333
-55.46666666666667
-55.3
-55.266666666666666
-55.266666666666666
-55.233333333333334
-55.2
-55.166666666666664
-55.1
-55.0
-54.96666666666667
-54.96666666666667
-54.93333333333333
-54.9
-54.8
-54.766666666666666
-54.666666666666664
-54.56666666666667
-54.5
-54.46666666666667
-54.46666666666667
-54.4
-54.4
-54.266666666666666
-54.233333333333334
-54.2
-54.166666666666664
-54.166666666666664
-54.13333333333333
-54.13333333333333
-54.1
-53.96666666666667
-53.93333333333333
-53.86666666666667
-53.833333333333336
-53.8
-53.766666666666666
-53.7
-53.7
-53.666666666666664
-53.6
-53.53333333333333
-53.5
-53.5
-53.46666666666667
-53.36666666666667
-53.266666666666666
-53.233333333333334
-53.13333333333333
-53.13333333333333
-53.1
-53.06666666666667
-53.03333333333333
-53.03333333333333
-53.03333333333333
-53.03333333333333
-53.0
-52.96666666666667
-52.96666666666667
-52.9
-52.86666666666667
-52.833333333333336
-52.766666666666666
-52.7
-52.666666666666664
-52.6
-52.53333333333333
-52.46666666666667
-52.46666666666667
-52.43333333333333
-52.43333333333333
-52.43333333333333
-52.4
-52.36666666666667
-52.36666666666667
-52.36666666666667
-52.333333333333336
-52.3
-52.266666666666666
-52.233333333333334
-52.233333333333334
-52.233333333333334
-52.233333333333334
-52.2
-52.2
-52.166666666666664
-52.13333333333333
-52.1
-52.1
-52.06666666666667
-52.06666666666667
-52.03333333333333
-52.0
-51.93333333333333
-51.9
-51.9
-51.93333333333333
-51.9
-51.9
-51.86666666666667
-51.86666666666667
-51.833333333333336
-51.833333333333336
