-77.76666666666667
-77.03333333333333
-76.73333333333333
-76.5
-76.13333333333334
-75.9
-75.56666666666666
-75.3
-75.03333333333333
-74.76666666666667
-74.43333333333334
-74.23333333333333
-73.96666666666667
-73.63333333333334
-73.43333333333334
-73.1
-72.93333333333334
-72.63333333333334
-72.23333333333333
-72.1
-71.9
-71.8
-71.6
-71.4
-71.2
-70.93333333333334
-70.9
-70.66666666666667
-70.46666666666667
-70.33333333333333
-70.23333333333333
-70.03333333333333
-69.73333333333333
-69.66666666666667
-69.5
-69.3
-69.2
-69.06666666666666
-68.9
-68.8
-68.7
-68.5
-68.33333333333333
-68.2
-68.16666666666667
-68.06666666666666
-67.93333333333334
-67.86666666666666
-67.73333333333333
-67.63333333333334
-67.56666666666666
-67.5
-67.36666666666666
-67.23333333333333
-67.1
-67.0
-66.9
-66.83333333333333
-66.66666666666667
-66.6
-66.56666666666666
-66.46666666666667
-66.33333333333333
-66.16666666666667
-66.1
-65.96666666666667
-65.93333333333334
-65.76666666666667
-65.7
-65.53333333333333
-65.46666666666667
-65.4
-65.3
-65.16666666666667
-65.1
-65.0
-64.9
-64.83333333333333
-64.8
-64.73333333333333
-64.53333333333333
-64.43333333333334
-64.36666666666666
-64.23333333333333
-64.16666666666667
-64.06666666666666
-64.03333333333333
-64.0
-63.96666666666667
-63.833333333333336
-63.766666666666666
-63.7
-63.5
-63.4
-63.36666666666667
-63.333333333333336
-63.2
-63.166666666666664
-63.06666666666667
-62.96666666666667
-62.96666666666667
-62.93333333333333
-62.833333333333336
-62.766666666666666
-62.733333333333334
-62.6
-62.6
-62.53333333333333
-62.46666666666667
-62.43333333333333
-62.4
-62.3
-62.266666666666666
-62.2
-62.166666666666664
-62.166666666666664
-62.13333333333333
-62.03333333333333
-62.0
-61.9
-61.86666666666667
-61.833333333333336
-61.733333333333334
-61.733333333333334
-61.733333333333334
-61.666666666666664
-61.63333333333333
-61.63333333333333
-61.5
-61.46666666666667
-61.43333333333333
-61.36666666666667
-61.36666666666667
-61.3
-61.3
-61.233333333333334
-61.2
-61.2
-61.2
-61.166666666666664
-61.1
-60.96666666666667
-60.96666666666667
-60.93333333333333
-60.93333333333333
-60.9
-60.9
-60.9
-60.86666666666667
-60.8
-60.8
-60.8
-60.8
-60.766666666666666
-60.766666666666666
-60.733333333333334
-60.7
-60.666666666666664
-60.6
-60.6
-60.6
-60.6
-60.53333333333333
-60.5
-60.5
-60.5
-60.5
-60.5
-60.46666666666667
-60.43333333333333
-60.43333333333333
-60.43333333333333
-60.43333333333333
-60.36666666666667
-60.36666666666667
-60.36666666666667
-60.333333333333336
-60.333333333333336
-60.333333333333336
-60.333333333333336
-60.3
-60.3
-60.3
-60.3
-60.3
-60.3
-60.266666666666666
-60.266666666666666
-60.266666666666666
-60.55555555555556
-61.285714285714285
-63.6
-65.0
