-77.83333333333333
-77.06666666666666
-76.76666666666667
-76.26666666666667
-76.03333333333333
-75.53333333333333
-75.16666666666667
-74.66666666666667
-74.2
-73.73333333333333
-73.3
-72.9
-72.3
-71.93333333333334
-71.53333333333333
-71.06666666666666
-70.63333333333334
-70.06666666666666
-69.66666666666667
-69.33333333333333
-68.73333333333333
-68.36666666666666
-67.86666666666666
-67.46666666666667
-67.03333333333333
-66.66666666666667
-66.23333333333333
-65.96666666666667
-65.43333333333334
-65.1
-64.73333333333333
-64.33333333333333
-64.03333333333333
-63.6
-63.233333333333334
-62.9
-62.6
-62.333333333333336
-62.06666666666667
-61.733333333333334
-61.46666666666667
-61.36666666666667
-61.03333333333333
-60.766666666666666
-60.6
-60.5
-60.333333333333336
-60.13333333333333
-60.0
-59.86666666666667
-59.766666666666666
-59.63333333333333
-59.56666666666667
-59.4
-59.233333333333334
-59.06666666666667
-58.9
-58.833333333333336
-58.766666666666666
-58.63333333333333
-58.46666666666667
-58.4
-58.36666666666667
-58.233333333333334
-58.2
-58.1
-58.03333333333333
-57.96666666666667
-57.93333333333333
-57.833333333333336
-57.766666666666666
-57.63333333333333
-57.6
-57.6
-57.53333333333333
-57.53333333333333
-57.36666666666667
-57.266666666666666
-57.166666666666664
-57.0
-56.9
-56.9
-56.9
-56.9
-56.86666666666667
-56.733333333333334
-56.63333333333333
-56.56666666666667
-56.4
-56.4
-56.4
-56.3
-56.166666666666664
-56.13333333333333
-56.13333333333333
-56.1
-56.0
-55.9
-55.833333333333336
-55.833333333333336
-55.7
-55.7
-55.63333333333333
-55.56666666666667
-55.56666666666667
-55.5
-55.46666666666667
-55.4
-55.333333333333336
-55.3
-55.233333333333334
-55.2
-55.166666666666664
-55.13333333333333
-55.13333333333333
-55.13333333333333
-55.06666666666667
-55.03333333333333
-54.93333333333333
-54.93333333333333
-54.9
-54.86666666666667
-54.8
-54.766666666666666
-54.733333333333334
-54.733333333333334
-54.7
-54.666666666666664
-54.63333333333333
-54.6
-54.6
-54.6
-54.6
-54.46666666666667
-54.36666666666667
-54.36666666666667
-54.36666666666667
-54.36666666666667
-54.3
-54.233333333333334
-54.13333333333333
-54.06666666666667
-54.06666666666667
-54.0
-53.96666666666667
-53.9
-53.86666666666667
-53.8
-53.733333333333334
-53.666666666666664
-53.6
-53.6
-53.56666666666667
-53.53333333333333
-53.5
-53.4
-53.4
-53.333333333333336
-53.233333333333334
-53.13333333333333
-53.13333333333333
-53.13333333333333
-53.03333333333333
-52.96666666666667
-52.96666666666667
-52.96666666666667
-52.8
-52.766666666666666
-52.733333333333334
-52.7
-52.666666666666664
-52.6
-52.53333333333333
-52.5
-52.46666666666667
-52.43333333333333
-52.43333333333333
-52.4
-52.36666666666667
-52.36666666666667
-52.3
-52.2
-52.241379310344826
-52.541666666666664
-52.64705882352941
-53.7
-55.25
-55.5
-57.0
