-93.26666666666667
-78.66666666666667
-75.73333333333333
-74.0
-72.73333333333333
-71.83333333333333
-71.26666666666667
-70.76666666666667
-70.46666666666667
-70.1
-69.86666666666666
-69.53333333333333
-69.36666666666666
-69.23333333333333
-69.03333333333333
-68.86666666666666
-68.66666666666667
-68.66666666666667
-68.4
-68.3
-68.26666666666667
-68.16666666666667
-68.06666666666666
-67.96666666666667
-67.93333333333334
-67.86666666666666
-67.8
-67.8
-67.73333333333333
-67.73333333333333
-67.66666666666667
-67.6
-67.46666666666667
-67.33333333333333
-67.2
-67.1
-67.1
-67.03333333333333
-67.03333333333333
-67.03333333333333
-67.03333333333333
-67.03333333333333
-66.96666666666667
-66.9
-66.83333333333333
-66.8
-66.66666666666667
-66.66666666666667
-66.6
-66.56666666666666
-66.56666666666666
-66.5
-66.5
-66.43333333333334
-66.4
-66.33333333333333
-66.33333333333333
-66.3
-66.3
-66.2
-66.2
-66.13333333333334
-66.1
-66.03333333333333
-66.03333333333333
-65.96666666666667
-65.93333333333334
-65.86666666666666
-65.86666666666666
-65.86666666666666
-65.83333333333333
-65.83333333333333
-65.8
-65.8
-65.8
-65.8
-65.8
-65.8
-65.8
-65.76666666666667
-65.73333333333333
-65.73333333333333
-65.73333333333333
-65.73333333333333
-65.73333333333333
-65.73333333333333
-65.7
-65.7
-65.56666666666666
-65.53333333333333
-65.5
-65.46666666666667
-65.43333333333334
-65.43333333333334
-65.36666666666666
-65.36666666666666
-65.36666666666666
-65.36666666666666
-65.36666666666666
-65.36666666666666
-65.33333333333333
-65.33333333333333
-65.33333333333333
-65.33333333333333
-65.33333333333333
-65.33333333333333
-65.33333333333333
-65.33333333333333
-65.33333333333333
-65.33333333333333
-65.33333333333333
-65.33333333333333
-65.33333333333333
-65.33333333333333
-65.3
-65.3
-65.3
-65.3
-65.3
-65.3
-65.3
-65.3
-65.26666666666667
-65.23333333333333
-65.23333333333333
-65.2
-65.2
-65.2
-65.2
-65.2
-65.2
-65.2
-65.2
-65.2
-65.2
-65.2
-65.2
-65.2
-65.2
-65.2
-65.2
-65.2
-65.2
-65.2
-65.2
-65.2
-65.2
-65.2
-65.2
-65.2
-65.2
-65.2
-65.2
-65.2
-65.2
-65.2
-65.2
-65.2
-65.2
-65.2
-65.2
-65.2
-65.2
-65.2
-65.2
-65.2
-65.2
-65.2
-65.2
-65.2
-65.2
-65.2
-65.2
-65.2
-65.2
-65.2
-65.2
-65.2
-65.2
-65.2
-65.2
-65.2
-65.2
-65.2
-65.2
-65.2
-65.2
-65.2
-65.2
-65.2
-65.2
-65.2
-65.2
-65.2
-65.2
-65.2
-65.2
-65.2
-65.2
