-93.26666666666667
-79.6
-73.1
-70.0
-68.36666666666666
-66.8
-65.4
-64.36666666666666
-63.666666666666664
-63.166666666666664
-62.4
-61.766666666666666
-61.233333333333334
-60.46666666666667
-60.0
-59.46666666666667
-58.96666666666667
-58.6
-58.4
-58.06666666666667
-57.9
-57.63333333333333
-57.36666666666667
-57.03333333333333
-56.9
-56.63333333333333
-56.5
-56.233333333333334
-56.0
-55.833333333333336
-55.6
-55.43333333333333
-55.233333333333334
-55.03333333333333
-54.833333333333336
-54.7
-54.5
-54.4
-54.2
-54.0
-53.93333333333333
-53.733333333333334
-53.63333333333333
-53.4
-53.2
-53.1
-53.0
-52.9
-52.833333333333336
-52.766666666666666
-52.63333333333333
-52.56666666666667
-52.5
-52.43333333333333
-52.36666666666667
-52.36666666666667
-52.266666666666666
-52.2
-52.13333333333333
-52.06666666666667
-52.0
-52.0
-51.833333333333336
-51.733333333333334
-51.733333333333334
-51.666666666666664
-51.666666666666664
-51.6
-51.53333333333333
-51.5
-51.4
-51.36666666666667
-51.266666666666666
-51.233333333333334
-51.2
-51.166666666666664
-51.1
-51.1
-51.06666666666667
-51.03333333333333
-50.96666666666667
-50.96666666666667
-50.9
-50.9
-50.9
-50.8
-50.733333333333334
-50.63333333333333
-50.5
-50.5
-50.46666666666667
-50.4
-50.36666666666667
-50.333333333333336
-50.2
-50.1
-50.1
-50.03333333333333
-50.0
-50.0
-49.96666666666667
-49.93333333333333
-49.9
-49.86666666666667
-49.766666666666666
-49.766666666666666
-49.7
-49.6
-49.56666666666667
-49.56666666666667
-49.5
-49.5
-49.5
-49.5
-49.46666666666667
-49.43333333333333
-49.4
-49.36666666666667
-49.36666666666667
-49.333333333333336
-49.333333333333336
-49.36666666666667
-49.333333333333336
-49.333333333333336
-49.333333333333336
-49.266666666666666
-49.333333333333336
-49.266666666666666
-49.233333333333334
-49.233333333333334
-49.233333333333334
-49.166666666666664
-49.1
-49.06666666666667
-49.0
-49.0
-48.96666666666667
-48.96666666666667
-48.96666666666667
-48.96666666666667
-48.93333333333333
-48.93333333333333
-48.9
-48.86666666666667
-48.833333333333336
-48.8
-48.8
-48.8
-48.833333333333336
-48.833333333333336
-48.8
-48.8
-48.733333333333334
-48.733333333333334
-48.7
-48.7
-48.733333333333334
-48.7
-48.666666666666664
-48.666666666666664
-48.6
-48.63333333333333
-48.56666666666667
-48.56666666666667
-48.56666666666667
-48.53333333333333
-48.5
-48.46666666666667
-48.36666666666667
-48.333333333333336
-48.3
-48.3
-48.3
-48.3
-48.3
-48.3
-48.266666666666666
-48.266666666666666
-48.233333333333334
-48.233333333333334
-48.2
-48.2
-48.166666666666664
-48.2
-48.166666666666664
-48.166666666666664
-48.1
-48.1
-48.1
-48.06666666666667
-48.06666666666667
-48.06666666666667
-48.03333333333333
-48.03333333333333
-48.03333333333333
-48.0
-48.0
-48.03333333333333
-47.96666666666667
