-93.2
-78.7
-75.7
-74.06666666666666
-72.73333333333333
-71.93333333333334
-71.43333333333334
-70.96666666666667
-70.46666666666667
-70.26666666666667
-69.83333333333333
-69.73333333333333
-69.5
-69.36666666666666
-69.23333333333333
-69.03333333333333
-68.9
-68.76666666666667
-68.6
-68.46666666666667
-68.36666666666666
-68.3
-68.2
-68.2
-68.06666666666666
-68.0
-67.9
-67.8
-67.7
-67.7
-67.6
-67.53333333333333
-67.5
-67.46666666666667
-67.36666666666666
-67.3
-67.26666666666667
-67.23333333333333
-67.16666666666667
-67.16666666666667
-67.16666666666667
-67.16666666666667
-67.13333333333334
-67.03333333333333
-66.93333333333334
-66.83333333333333
-66.83333333333333
-66.76666666666667
-66.76666666666667
-66.73333333333333
-66.73333333333333
-66.7
-66.7
-66.7
-66.66666666666667
-66.63333333333334
-66.5
-66.43333333333334
-66.36666666666666
-66.33333333333333
-66.33333333333333
-66.3
-66.3
-66.23333333333333
-66.23333333333333
-66.23333333333333
-66.23333333333333
-66.23333333333333
-66.16666666666667
-66.16666666666667
-66.16666666666667
-66.16666666666667
-66.13333333333334
-66.13333333333334
-66.13333333333334
-66.13333333333334
-66.1
-66.06666666666666
-65.96666666666667
-65.96666666666667
-65.96666666666667
-65.96666666666667
-65.96666666666667
-65.96666666666667
-65.96666666666667
-65.96666666666667
-65.96666666666667
-65.93333333333334
-65.9
-65.86666666666666
-65.86666666666666
-65.86666666666666
-65.86666666666666
-65.86666666666666
-65.83333333333333
-65.83333333333333
-65.8
-65.8
-65.8
-65.76666666666667
-65.73333333333333
-65.73333333333333
-65.73333333333333
-65.73333333333333
-65.73333333333333
-65.73333333333333
-65.73333333333333
-65.73333333333333
-65.73333333333333
-65.66666666666667
-65.63333333333334
-65.6
-65.56666666666666
-65.53333333333333
-65.53333333333333
-65.53333333333333
-65.53333333333333
-65.53333333333333
-65.53333333333333
-65.53333333333333
-65.53333333333333
-65.5
-65.5
-65.46666666666667
-65.46666666666667
-65.46666666666667
-65.46666666666667
-65.46666666666667
-65.46666666666667
-65.46666666666667
-65.46666666666667
-65.46666666666667
-65.46666666666667
-65.46666666666667
-65.46666666666667
-65.46666666666667
-65.46666666666667
-65.46666666666667
-65.46666666666667
-65.46666666666667
-65.46666666666667
-65.46666666666667
-65.46666666666667
-65.46666666666667
-65.46666666666667
-65.46666666666667
-65.46666666666667
-65.46666666666667
-65.46666666666667
-65.46666666666667
-65.46666666666667
-65.46666666666667
-65.46666666666667
-65.46666666666667
-65.46666666666667
-65.46666666666667
-65.46666666666667
-65.46666666666667
-65.46666666666667
-65.46666666666667
-65.46666666666667
-65.46666666666667
-65.46666666666667
-65.46666666666667
-65.46666666666667
-65.46666666666667
-65.46666666666667
-65.46666666666667
-65.46666666666667
-65.46666666666667
-65.46666666666667
-65.46666666666667
-65.46666666666667
-65.46666666666667
-65.46666666666667
-65.46666666666667
-65.46666666666667
-65.46666666666667
-65.46666666666667
-65.46666666666667
-65.46666666666667
-65.46666666666667
-65.46666666666667
-65.46666666666667
-65.46666666666667
-65.46666666666667
-65.46666666666667
-65.46666666666667
-65.46666666666667
-65.46666666666667
-65.46666666666667
-65.46666666666667
-65.46666666666667
-65.46666666666667
-65.46666666666667
-65.46666666666667
-65.46666666666667
-65.46666666666667
-65.46666666666667
