-93.3
-79.63333333333334
-73.2
-70.1
-68.43333333333334
-67.06666666666666
-65.93333333333334
-64.8
-63.9
-63.1
-62.3
-61.766666666666666
-61.3
-60.56666666666667
-60.1
-59.56666666666667
-59.06666666666667
-58.7
-58.3
-57.9
-57.666666666666664
-57.36666666666667
-57.06666666666667
-56.86666666666667
-56.666666666666664
-56.53333333333333
-56.166666666666664
-56.0
-55.766666666666666
-55.43333333333333
-55.266666666666666
-55.06666666666667
-54.86666666666667
-54.46666666666667
-54.36666666666667
-54.2
-54.06666666666667
-53.86666666666667
-53.766666666666666
-53.56666666666667
-53.36666666666667
-53.333333333333336
-53.1
-53.03333333333333
-52.96666666666667
-52.833333333333336
-52.8
-52.63333333333333
-52.6
-52.46666666666667
-52.4
-52.233333333333334
-52.03333333333333
-52.03333333333333
-51.9
-51.8
-51.733333333333334
-51.6
-51.666666666666664
-51.46666666666667
-51.266666666666666
-51.2
-51.1
-51.06666666666667
-50.96666666666667
-50.86666666666667
-50.86666666666667
-50.8
-50.7
-50.56666666666667
-50.5
-50.5
-50.4
-50.333333333333336
-50.2
-50.2
-50.166666666666664
-50.13333333333333
-50.1
-50.1
-50.06666666666667
-50.03333333333333
-50.03333333333333
-49.96666666666667
-49.93333333333333
-49.86666666666667
-49.9
-49.833333333333336
-49.8
-49.733333333333334
-49.733333333333334
-49.7
-49.7
-49.666666666666664
-49.6
-49.56666666666667
-49.56666666666667
-49.43333333333333
-49.4
-49.36666666666667
-49.333333333333336
-49.333333333333336
-49.266666666666666
-49.266666666666666
-49.266666666666666
-49.166666666666664
-49.13333333333333
-49.13333333333333
-49.13333333333333
-49.1
-49.1
-49.1
-49.1
-49.1
-49.1
-49.1
-49.1
-49.1
-49.13333333333333
-49.1
-49.1
-49.06666666666667
-49.03333333333333
-49.03333333333333
-49.0
-48.96666666666667
-48.93333333333333
-48.9
-48.86666666666667
-48.86666666666667
-48.86666666666667
-48.86666666666667
-48.86666666666667
-48.86666666666667
-48.86666666666667
-48.8
-48.8
-48.766666666666666
-48.766666666666666
-48.766666666666666
-48.766666666666666
-48.733333333333334
-48.733333333333334
-48.7
-48.7
-48.666666666666664
-48.666666666666664
-48.666666666666664
-48.666666666666664
-48.666666666666664
-48.666666666666664
-48.666666666666664
-48.666666666666664
-48.666666666666664
-48.666666666666664
-48.666666666666664
-48.666666666666664
-48.63333333333333
-48.6
-48.63333333333333
-48.6
-48.6
-48.56666666666667
-48.56666666666667
-48.56666666666667
-48.56666666666667
-48.56666666666667
-48.56666666666667
-48.53333333333333
-48.56666666666667
-48.5
-48.53333333333333
-48.5
-48.4
-48.36666666666667
-48.36666666666667
-48.36666666666667
-48.36666666666667
-48.36666666666667
-48.36666666666667
-48.333333333333336
-48.333333333333336
-48.333333333333336
-48.333333333333336
-48.333333333333336
-48.3
-48.3
-48.266666666666666
-48.3
-48.166666666666664
-48.166666666666664
-48.166666666666664
-48.1
-48.1
-48.1
-48.1
-48.1
-48.1
-48.1
