-93.23333333333333
-78.7
-75.83333333333333
-74.13333333333334
-73.03333333333333
-72.13333333333334
-71.56666666666666
-71.0
-70.56666666666666
-70.3
-70.03333333333333
-69.83333333333333
-69.53333333333333
-69.4
-69.23333333333333
-69.13333333333334
-69.03333333333333
-68.9
-68.76666666666667
-68.7
-68.56666666666666
-68.43333333333334
-68.33333333333333
-68.26666666666667
-68.13333333333334
-67.96666666666667
-67.9
-67.83333333333333
-67.83333333333333
-67.76666666666667
-67.76666666666667
-67.76666666666667
-67.76666666666667
-67.63333333333334
-67.53333333333333
-67.46666666666667
-67.4
-67.36666666666666
-67.3
-67.3
-67.23333333333333
-67.2
-67.13333333333334
-67.06666666666666
-67.06666666666666
-67.0
-66.93333333333334
-66.9
-66.9
-66.86666666666666
-66.83333333333333
-66.73333333333333
-66.7
-66.7
-66.63333333333334
-66.6
-66.6
-66.56666666666666
-66.53333333333333
-66.5
-66.43333333333334
-66.43333333333334
-66.43333333333334
-66.43333333333334
-66.43333333333334
-66.36666666666666
-66.33333333333333
-66.33333333333333
-66.23333333333333
-66.16666666666667
-66.13333333333334
-66.13333333333334
-66.1
-66.06666666666666
-66.06666666666666
-66.06666666666666
-66.06666666666666
-66.06666666666666
-66.06666666666666
-66.06666666666666
-66.03333333333333
-66.0
-65.96666666666667
-65.96666666666667
-65.96666666666667
-65.96666666666667
-65.93333333333334
-65.93333333333334
-65.93333333333334
-65.93333333333334
-65.9
-65.86666666666666
-65.86666666666666
-65.86666666666666
-65.73333333333333
-65.73333333333333
-65.7
-65.66666666666667
-65.66666666666667
-65.66666666666667
-65.63333333333334
-65.6
-65.56666666666666
-65.56666666666666
-65.56666666666666
-65.56666666666666
-65.5
-65.5
-65.46666666666667
-65.46666666666667
-65.46666666666667
-65.46666666666667
-65.46666666666667
-65.43333333333334
-65.43333333333334
-65.43333333333334
-65.43333333333334
-65.43333333333334
-65.43333333333334
-65.4
-65.4
-65.4
-65.4
-65.4
-65.4
-65.4
-65.4
-65.4
-65.4
-65.4
-65.4
-65.4
-65.4
-65.4
-65.4
-65.4
-65.4
-65.4
-65.4
-65.4
-65.4
-65.4
-65.4
-65.4
-65.4
-65.4
-65.4
-65.4
-65.4
-65.4
-65.4
-65.4
-65.4
-65.4
-65.4
-65.4
-65.4
-65.4
-65.4
-65.4
-65.4
-65.4
-65.4
-65.4
-65.4
-65.4
-65.4
-65.4
-65.4
-65.4
-65.4
-65.4
-65.4
-65.4
-65.4
-65.4
-65.4
-65.4
-65.4
-65.4
-65.4
-65.4
-65.4
-65.4
-65.4
-65.4
-65.4
-65.4
-65.4
-65.4
-65.4
-65.4
-65.4
-65.4
-65.4
-65.4
-65.4
-65.4
-65.4
