-93.23333333333333
-79.6
-75.0
-74.2
-73.23333333333333
-70.3
-69.63333333333334
-68.93333333333334
-67.76666666666667
-67.06666666666666
-66.33333333333333
-65.56666666666666
-64.9
-64.23333333333333
-63.6
-63.13333333333333
-62.46666666666667
-62.06666666666667
-61.5
-61.1
-60.63333333333333
-60.3
-59.93333333333333
-59.63333333333333
-59.266666666666666
-59.0
-58.833333333333336
-58.36666666666667
-58.266666666666666
-58.06666666666667
-57.9
-57.666666666666664
-57.333333333333336
-57.1
-57.06666666666667
-56.8
-56.56666666666667
-56.3
-56.13333333333333
-55.93333333333333
-55.7
-55.5
-55.3
-55.233333333333334
-55.03333333333333
-54.93333333333333
-54.63333333333333
-54.5
-54.3
-54.266666666666666
-54.06666666666667
-53.93333333333333
-53.766666666666666
-53.56666666666667
-53.46666666666667
-53.333333333333336
-53.233333333333334
-53.13333333333333
-53.1
-53.06666666666667
-52.86666666666667
-52.733333333333334
-52.666666666666664
-52.56666666666667
-52.53333333333333
-52.4
-52.333333333333336
-52.266666666666666
-52.166666666666664
-52.1
-52.1
-52.03333333333333
-52.0
-51.96666666666667
-51.86666666666667
-51.86666666666667
-51.8
-51.8
-51.766666666666666
-51.733333333333334
-51.63333333333333
-51.46666666666667
-51.43333333333333
-51.36666666666667
-51.333333333333336
-51.3
-51.266666666666666
-51.266666666666666
-51.2
-51.166666666666664
-51.06666666666667
-50.96666666666667
-50.96666666666667
-50.86666666666667
-50.86666666666667
-50.8
-50.766666666666666
-50.733333333333334
-50.7
-50.666666666666664
-50.56666666666667
-50.56666666666667
-50.56666666666667
-50.53333333333333
-50.46666666666667
-50.46666666666667
-50.46666666666667
-50.46666666666667
-50.46666666666667
-50.43333333333333
-50.36666666666667
-50.3
-50.266666666666666
-50.233333333333334
-50.2
-50.2
-50.166666666666664
-50.06666666666667
-50.1
-50.1
-50.03333333333333
-50.1
-49.96666666666667
-49.93333333333333
-49.93333333333333
-49.93333333333333
-49.93333333333333
-49.86666666666667
-49.766666666666666
-49.733333333333334
-49.7
-49.733333333333334
-49.63333333333333
-49.6
-49.53333333333333
-49.5
-49.5
-49.43333333333333
-49.4
-49.36666666666667
-49.36666666666667
-49.36666666666667
-49.3
-49.233333333333334
-49.166666666666664
-49.166666666666664
-49.166666666666664
-49.166666666666664
-49.13333333333333
-49.13333333333333
-49.13333333333333
-49.13333333333333
-49.1
-49.1
-49.1
-49.13333333333333
-49.06666666666667
-49.0
-48.86666666666667
-48.86666666666667
-48.86666666666667
-48.833333333333336
-48.833333333333336
-48.833333333333336
-48.833333333333336
-48.833333333333336
-48.766666666666666
-48.766666666666666
-48.766666666666666
-48.733333333333334
-48.7
-48.666666666666664
-48.7
-48.63333333333333
-48.63333333333333
-48.6
-48.6
-48.6
-48.6
-48.63333333333333
-48.6
-48.6
-48.6
-48.6
-48.56666666666667
-48.53333333333333
-48.56666666666667
-48.53333333333333
-48.53333333333333
-48.46666666666667
-48.4
-48.4
-48.4
-48.4
-48.4
-48.4
-48.36666666666667
-48.3
-48.266666666666666
