-93.3
-78.73333333333333
-78.73333333333333
-75.83333333333333
-75.83333333333333
-73.93333333333334
-73.93333333333334
-72.73333333333333
-72.6
-71.9
-71.6
-71.3
-70.83333333333333
-70.63333333333334
-70.4
-70.16666666666667
-69.93333333333334
-69.76666666666667
-69.53333333333333
-69.46666666666667
-69.2
-69.16666666666667
-69.0
-68.9
-68.76666666666667
-68.63333333333334
-68.5
-68.46666666666667
-68.33333333333333
-68.26666666666667
-68.1
-68.03333333333333
-68.0
-67.9
-67.86666666666666
-67.7
-67.66666666666667
-67.63333333333334
-67.36666666666666
-67.3
-67.26666666666667
-67.23333333333333
-67.23333333333333
-67.13333333333334
-67.06666666666666
-67.03333333333333
-66.93333333333334
-66.9
-66.76666666666667
-66.76666666666667
-66.66666666666667
-66.6
-66.53333333333333
-66.5
-66.43333333333334
-66.43333333333334
-66.43333333333334
-66.4
-66.33333333333333
-66.3
-66.2
-66.16666666666667
-66.16666666666667
-66.16666666666667
-66.13333333333334
-66.1
-66.06666666666666
-66.06666666666666
-66.06666666666666
-66.03333333333333
-66.0
-65.96666666666667
-65.93333333333334
-65.93333333333334
-65.9
-65.86666666666666
-65.83333333333333
-65.8
-65.73333333333333
-65.7
-65.7
-65.66666666666667
-65.63333333333334
-65.53333333333333
-65.5
-65.5
-65.5
-65.5
-65.5
-65.5
-65.5
-65.5
-65.46666666666667
-65.46666666666667
-65.46666666666667
-65.46666666666667
-65.46666666666667
-65.46666666666667
-65.4
-65.4
-65.4
-65.33333333333333
-65.33333333333333
-65.33333333333333
-65.33333333333333
-65.3
-65.26666666666667
-65.26666666666667
-65.26666666666667
-65.26666666666667
-65.23333333333333
-65.23333333333333
-65.23333333333333
-65.23333333333333
-65.2
-65.2
-65.2
-65.16666666666667
-65.16666666666667
-65.13333333333334
-65.13333333333334
-65.1
-65.06666666666666
-65.06666666666666
-65.06666666666666
-65.06666666666666
-65.06666666666666
-65.06666666666666
-65.06666666666666
-65.06666666666666
-65.06666666666666
-65.06666666666666
-65.06666666666666
-65.06666666666666
-65.03333333333333
-65.03333333333333
-65.0
-65.0
-65.0
-65.0
-65.0
-65.0
-65.0
-65.0
-65.0
-65.0
-65.0
-65.0
-65.0
-65.0
-65.0
-65.0
-65.0
-65.0
-65.0
-65.0
-65.0
-65.0
-65.0
-65.0
-65.0
-65.0
-65.0
-65.0
-65.0
-65.0
-65.0
-65.0
-65.0
-65.0
-65.0
-65.0
-65.0
-65.0
-65.0
-65.0
-65.0
-65.0
-65.0
-65.0
-65.0
-65.0
-65.0
-65.0
-65.0
-65.0
-65.0
-65.0
-65.0
-65.0
-65.0
-65.53846153846153
-66.9
-67.6875
-68.9
-68.75
