-93.3
-79.63333333333334
-79.63333333333334
-73.16666666666667
-73.16666666666667
-69.9
-69.9
-68.4
-68.4
-66.86666666666666
-66.83333333333333
-65.43333333333334
-65.33333333333333
-64.46666666666667
-64.26666666666667
-63.53333333333333
-63.233333333333334
-62.63333333333333
-62.36666666666667
-61.9
-61.56666666666667
-61.166666666666664
-60.9
-60.56666666666667
-60.333333333333336
-59.96666666666667
-59.733333333333334
-59.6
-59.3
-59.1
-58.86666666666667
-58.666666666666664
-58.4
-58.266666666666666
-58.03333333333333
-57.833333333333336
-57.63333333333333
-57.4
-57.3
-57.13333333333333
-56.63333333333333
-56.56666666666667
-56.4
-56.13333333333333
-55.96666666666667
-55.9
-55.733333333333334
-55.53333333333333
-55.4
-55.333333333333336
-55.13333333333333
-54.9
-54.9
-54.8
-54.666666666666664
-54.5
-54.4
-54.36666666666667
-54.266666666666666
-54.166666666666664
-54.06666666666667
-54.03333333333333
-53.86666666666667
-53.63333333333333
-53.6
-53.4
-53.266666666666666
-53.2
-52.96666666666667
-52.9
-52.86666666666667
-52.766666666666666
-52.7
-52.56666666666667
-52.46666666666667
-52.36666666666667
-52.3
-52.2
-52.03333333333333
-52.0
-51.86666666666667
-51.8
-51.766666666666666
-51.7
-51.666666666666664
-51.56666666666667
-51.5
-51.4
-51.36666666666667
-51.3
-51.233333333333334
-51.233333333333334
-51.2
-51.166666666666664
-50.93333333333333
-50.9
-50.833333333333336
-50.766666666666666
-50.766666666666666
-50.733333333333334
-50.733333333333334
-50.63333333333333
-50.6
-50.53333333333333
-50.5
-50.46666666666667
-50.46666666666667
-50.36666666666667
-50.333333333333336
-50.333333333333336
-50.333333333333336
-50.3
-50.3
-50.233333333333334
-50.233333333333334
-50.233333333333334
-50.233333333333334
-50.166666666666664
-50.166666666666664
-50.1
-50.1
-50.03333333333333
-50.03333333333333
-50.0
-50.0
-49.96666666666667
-49.93333333333333
-49.93333333333333
-49.9
-49.833333333333336
-49.833333333333336
-49.833333333333336
-49.833333333333336
-49.766666666666666
-49.766666666666666
-49.733333333333334
-49.733333333333334
-49.766666666666666
-49.7
-49.63333333333333
-49.63333333333333
-49.6
-49.53333333333333
-49.53333333333333
-49.46666666666667
-49.46666666666667
-49.46666666666667
-49.43333333333333
-49.4
-49.4
-49.43333333333333
-49.4
-49.4
-49.4
-49.333333333333336
-49.333333333333336
-49.3
-49.266666666666666
-49.266666666666666
-49.266666666666666
-49.266666666666666
-49.233333333333334
-49.233333333333334
-49.233333333333334
-49.233333333333334
-49.166666666666664
-49.13333333333333
-49.13333333333333
-49.1
-49.1
-49.1
-49.1
-49.03333333333333
-49.0
-48.96666666666667
-48.96666666666667
-48.93333333333333
-48.96666666666667
-48.9
-48.93333333333333
-48.89655172413793
-48.93103448275862
-48.925925925925924
-49.18181818181818
-50.142857142857146
-50.416666666666664
-50.55555555555556
-52.0
-53.0
-53.0
-52.0
