-93.23333333333333
-91.2
-89.9
-88.96666666666667
-88.23333333333333
-87.33333333333333
-86.56666666666666
-86.16666666666667
-85.4
-84.5
-83.93333333333334
-83.46666666666667
-82.93333333333334
-82.63333333333334
-81.8
-81.5
-81.23333333333333
-80.9
-80.53333333333333
-80.2
-79.96666666666667
-79.56666666666666
-79.36666666666666
-79.0
-78.76666666666667
-78.4
-78.13333333333334
-77.8
-77.66666666666667
-77.33333333333333
-77.06666666666666
-76.86666666666666
-76.7
-76.33333333333333
-76.16666666666667
-76.0
-75.76666666666667
-75.53333333333333
-75.36666666666666
-75.0
-74.9
-74.66666666666667
-74.46666666666667
-74.26666666666667
-73.96666666666667
-73.76666666666667
-73.46666666666667
-73.4
-73.03333333333333
-72.93333333333334
-72.8
-72.46666666666667
-72.23333333333333
-72.06666666666666
-71.83333333333333
-71.53333333333333
-71.36666666666666
-71.26666666666667
-71.1
-71.03333333333333
-70.83333333333333
-70.7
-70.63333333333334
-70.4
-70.33333333333333
-70.23333333333333
-70.13333333333334
-69.86666666666666
-69.7
-69.56666666666666
-69.46666666666667
-69.36666666666666
-69.13333333333334
-69.1
-69.1
-69.06666666666666
-69.0
-68.9
-68.7
-68.63333333333334
-68.53333333333333
-68.4
-68.23333333333333
-68.13333333333334
-68.03333333333333
-67.93333333333334
-67.9
-67.83333333333333
-67.7
-67.6
-67.6
-67.5
-67.4
-67.3
-67.3
-67.26666666666667
-67.16666666666667
-67.16666666666667
-67.1
-66.93333333333334
-66.93333333333334
-66.83333333333333
-66.8
-66.8
-66.73333333333333
-66.7
-66.66666666666667
-66.66666666666667
-66.63333333333334
-66.46666666666667
-66.46666666666667
-66.43333333333334
-66.43333333333334
-66.43333333333334
-66.36666666666666
-66.3
-66.23333333333333
-66.23333333333333
-66.23333333333333
-66.16666666666667
-66.1
-66.03333333333333
-66.0
-66.0
-66.0
-66.0
-66.0
-65.96666666666667
-65.96666666666667
-65.86666666666666
-65.86666666666666
-65.8
-65.76666666666667
-65.76666666666667
-65.73333333333333
-65.7
-65.7
-65.7
-65.63333333333334
-65.63333333333334
-65.63333333333334
-65.56666666666666
-65.5
-65.46666666666667
-65.46666666666667
-65.46666666666667
-65.46666666666667
-65.46666666666667
-65.43333333333334
-65.43333333333334
-65.4
-65.4
-65.3
-65.3
-65.26666666666667
-65.26666666666667
-65.26666666666667
-65.23333333333333
-65.23333333333333
-65.23333333333333
-65.23333333333333
-65.23333333333333
-65.23333333333333
-65.23333333333333
-65.23333333333333
-65.23333333333333
-65.23333333333333
-65.23333333333333
-65.23333333333333
-65.23333333333333
-65.23333333333333
-65.2
-65.2
-65.16666666666667
-65.16666666666667
-65.13333333333334
-65.1
-65.1
-65.1
-65.06666666666666
-65.03333333333333
-65.03333333333333
-65.03333333333333
-65.0
-65.0
-64.96666666666667
-64.96666666666667
-64.93333333333334
-64.93333333333334
-64.93333333333334
-64.93333333333334
-64.93333333333334
-64.93333333333334
-64.93333333333334
-64.93333333333334
-64.93333333333334
-64.93333333333334
-64.93333333333334
-64.93333333333334
