-93.4
-91.33333333333333
-89.7
-88.53333333333333
-86.66666666666667
-85.23333333333333
-83.73333333333333
-82.46666666666667
-80.93333333333334
-79.76666666666667
-78.2
-76.56666666666666
-75.0
-73.43333333333334
-71.8
-70.7
-69.56666666666666
-68.6
-68.06666666666666
-67.43333333333334
-66.66666666666667
-66.3
-65.76666666666667
-65.46666666666667
-65.06666666666666
-64.8
-64.6
-64.06666666666666
-63.86666666666667
-63.63333333333333
-63.333333333333336
-62.93333333333333
-62.833333333333336
-62.5
-62.1
-61.86666666666667
-61.766666666666666
-61.43333333333333
-61.233333333333334
-61.03333333333333
-60.9
-60.7
-60.4
-60.166666666666664
-59.96666666666667
-59.766666666666666
-59.63333333333333
-59.53333333333333
-59.36666666666667
-59.166666666666664
-59.13333333333333
-59.0
-58.9
-58.8
-58.7
-58.56666666666667
-58.5
-58.36666666666667
-58.3
-58.233333333333334
-58.13333333333333
-57.93333333333333
-57.833333333333336
-57.7
-57.56666666666667
-57.5
-57.36666666666667
-57.333333333333336
-57.233333333333334
-57.2
-57.06666666666667
-56.93333333333333
-56.833333333333336
-56.733333333333334
-56.733333333333334
-56.56666666666667
-56.5
-56.5
-56.43333333333333
-56.43333333333333
-56.333333333333336
-56.333333333333336
-56.2
-56.1
-56.03333333333333
-55.93333333333333
-55.86666666666667
-55.86666666666667
-55.766666666666666
-55.7
-55.666666666666664
-55.6
-55.56666666666667
-55.53333333333333
-55.46666666666667
-55.4
-55.36666666666667
-55.3
-55.233333333333334
-55.233333333333334
-55.13333333333333
-55.1
-55.03333333333333
-55.0
-54.96666666666667
-54.86666666666667
-54.86666666666667
-54.8
-54.733333333333334
-54.666666666666664
-54.56666666666667
-54.5
-54.46666666666667
-54.4
-54.333333333333336
-54.233333333333334
-54.2
-54.166666666666664
-54.1
-54.06666666666667
-54.0
-53.96666666666667
-53.93333333333333
-53.86666666666667
-53.733333333333334
-53.7
-53.666666666666664
-53.63333333333333
-53.6
-53.6
-53.6
-53.56666666666667
-53.5
-53.4
-53.4
-53.4
-53.4
-53.4
-53.266666666666666
-53.2
-53.166666666666664
-53.1
-53.06666666666667
-53.0
-52.96666666666667
-52.96666666666667
-52.93333333333333
-52.9
-52.833333333333336
-52.833333333333336
-52.8
-52.733333333333334
-52.63333333333333
-52.56666666666667
-52.5
-52.5
-52.43333333333333
-52.43333333333333
-52.4
-52.4
-52.36666666666667
-52.3
-52.3
-52.233333333333334
-52.233333333333334
-52.233333333333334
-52.2
-52.166666666666664
-52.13333333333333
-52.1
-52.1
-52.1
-52.06666666666667
-52.0
-52.0
-52.0
-52.0
-52.0
-52.0
-52.0
-51.96666666666667
-51.96666666666667
-51.93333333333333
-51.9
-51.86666666666667
-51.86666666666667
-51.833333333333336
-51.8
-51.8
-51.8
-51.766666666666666
-51.733333333333334
-51.7
-51.63333333333333
-51.63333333333333
-51.63333333333333
-51.56666666666667
-51.53333333333333
-51.5
