-93.4
-91.43333333333334
-90.2
-89.6
-88.53333333333333
-87.63333333333334
-86.8
-85.83333333333333
-85.13333333333334
-84.16666666666667
-83.46666666666667
-82.83333333333333
-82.26666666666667
-81.76666666666667
-81.3
-80.9
-80.46666666666667
-80.0
-79.6
-79.3
-79.03333333333333
-78.8
-78.4
-78.13333333333334
-77.7
-77.46666666666667
-77.2
-76.86666666666666
-76.56666666666666
-76.46666666666667
-76.23333333333333
-76.03333333333333
-75.8
-75.56666666666666
-75.33333333333333
-75.06666666666666
-74.93333333333334
-74.63333333333334
-74.46666666666667
-74.26666666666667
-73.96666666666667
-73.8
-73.63333333333334
-73.46666666666667
-73.13333333333334
-73.06666666666666
-72.86666666666666
-72.8
-72.6
-72.33333333333333
-72.13333333333334
-72.1
-71.96666666666667
-71.9
-71.6
-71.43333333333334
-70.96666666666667
-70.8
-70.73333333333333
-70.66666666666667
-70.56666666666666
-70.33333333333333
-70.16666666666667
-70.13333333333334
-69.93333333333334
-69.73333333333333
-69.66666666666667
-69.6
-69.43333333333334
-69.36666666666666
-69.26666666666667
-69.2
-69.1
-68.96666666666667
-68.8
-68.76666666666667
-68.53333333333333
-68.5
-68.4
-68.3
-68.23333333333333
-68.1
-68.03333333333333
-68.0
-67.96666666666667
-67.9
-67.8
-67.73333333333333
-67.66666666666667
-67.66666666666667
-67.6
-67.56666666666666
-67.5
-67.5
-67.4
-67.4
-67.36666666666666
-67.23333333333333
-67.2
-67.16666666666667
-67.1
-67.06666666666666
-67.03333333333333
-66.96666666666667
-66.96666666666667
-66.96666666666667
-66.96666666666667
-66.86666666666666
-66.83333333333333
-66.83333333333333
-66.76666666666667
-66.76666666666667
-66.73333333333333
-66.66666666666667
-66.66666666666667
-66.63333333333334
-66.56666666666666
-66.5
-66.43333333333334
-66.36666666666666
-66.36666666666666
-66.26666666666667
-66.23333333333333
-66.23333333333333
-66.23333333333333
-66.16666666666667
-66.13333333333334
-66.13333333333334
-66.13333333333334
-66.13333333333334
-66.06666666666666
-66.06666666666666
-66.03333333333333
-65.96666666666667
-65.93333333333334
-65.93333333333334
-65.9
-65.9
-65.86666666666666
-65.83333333333333
-65.83333333333333
-65.76666666666667
-65.76666666666667
-65.73333333333333
-65.7
-65.7
-65.7
-65.7
-65.66666666666667
-65.6
-65.56666666666666
-65.56666666666666
-65.56666666666666
-65.56666666666666
-65.56666666666666
-65.56666666666666
-65.53333333333333
-65.53333333333333
-65.53333333333333
-65.53333333333333
-65.46666666666667
-65.46666666666667
-65.46666666666667
-65.46666666666667
-65.46666666666667
-65.46666666666667
-65.46666666666667
-65.46666666666667
-65.43333333333334
-65.43333333333334
-65.43333333333334
-65.4
-65.4
-65.4
-65.4
-65.36666666666666
-65.36666666666666
-65.36666666666666
-65.3
-65.23333333333333
-65.23333333333333
-65.23333333333333
-65.16666666666667
-65.16666666666667
-65.13333333333334
-65.13333333333334
-65.13333333333334
-65.13333333333334
-65.13333333333334
-65.13333333333334
-65.13333333333334
-65.13333333333334
-65.06666666666666
-65.06666666666666
-65.06666666666666
-65.03333333333333
-65.03333333333333
-65.03333333333333
-65.03333333333333
