-93.43333333333334
-91.5
-89.96666666666667
-88.6
-87.0
-85.46666666666667
-83.7
-82.33333333333333
-80.83333333333333
-78.93333333333334
-77.26666666666667
-75.36666666666666
-74.0
-72.76666666666667
-71.6
-70.43333333333334
-69.53333333333333
-68.63333333333334
-67.83333333333333
-67.36666666666666
-66.63333333333334
-66.26666666666667
-65.93333333333334
-65.53333333333333
-65.26666666666667
-64.93333333333334
-64.63333333333334
-64.53333333333333
-64.26666666666667
-63.93333333333333
-63.733333333333334
-63.46666666666667
-63.333333333333336
-63.2
-62.8
-62.7
-62.53333333333333
-62.233333333333334
-62.1
-62.0
-61.766666666666666
-61.666666666666664
-61.46666666666667
-61.3
-61.13333333333333
-60.96666666666667
-60.86666666666667
-60.666666666666664
-60.46666666666667
-60.43333333333333
-60.2
-60.13333333333333
-60.0
-59.93333333333333
-59.766666666666666
-59.56666666666667
-59.46666666666667
-59.46666666666667
-59.36666666666667
-59.1
-59.06666666666667
-58.8
-58.733333333333334
-58.666666666666664
-58.53333333333333
-58.333333333333336
-58.13333333333333
-58.03333333333333
-57.9
-57.733333333333334
-57.7
-57.53333333333333
-57.46666666666667
-57.36666666666667
-57.166666666666664
-57.1
-56.96666666666667
-56.86666666666667
-56.733333333333334
-56.666666666666664
-56.53333333333333
-56.43333333333333
-56.36666666666667
-56.233333333333334
-56.166666666666664
-56.13333333333333
-56.03333333333333
-55.93333333333333
-55.9
-55.833333333333336
-55.666666666666664
-55.63333333333333
-55.63333333333333
-55.53333333333333
-55.5
-55.4
-55.233333333333334
-55.2
-55.13333333333333
-55.03333333333333
-55.03333333333333
-55.0
-54.96666666666667
-54.9
-54.8
-54.766666666666666
-54.63333333333333
-54.56666666666667
-54.56666666666667
-54.4
-54.36666666666667
-54.36666666666667
-54.36666666666667
-54.36666666666667
-54.333333333333336
-54.13333333333333
-54.1
-54.06666666666667
-54.03333333333333
-53.93333333333333
-53.86666666666667
-53.8
-53.8
-53.766666666666666
-53.7
-53.666666666666664
-53.63333333333333
-53.63333333333333
-53.56666666666667
-53.56666666666667
-53.53333333333333
-53.5
-53.43333333333333
-53.4
-53.4
-53.333333333333336
-53.3
-53.3
-53.3
-53.3
-53.2
-53.2
-53.13333333333333
-53.1
-53.1
-53.03333333333333
-53.03333333333333
-53.03333333333333
-53.0
-52.93333333333333
-52.86666666666667
-52.833333333333336
-52.8
-52.8
-52.766666666666666
-52.733333333333334
-52.7
-52.7
-52.7
-52.7
-52.666666666666664
-52.56666666666667
-52.56666666666667
-52.56666666666667
-52.53333333333333
-52.5
-52.5
-52.5
-52.46666666666667
-52.43333333333333
-52.4
-52.36666666666667
-52.3
-52.266666666666666
-52.266666666666666
-52.2
-52.2
-52.166666666666664
-52.13333333333333
-52.13333333333333
-52.13333333333333
-52.1
-52.1
-52.06666666666667
-52.0
-52.0
-52.0
-51.96666666666667
-51.96666666666667
-51.93333333333333
-51.93333333333333
-51.93333333333333
-51.93333333333333
-51.93333333333333
-51.9
-51.8
-51.8
-51.8
-51.766666666666666
