-93.43333333333334
-91.7
-90.43333333333334
-89.5
-88.5
-87.63333333333334
-86.63333333333334
-85.76666666666667
-85.1
-84.46666666666667
-83.86666666666666
-83.36666666666666
-83.0
-82.56666666666666
-82.23333333333333
-81.9
-81.56666666666666
-81.33333333333333
-80.96666666666667
-80.76666666666667
-80.5
-80.23333333333333
-79.93333333333334
-79.56666666666666
-79.36666666666666
-79.2
-79.03333333333333
-78.86666666666666
-78.43333333333334
-78.36666666666666
-78.2
-78.1
-78.0
-77.73333333333333
-77.53333333333333
-77.23333333333333
-77.06666666666666
-76.93333333333334
-76.73333333333333
-76.56666666666666
-76.4
-76.2
-76.13333333333334
-75.86666666666666
-75.63333333333334
-75.36666666666666
-75.1
-74.9
-74.83333333333333
-74.7
-74.5
-74.26666666666667
-74.16666666666667
-73.93333333333334
-73.8
-73.66666666666667
-73.46666666666667
-73.3
-72.96666666666667
-72.83333333333333
-72.63333333333334
-72.4
-72.36666666666666
-72.23333333333333
-72.03333333333333
-71.9
-71.86666666666666
-71.7
-71.43333333333334
-71.36666666666666
-71.33333333333333
-71.16666666666667
-70.96666666666667
-70.86666666666666
-70.8
-70.66666666666667
-70.63333333333334
-70.4
-70.2
-70.06666666666666
-69.96666666666667
-69.93333333333334
-69.93333333333334
-69.9
-69.73333333333333
-69.46666666666667
-69.4
-69.33333333333333
-69.33333333333333
-69.2
-69.1
-68.86666666666666
-68.8
-68.8
-68.73333333333333
-68.56666666666666
-68.5
-68.43333333333334
-68.3
-68.26666666666667
-68.26666666666667
-68.26666666666667
-68.23333333333333
-68.2
-68.16666666666667
-68.1
-68.0
-67.96666666666667
-67.83333333333333
-67.8
-67.76666666666667
-67.73333333333333
-67.73333333333333
-67.73333333333333
-67.63333333333334
-67.6
-67.5
-67.46666666666667
-67.46666666666667
-67.46666666666667
-67.3
-67.23333333333333
-67.2
-67.2
-67.13333333333334
-67.13333333333334
-67.1
-67.06666666666666
-67.0
-66.96666666666667
-66.93333333333334
-66.9
-66.86666666666666
-66.83333333333333
-66.83333333333333
-66.76666666666667
-66.73333333333333
-66.73333333333333
-66.73333333333333
-66.63333333333334
-66.56666666666666
-66.53333333333333
-66.53333333333333
-66.53333333333333
-66.5
-66.46666666666667
-66.46666666666667
-66.46666666666667
-66.46666666666667
-66.43333333333334
-66.4
-66.36666666666666
-66.33333333333333
-66.33333333333333
-66.3
-66.26666666666667
-66.26666666666667
-66.23333333333333
-66.23333333333333
-66.23333333333333
-66.16666666666667
-66.16666666666667
-66.16666666666667
-66.16666666666667
-66.13333333333334
-66.1
-66.1
-66.06666666666666
-66.06666666666666
-65.96666666666667
-65.93333333333334
-65.9
-65.86666666666666
-65.86666666666666
-65.86666666666666
-65.83333333333333
-65.8
-65.8
-65.76666666666667
-65.76666666666667
-65.73333333333333
-65.73333333333333
-65.73333333333333
-65.73333333333333
-65.7
-65.7
-65.66666666666667
-65.66666666666667
-65.63333333333334
-65.6
-65.56666666666666
-65.56666666666666
-65.56666666666666
-65.56666666666666
-65.53333333333333
-65.53333333333333
-65.53333333333333
-65.53333333333333
-65.53333333333333
