-93.4
-91.7
-90.33333333333333
-89.26666666666667
-88.5
-86.93333333333334
-85.7
-84.8
-84.03333333333333
-83.36666666666666
-82.66666666666667
-81.9
-81.36666666666666
-80.66666666666667
-80.06666666666666
-79.23333333333333
-78.26666666666667
-77.53333333333333
-76.76666666666667
-75.8
-75.13333333333334
-74.4
-73.6
-72.8
-72.2
-71.7
-71.1
-70.46666666666667
-70.16666666666667
-69.63333333333334
-69.26666666666667
-68.83333333333333
-68.43333333333334
-68.1
-67.93333333333334
-67.66666666666667
-67.36666666666666
-67.06666666666666
-66.86666666666666
-66.56666666666666
-66.36666666666666
-66.03333333333333
-65.73333333333333
-65.5
-65.33333333333333
-64.9
-64.73333333333333
-64.56666666666666
-64.2
-64.06666666666666
-63.833333333333336
-63.7
-63.53333333333333
-63.333333333333336
-63.06666666666667
-62.833333333333336
-62.8
-62.666666666666664
-62.53333333333333
-62.333333333333336
-62.1
-61.93333333333333
-61.86666666666667
-61.733333333333334
-61.6
-61.4
-61.13333333333333
-61.0
-60.8
-60.56666666666667
-60.53333333333333
-60.46666666666667
-60.2
-60.1
-60.03333333333333
-59.9
-59.8
-59.53333333333333
-59.36666666666667
-59.333333333333336
-59.3
-59.266666666666666
-59.13333333333333
-59.0
-58.86666666666667
-58.7
-58.56666666666667
-58.43333333333333
-58.4
-58.333333333333336
-58.266666666666666
-58.2
-58.13333333333333
-58.0
-57.93333333333333
-57.86666666666667
-57.86666666666667
-57.766666666666666
-57.7
-57.63333333333333
-57.5
-57.46666666666667
-57.4
-57.36666666666667
-57.233333333333334
-57.166666666666664
-57.1
-57.1
-57.03333333333333
-56.9
-56.833333333333336
-56.766666666666666
-56.7
-56.56666666666667
-56.53333333333333
-56.43333333333333
-56.36666666666667
-56.333333333333336
-56.2
-56.13333333333333
-56.0
-55.93333333333333
-55.9
-55.86666666666667
-55.8
-55.8
-55.7
-55.63333333333333
-55.5
-55.5
-55.4
-55.3
-55.06666666666667
-55.0
-55.03333333333333
-54.96666666666667
-54.9
-54.833333333333336
-54.733333333333334
-54.733333333333334
-54.7
-54.7
-54.666666666666664
-54.56666666666667
-54.4
-54.36666666666667
-54.333333333333336
-54.3
-54.233333333333334
-54.166666666666664
-54.13333333333333
-54.06666666666667
-54.0
-54.0
-53.96666666666667
-53.93333333333333
-53.833333333333336
-53.8
-53.733333333333334
-53.7
-53.63333333333333
-53.53333333333333
-53.5
-53.5
-53.4
-53.36666666666667
-53.333333333333336
-53.333333333333336
-53.233333333333334
-53.233333333333334
-53.2
-53.13333333333333
-53.1
-53.1
-53.1
-53.03333333333333
-53.03333333333333
-53.03333333333333
-52.96666666666667
-52.93333333333333
-52.9
-52.86666666666667
-52.766666666666666
-52.766666666666666
-52.7
-52.63333333333333
-52.6
-52.56666666666667
-52.56666666666667
-52.5
-52.36666666666667
-52.36666666666667
-52.36666666666667
-52.333333333333336
-52.266666666666666
-52.266666666666666
-52.266666666666666
-52.233333333333334
-52.2
