-93.4
-91.86666666666666
-91.53333333333333
-90.4
-90.06666666666666
-89.3
-88.66666666666667
-88.3
-87.63333333333334
-87.16666666666667
-86.73333333333333
-86.2
-85.56666666666666
-85.23333333333333
-84.6
-84.33333333333333
-83.9
-83.46666666666667
-83.06666666666666
-82.83333333333333
-82.36666666666666
-81.96666666666667
-81.76666666666667
-81.43333333333334
-81.26666666666667
-80.86666666666666
-80.66666666666667
-80.43333333333334
-80.36666666666666
-80.2
-79.8
-79.6
-79.33333333333333
-79.0
-78.86666666666666
-78.7
-78.53333333333333
-78.23333333333333
-78.0
-77.93333333333334
-77.73333333333333
-77.53333333333333
-77.33333333333333
-77.16666666666667
-77.06666666666666
-76.83333333333333
-76.46666666666667
-76.36666666666666
-76.16666666666667
-76.06666666666666
-75.96666666666667
-75.66666666666667
-75.53333333333333
-75.3
-75.23333333333333
-75.03333333333333
-74.73333333333333
-74.6
-74.36666666666666
-74.23333333333333
-74.23333333333333
-74.03333333333333
-73.73333333333333
-73.6
-73.4
-73.16666666666667
-73.06666666666666
-72.93333333333334
-72.76666666666667
-72.6
-72.43333333333334
-72.4
-72.16666666666667
-72.06666666666666
-71.86666666666666
-71.63333333333334
-71.5
-71.46666666666667
-71.2
-71.1
-70.93333333333334
-70.8
-70.73333333333333
-70.56666666666666
-70.4
-70.26666666666667
-70.16666666666667
-70.0
-69.8
-69.7
-69.63333333333334
-69.46666666666667
-69.36666666666666
-69.23333333333333
-69.13333333333334
-69.0
-69.0
-68.96666666666667
-68.93333333333334
-68.86666666666666
-68.73333333333333
-68.56666666666666
-68.53333333333333
-68.46666666666667
-68.4
-68.36666666666666
-68.3
-68.23333333333333
-68.16666666666667
-68.13333333333334
-68.03333333333333
-67.93333333333334
-67.9
-67.83333333333333
-67.76666666666667
-67.66666666666667
-67.63333333333334
-67.6
-67.6
-67.6
-67.56666666666666
-67.5
-67.4
-67.36666666666666
-67.26666666666667
-67.23333333333333
-67.16666666666667
-67.16666666666667
-67.03333333333333
-67.0
-66.96666666666667
-66.96666666666667
-66.96666666666667
-66.96666666666667
-66.9
-66.86666666666666
-66.86666666666666
-66.83333333333333
-66.76666666666667
-66.76666666666667
-66.73333333333333
-66.73333333333333
-66.66666666666667
-66.63333333333334
-66.6
-66.56666666666666
-66.56666666666666
-66.56666666666666
-66.56666666666666
-66.53333333333333
-66.5
-66.46666666666667
-66.46666666666667
-66.43333333333334
-66.4
-66.33333333333333
-66.23333333333333
-66.23333333333333
-66.2
-66.2
-66.2
-66.2
-66.16666666666667
-66.16666666666667
-66.16666666666667
-66.13333333333334
-66.06666666666666
-66.06666666666666
-66.03333333333333
-66.03333333333333
-66.03333333333333
-66.03333333333333
-65.93333333333334
-65.86666666666666
-65.83333333333333
-65.83333333333333
-65.83333333333333
-65.8
-65.8
-65.76666666666667
-65.76666666666667
-65.76666666666667
-65.73333333333333
-65.96551724137932
-66.14285714285714
-66.44
-67.52631578947368
-68.07142857142857
-67.8
-70.0
