-93.23333333333333
-91.6
-91.33333333333333
-89.96666666666667
-89.5
-88.3
-87.76666666666667
-86.93333333333334
-86.4
-85.23333333333333
-84.5
-83.66666666666667
-82.96666666666667
-82.03333333333333
-81.46666666666667
-80.7
-79.8
-78.8
-77.93333333333334
-77.06666666666666
-76.3
-75.6
-74.73333333333333
-74.1
-73.33333333333333
-72.83333333333333
-72.13333333333334
-71.56666666666666
-71.13333333333334
-70.76666666666667
-70.23333333333333
-69.83333333333333
-69.5
-69.23333333333333
-68.86666666666666
-68.56666666666666
-68.13333333333334
-67.83333333333333
-67.56666666666666
-67.13333333333334
-66.83333333333333
-66.6
-66.36666666666666
-66.1
-65.8
-65.3
-65.03333333333333
-64.86666666666666
-64.46666666666667
-64.26666666666667
-64.13333333333334
-63.86666666666667
-63.666666666666664
-63.5
-63.333333333333336
-63.13333333333333
-63.03333333333333
-62.733333333333334
-62.63333333333333
-62.46666666666667
-62.3
-62.1
-62.0
-61.8
-61.63333333333333
-61.3
-61.266666666666666
-61.166666666666664
-61.0
-60.833333333333336
-60.6
-60.43333333333333
-60.266666666666666
-60.233333333333334
-60.03333333333333
-59.8
-59.733333333333334
-59.63333333333333
-59.46666666666667
-59.3
-59.233333333333334
-59.1
-58.8
-58.7
-58.56666666666667
-58.56666666666667
-58.5
-58.36666666666667
-58.266666666666666
-58.13333333333333
-57.96666666666667
-57.96666666666667
-57.86666666666667
-57.8
-57.63333333333333
-57.5
-57.43333333333333
-57.36666666666667
-57.36666666666667
-57.13333333333333
-57.1
-57.0
-57.0
-56.93333333333333
-56.833333333333336
-56.733333333333334
-56.7
-56.6
-56.5
-56.5
-56.5
-56.46666666666667
-56.36666666666667
-56.266666666666666
-56.2
-56.166666666666664
-56.1
-56.0
-55.9
-55.86666666666667
-55.766666666666666
-55.733333333333334
-55.7
-55.666666666666664
-55.63333333333333
-55.56666666666667
-55.5
-55.46666666666667
-55.4
-55.333333333333336
-55.233333333333334
-55.166666666666664
-55.166666666666664
-55.166666666666664
-55.03333333333333
-54.96666666666667
-54.86666666666667
-54.833333333333336
-54.766666666666666
-54.733333333333334
-54.733333333333334
-54.7
-54.666666666666664
-54.63333333333333
-54.6
-54.53333333333333
-54.5
-54.46666666666667
-54.43333333333333
-54.4
-54.36666666666667
-54.333333333333336
-54.266666666666666
-54.233333333333334
-54.166666666666664
-54.1
-54.03333333333333
-54.03333333333333
-54.03333333333333
-54.03333333333333
-54.0
-54.0
-53.86666666666667
-53.86666666666667
-53.86666666666667
-53.833333333333336
-53.766666666666666
-53.733333333333334
-53.7
-53.56666666666667
-53.53333333333333
-53.5
-53.46666666666667
-53.43333333333333
-53.4
-53.4
-53.266666666666666
-53.233333333333334
-53.310344827586206
-53.34615384615385
-53.27272727272727
-53.84615384615385
-54.44444444444444
-54.6
-55.0
