-375.9
-361.3333333333333
-350.93333333333334
-346.06666666666666
-342.43333333333334
-340.3666666666667
-339.3666666666667
-338.9
-338.6
-338.46666666666664
-338.4
-338.26666666666665
-338.23333333333335
-338.2
-338.2
-338.1666666666667
-338.1666666666667
-338.1666666666667
-338.1666666666667
-338.1666666666667
-338.1666666666667
-338.1666666666667
-338.1666666666667
-338.1666666666667
-338.1666666666667
-338.1666666666667
-338.1666666666667
-338.1666666666667
-338.1666666666667
-338.1666666666667
-338.1666666666667
-338.1666666666667
-338.1666666666667
-338.1666666666667
-338.1666666666667
-338.1666666666667
-338.1666666666667
-338.1666666666667
-338.1666666666667
-338.1666666666667
-338.1666666666667
-338.1666666666667
-338.1666666666667
-338.1666666666667
-338.1666666666667
-338.1666666666667
-338.1666666666667
-338.1666666666667
-338.1666666666667
-338.1666666666667
-338.1666666666667
-338.1666666666667
-338.1666666666667
-338.1666666666667
-338.1666666666667
-338.1666666666667
-338.1666666666667
-338.1666666666667
-338.1666666666667
-338.1666666666667
-338.1666666666667
-338.1666666666667
-338.1666666666667
-338.1666666666667
-338.1666666666667
-338.1666666666667
-338.1666666666667
-338.1666666666667
-338.1666666666667
-338.1666666666667
-338.1666666666667
-338.1666666666667
-338.1666666666667
-338.1666666666667
-338.1666666666667
-338.1666666666667
-338.1666666666667
-338.1666666666667
-338.1666666666667
-338.1666666666667
-338.1666666666667
-338.1666666666667
-338.1666666666667
-338.1666666666667
-338.1666666666667
-338.1666666666667
-338.1666666666667
-338.1666666666667
-338.1666666666667
-338.1666666666667
-338.1666666666667
-338.1666666666667
-338.1666666666667
-338.1666666666667
-338.1666666666667
-338.1666666666667
-338.1666666666667
-338.1666666666667
-338.1666666666667
-338.1666666666667
-338.1666666666667
-338.1666666666667
-338.1666666666667
-338.1666666666667
-338.1666666666667
-338.1666666666667
-338.1666666666667
-338.1666666666667
-338.1666666666667
-338.1666666666667
-338.1666666666667
-338.1666666666667
-338.1666666666667
-338.1666666666667
-338.1666666666667
-338.1666666666667
-338.1666666666667
-338.1666666666667
-338.1666666666667
-338.1666666666667
-338.1666666666667
-338.1666666666667
-338.1666666666667
-338.1666666666667
-338.1666666666667
-338.1666666666667
-338.1666666666667
-338.1666666666667
-338.1666666666667
-338.1666666666667
-338.1666666666667
-338.1666666666667
-338.1666666666667
-338.1666666666667
-338.1666666666667
-338.1666666666667
-338.1666666666667
-338.1666666666667
-338.1666666666667
-338.1666666666667
-338.1666666666667
-338.1666666666667
-338.1666666666667
-338.1666666666667
-338.1666666666667
-338.1666666666667
-338.1666666666667
-338.1666666666667
-338.1666666666667
-338.1666666666667
-338.1666666666667
-338.1666666666667
-338.1666666666667
-338.1666666666667
-338.1666666666667
-338.1666666666667
-338.1666666666667
-338.1666666666667
-338.1666666666667
-338.1666666666667
-338.1666666666667
-338.1666666666667
-338.1666666666667
-338.1666666666667
-338.1666666666667
-338.1666666666667
-338.1666666666667
-338.1666666666667
-338.1666666666667
-338.1666666666667
-338.1666666666667
-338.1666666666667
-338.1666666666667
-338.1666666666667
-338.1666666666667
-338.1666666666667
-338.1666666666667
-338.1666666666667
-338.1666666666667
-338.1666666666667
-338.1666666666667
-338.1666666666667
-338.1666666666667
-338.1666666666667
-338.1666666666667
-338.1666666666667
-338.1666666666667
-338.1666666666667
-338.1666666666667
-338.1666666666667
-338.1666666666667
-338.1666666666667
-338.1666666666667
-338.1666666666667
-338.1666666666667
-338.1666666666667
-338.1666666666667
-338.1666666666667
-338.1666666666667
