-375.93333333333334
-361.0
-349.8
-344.1333333333333
-339.03333333333336
-334.46666666666664
-330.1666666666667
-325.23333333333335
-319.53333333333336
-314.5
-310.46666666666664
-305.73333333333335
-299.93333333333334
-294.43333333333334
-288.7
-281.76666666666665
-273.5
-266.0
-257.8333333333333
-248.16666666666666
-236.8
-223.56666666666666
-207.23333333333332
-190.2
-172.93333333333334
-156.06666666666666
-138.86666666666667
-121.9
-108.8
-97.16666666666667
-89.26666666666667
-82.8
-78.4
-75.16666666666667
-73.0
-71.2
-70.13333333333334
-69.26666666666667
-68.4
-67.8
-67.23333333333333
-66.43333333333334
-65.6
-64.93333333333334
-64.2
-63.833333333333336
-63.46666666666667
-62.833333333333336
-62.2
-61.833333333333336
-61.8
-61.233333333333334
-60.93333333333333
-60.63333333333333
-60.46666666666667
-60.13333333333333
-59.96666666666667
-59.833333333333336
-59.766666666666666
-59.5
-59.333333333333336
-59.06666666666667
-58.86666666666667
-58.666666666666664
-58.43333333333333
-58.36666666666667
-58.166666666666664
-58.0
-57.9
-57.63333333333333
-57.56666666666667
-57.5
-57.233333333333334
-57.03333333333333
-56.93333333333333
-56.9
-56.63333333333333
-56.6
-56.36666666666667
-56.2
-56.13333333333333
-55.96666666666667
-55.9
-55.733333333333334
-55.6
-55.5
-55.266666666666666
-55.233333333333334
-55.166666666666664
-55.266666666666666
-55.1
-55.1
-55.2
-54.9
-54.833333333333336
-54.733333333333334
-54.733333333333334
-54.53333333333333
-54.56666666666667
-54.36666666666667
-54.266666666666666
-54.266666666666666
-54.2
-54.13333333333333
-54.03333333333333
-54.2
-53.93333333333333
-53.9
-53.8
-53.86666666666667
-53.733333333333334
-53.7
-53.63333333333333
-53.5
-53.43333333333333
-53.4
-53.333333333333336
-53.333333333333336
-53.266666666666666
-53.233333333333334
-53.266666666666666
-53.06666666666667
-53.166666666666664
-53.06666666666667
-53.03333333333333
-53.0
-53.0
-53.0
-52.86666666666667
-52.8
-52.766666666666666
-52.766666666666666
-52.733333333333334
-52.733333333333334
-52.7
-52.666666666666664
-52.666666666666664
-52.6
-52.53333333333333
-52.63333333333333
-52.733333333333334
-52.5
-52.4
-52.4
-52.5
-52.4
-52.333333333333336
-52.333333333333336
-52.3
-52.4
-52.2
-52.13333333333333
-52.1
-52.03333333333333
-52.03333333333333
-52.0
-52.06666666666667
-51.96666666666667
-52.06666666666667
-51.96666666666667
-51.93333333333333
-51.86666666666667
-51.833333333333336
-51.833333333333336
-52.0
-51.9
-51.833333333333336
-51.833333333333336
-51.7
-51.666666666666664
-51.666666666666664
-51.666666666666664
-51.63333333333333
-51.63333333333333
-51.6
-51.56666666666667
-51.53333333333333
-51.53333333333333
-51.53333333333333
-51.53333333333333
-51.53333333333333
-51.5
-51.46666666666667
-51.43333333333333
-51.43333333333333
-51.53333333333333
-51.36666666666667
-51.333333333333336
-51.333333333333336
-51.4
-51.4
-51.3
-51.266666666666666
-51.266666666666666
-51.233333333333334
-51.233333333333334
-51.233333333333334
-51.2
-51.13333333333333
