-375.9
-361.26666666666665
-350.9
-346.1
-342.6
-340.26666666666665
-339.23333333333335
-338.8
-338.43333333333334
-338.23333333333335
-338.1666666666667
-338.06666666666666
-338.0
-337.9
-337.8666666666667
-337.8666666666667
-337.8666666666667
-337.8333333333333
-337.8333333333333
-337.8333333333333
-337.8333333333333
-337.8333333333333
-337.8333333333333
-337.8333333333333
-337.8333333333333
-337.8333333333333
-337.8333333333333
-337.8333333333333
-337.8333333333333
-337.8333333333333
-337.8333333333333
-337.8333333333333
-337.8333333333333
-337.8333333333333
-337.8333333333333
-337.8333333333333
-337.8333333333333
-337.8333333333333
-337.8333333333333
-337.8333333333333
-337.8333333333333
-337.8333333333333
-337.8333333333333
-337.8333333333333
-337.8333333333333
-337.8333333333333
-337.8333333333333
-337.8333333333333
-337.8333333333333
-337.8333333333333
-337.8333333333333
-337.8333333333333
-337.8333333333333
-337.8333333333333
-337.8333333333333
-337.8333333333333
-337.8333333333333
-337.8333333333333
-337.8333333333333
-337.8333333333333
-337.8333333333333
-337.8333333333333
-337.8333333333333
-337.8333333333333
-337.8333333333333
-337.8333333333333
-337.8333333333333
-337.8333333333333
-337.8333333333333
-337.8333333333333
-337.8333333333333
-337.8333333333333
-337.8333333333333
-337.8333333333333
-337.8333333333333
-337.8333333333333
-337.8333333333333
-337.8333333333333
-337.8333333333333
-337.8333333333333
-337.8333333333333
-337.8333333333333
-337.8333333333333
-337.8333333333333
-337.8333333333333
-337.8333333333333
-337.8333333333333
-337.8333333333333
-337.8333333333333
-337.8333333333333
-337.8333333333333
-337.8333333333333
-337.8333333333333
-337.8333333333333
-337.8333333333333
-337.8333333333333
-337.8333333333333
-337.8333333333333
-337.8333333333333
-337.8333333333333
-337.8333333333333
-337.8333333333333
-337.8333333333333
-337.8333333333333
-337.8333333333333
-337.8333333333333
-337.8333333333333
-337.8333333333333
-337.8333333333333
-337.8333333333333
-337.8333333333333
-337.8333333333333
-337.8333333333333
-337.8333333333333
-337.8333333333333
-337.8333333333333
-337.8333333333333
-337.8333333333333
-337.8333333333333
-337.8333333333333
-337.8333333333333
-337.8333333333333
-337.8333333333333
-337.8333333333333
-337.8333333333333
-337.8333333333333
-337.8333333333333
-337.8333333333333
-337.8333333333333
-337.8333333333333
-337.8333333333333
-337.8333333333333
-337.8333333333333
-337.8333333333333
-337.8333333333333
-337.8333333333333
-337.8333333333333
-337.8333333333333
-337.8333333333333
-337.8333333333333
-337.8333333333333
-337.8333333333333
-337.8333333333333
-337.8333333333333
-337.8333333333333
-337.8333333333333
-337.8333333333333
-337.8333333333333
-337.8333333333333
-337.8333333333333
-337.8333333333333
-337.8333333333333
-337.8333333333333
-337.8333333333333
-337.8333333333333
-337.8333333333333
-337.8333333333333
-337.8333333333333
-337.8333333333333
-337.8333333333333
-337.8333333333333
-337.8333333333333
-337.8333333333333
-337.8333333333333
-337.8333333333333
-337.8333333333333
-337.8333333333333
-337.8333333333333
-337.8333333333333
-337.8333333333333
-337.8333333333333
-337.8333333333333
-337.8333333333333
-337.8333333333333
-337.8333333333333
-337.8333333333333
-337.8333333333333
-337.8333333333333
-337.8333333333333
-337.8333333333333
-337.8333333333333
-337.8333333333333
-337.8333333333333
-337.8333333333333
-337.8333333333333
-337.8333333333333
-337.8333333333333
-337.8333333333333
-337.8333333333333
-337.8333333333333
-337.8333333333333
-337.8333333333333
-337.8333333333333
-337.8333333333333
-337.8333333333333
-337.8333333333333
-337.8333333333333
-337.8333333333333
-337.8333333333333
