-375.93333333333334
-361.0
-349.53333333333336
-343.56666666666666
-338.8
-334.43333333333334
-330.3333333333333
-326.3
-322.1333333333333
-317.6
-313.1333333333333
-308.4
-303.1666666666667
-297.7
-291.3666666666667
-283.23333333333335
-273.73333333333335
-263.6
-253.16666666666666
-241.06666666666666
-228.93333333333334
-216.3
-201.7
-186.33333333333334
-170.8
-155.6
-140.83333333333334
-126.7
-112.3
-100.86666666666666
-91.33333333333333
-83.2
-78.63333333333334
-75.96666666666667
-74.0
-72.43333333333334
-71.46666666666667
-70.26666666666667
-69.2
-68.4
-67.56666666666666
-66.76666666666667
-66.06666666666666
-65.2
-64.76666666666667
-64.0
-63.36666666666667
-62.93333333333333
-62.5
-62.13333333333333
-61.766666666666666
-61.4
-61.06666666666667
-60.833333333333336
-60.5
-60.233333333333334
-60.06666666666667
-59.8
-59.53333333333333
-59.36666666666667
-59.166666666666664
-58.93333333333333
-58.666666666666664
-58.5
-58.233333333333334
-58.233333333333334
-58.0
-57.766666666666666
-57.56666666666667
-57.43333333333333
-57.36666666666667
-57.36666666666667
-57.1
-56.96666666666667
-56.733333333333334
-56.733333333333334
-56.63333333333333
-56.5
-56.36666666666667
-56.4
-56.06666666666667
-55.93333333333333
-55.93333333333333
-55.93333333333333
-55.56666666666667
-55.46666666666667
-55.5
-55.43333333333333
-55.233333333333334
-55.2
-55.13333333333333
-55.13333333333333
-55.06666666666667
-55.1
-54.63333333333333
-54.53333333333333
-54.53333333333333
-54.36666666666667
-54.266666666666666
-54.266666666666666
-54.13333333333333
-54.03333333333333
-54.1
-53.9
-53.8
-53.63333333333333
-53.733333333333334
-53.5
-53.36666666666667
-53.36666666666667
-53.266666666666666
-53.166666666666664
-53.13333333333333
-53.06666666666667
-52.96666666666667
-52.93333333333333
-52.86666666666667
-52.833333333333336
-52.86666666666667
-52.833333333333336
-52.7
-52.666666666666664
-52.53333333333333
-52.666666666666664
-52.43333333333333
-52.43333333333333
-52.46666666666667
-52.2
-52.166666666666664
-52.06666666666667
-52.166666666666664
-52.03333333333333
-51.96666666666667
-52.13333333333333
-51.93333333333333
-51.9
-51.9
-51.733333333333334
-51.666666666666664
-51.6
-51.9
-51.56666666666667
-51.53333333333333
-51.5
-51.46666666666667
-51.36666666666667
-51.36666666666667
-51.333333333333336
-51.266666666666666
-51.266666666666666
-51.266666666666666
-51.266666666666666
-51.233333333333334
-51.233333333333334
-51.233333333333334
-51.166666666666664
-51.166666666666664
-51.266666666666666
-51.1
-51.1
-51.166666666666664
-51.0
-51.0
-51.0
-51.0
-51.1
-50.96666666666667
-50.96666666666667
-50.96666666666667
-50.93333333333333
-50.9
-50.9
-50.9
-50.86666666666667
-51.06666666666667
-50.833333333333336
-50.833333333333336
-50.8
-50.766666666666666
-50.9
-50.7
-50.833333333333336
-50.8
-50.666666666666664
-50.666666666666664
-50.666666666666664
-50.766666666666666
-50.63333333333333
-50.63333333333333
-50.733333333333334
-50.6
-50.7
-50.7
-50.6
-50.6
-50.733333333333334
-50.6
-50.53333333333333
-50.63333333333333
