-375.8333333333333
-361.1666666666667
-350.96666666666664
-346.06666666666666
-342.4
-340.03333333333336
-338.8
-338.1333333333333
-337.6
-337.3666666666667
-337.1666666666667
-337.06666666666666
-337.03333333333336
-337.0
-336.96666666666664
-336.96666666666664
-336.96666666666664
-336.93333333333334
-336.93333333333334
-336.93333333333334
-336.93333333333334
-336.93333333333334
-336.93333333333334
-336.93333333333334
-336.93333333333334
-336.93333333333334
-336.93333333333334
-336.93333333333334
-336.93333333333334
-336.93333333333334
-336.93333333333334
-336.93333333333334
-336.93333333333334
-336.93333333333334
-336.93333333333334
-336.93333333333334
-336.93333333333334
-336.93333333333334
-336.93333333333334
-336.93333333333334
-336.93333333333334
-336.93333333333334
-336.93333333333334
-336.93333333333334
-336.93333333333334
-336.93333333333334
-336.93333333333334
-336.93333333333334
-336.93333333333334
-336.93333333333334
-336.93333333333334
-336.93333333333334
-336.93333333333334
-336.93333333333334
-336.93333333333334
-336.93333333333334
-336.93333333333334
-336.93333333333334
-336.93333333333334
-336.93333333333334
-336.93333333333334
-336.93333333333334
-336.93333333333334
-336.93333333333334
-336.93333333333334
-336.93333333333334
-336.93333333333334
-336.93333333333334
-336.93333333333334
-336.93333333333334
-336.93333333333334
-336.93333333333334
-336.93333333333334
-336.93333333333334
-336.93333333333334
-336.93333333333334
-336.93333333333334
-336.93333333333334
-336.93333333333334
-336.93333333333334
-336.93333333333334
-336.93333333333334
-336.93333333333334
-336.93333333333334
-336.93333333333334
-336.93333333333334
-336.93333333333334
-336.93333333333334
-336.93333333333334
-336.93333333333334
-336.93333333333334
-336.93333333333334
-336.93333333333334
-336.93333333333334
-336.93333333333334
-336.93333333333334
-336.93333333333334
-336.93333333333334
-336.93333333333334
-336.93333333333334
-336.93333333333334
-336.93333333333334
-336.93333333333334
-336.93333333333334
-336.93333333333334
-336.93333333333334
-336.93333333333334
-336.93333333333334
-336.93333333333334
-336.93333333333334
-336.93333333333334
-336.93333333333334
-336.93333333333334
-336.93333333333334
-336.93333333333334
-336.93333333333334
-336.93333333333334
-336.93333333333334
-336.93333333333334
-336.93333333333334
-336.93333333333334
-336.93333333333334
-336.93333333333334
-336.93333333333334
-336.93333333333334
-336.93333333333334
-336.93333333333334
-336.93333333333334
-336.93333333333334
-336.93333333333334
-336.93333333333334
-336.93333333333334
-336.93333333333334
-336.93333333333334
-336.93333333333334
-336.93333333333334
-336.93333333333334
-336.93333333333334
-336.93333333333334
-336.93333333333334
-336.93333333333334
-336.93333333333334
-336.93333333333334
-336.93333333333334
-336.93333333333334
-336.93333333333334
-336.93333333333334
-336.93333333333334
-336.93333333333334
-336.93333333333334
-336.93333333333334
-336.93333333333334
-336.93333333333334
-336.93333333333334
-336.93333333333334
-336.93333333333334
-336.93333333333334
-336.93333333333334
-336.93333333333334
-336.93333333333334
-336.93333333333334
-336.93333333333334
-336.93333333333334
-336.93333333333334
-336.93333333333334
-336.93333333333334
-336.93333333333334
-336.93333333333334
-336.93333333333334
-336.93333333333334
-336.93333333333334
-336.93333333333334
-336.93333333333334
-336.93333333333334
-336.93333333333334
-336.93333333333334
-336.93333333333334
-336.93333333333334
-336.93333333333334
-336.93333333333334
-336.93333333333334
-336.93333333333334
-336.93333333333334
-336.93333333333334
-336.93333333333334
-336.93333333333334
-336.93333333333334
-336.93333333333334
-336.93333333333334
-336.93333333333334
-336.93333333333334
-336.93333333333334
-336.93333333333334
-336.93333333333334
-336.93333333333334
-336.93333333333334
-336.93333333333334
-336.93333333333334
-336.93333333333334
