-375.8333333333333
-360.8666666666667
-349.1666666666667
-343.26666666666665
-338.5
-334.46666666666664
-330.8
-326.6333333333333
-321.8666666666667
-316.9
-311.93333333333334
-307.2
-302.1333333333333
-295.1
-286.93333333333334
-279.43333333333334
-271.9
-262.8333333333333
-252.83333333333334
-239.63333333333333
-224.73333333333332
-208.7
-193.06666666666666
-176.5
-161.13333333333333
-145.2
-130.83333333333334
-117.4
-105.73333333333333
-95.2
-87.06666666666666
-81.33333333333333
-78.1
-75.13333333333334
-72.76666666666667
-71.16666666666667
-69.8
-68.76666666666667
-67.8
-67.06666666666666
-66.13333333333334
-65.46666666666667
-65.0
-64.6
-64.03333333333333
-63.43333333333333
-63.0
-62.7
-62.233333333333334
-61.86666666666667
-61.56666666666667
-61.3
-61.233333333333334
-60.9
-60.7
-60.233333333333334
-60.0
-59.733333333333334
-59.5
-59.1
-58.9
-58.733333333333334
-58.333333333333336
-58.13333333333333
-58.03333333333333
-57.8
-57.333333333333336
-57.266666666666666
-57.1
-56.86666666666667
-56.7
-56.53333333333333
-56.3
-56.13333333333333
-56.06666666666667
-55.766666666666666
-55.63333333333333
-55.733333333333334
-55.266666666666666
-55.36666666666667
-55.0
-54.9
-54.8
-54.7
-54.43333333333333
-54.43333333333333
-54.266666666666666
-54.13333333333333
-54.06666666666667
-54.166666666666664
-53.93333333333333
-53.86666666666667
-53.666666666666664
-53.6
-53.53333333333333
-53.43333333333333
-53.4
-53.233333333333334
-53.166666666666664
-53.06666666666667
-53.166666666666664
-53.13333333333333
-52.93333333333333
-53.0
-52.9
-52.766666666666666
-52.7
-52.666666666666664
-52.46666666666667
-52.56666666666667
-52.333333333333336
-52.4
-52.3
-52.266666666666666
-52.266666666666666
-52.333333333333336
-52.166666666666664
-52.0
-51.833333333333336
-51.766666666666666
-51.7
-51.7
-51.733333333333334
-51.6
-51.5
-51.53333333333333
-51.36666666666667
-51.266666666666666
-51.266666666666666
-51.333333333333336
-51.333333333333336
-51.2
-51.166666666666664
-51.166666666666664
-51.166666666666664
-51.166666666666664
-51.13333333333333
-51.03333333333333
-51.0
-51.0
-50.9
-51.0
-50.9
-50.833333333333336
-50.833333333333336
-50.8
-50.8
-50.733333333333334
-50.7
-50.766666666666666
-50.666666666666664
-50.766666666666666
-50.63333333333333
-50.833333333333336
-50.6
-50.6
-50.7
-50.8
-50.56666666666667
-50.666666666666664
-50.666666666666664
-50.5
-50.5
-50.5
-50.46666666666667
-50.6
-50.5
-50.333333333333336
-50.333333333333336
-50.3
-50.36666666666667
-50.333333333333336
-50.233333333333334
-50.3
-50.4
-50.166666666666664
-50.166666666666664
-50.13333333333333
-50.13333333333333
-50.1
-50.166666666666664
-50.03333333333333
-50.03333333333333
-50.03333333333333
-50.13333333333333
-50.0
-49.96666666666667
-49.96666666666667
-49.96666666666667
-50.06666666666667
-50.03333333333333
-49.93333333333333
-49.93333333333333
-49.93333333333333
-49.86666666666667
-49.9
-49.8
-49.8
-49.8
