-375.8
-361.1333333333333
-361.1333333333333
-349.3
-347.06666666666666
-342.96666666666664
-342.3
-340.3
-340.2
-338.73333333333335
-338.46666666666664
-338.0
-337.8333333333333
-337.73333333333335
-337.46666666666664
-337.6333333333333
-337.4
-337.56666666666666
-337.3666666666667
-337.53333333333336
-337.3666666666667
-337.46666666666664
-337.23333333333335
-337.4
-337.23333333333335
-337.3666666666667
-337.2
-337.3
-337.1666666666667
-337.26666666666665
-337.1666666666667
-337.1666666666667
-337.1666666666667
-337.1666666666667
-337.1666666666667
-337.1666666666667
-337.1666666666667
-337.1333333333333
-337.1666666666667
-337.1333333333333
-337.1666666666667
-337.1333333333333
-337.1666666666667
-337.1333333333333
-337.1666666666667
-337.1333333333333
-337.1333333333333
-337.1333333333333
-337.1333333333333
-337.1333333333333
-337.1333333333333
-337.1333333333333
-337.1333333333333
-337.1333333333333
-337.1333333333333
-337.1333333333333
-337.1333333333333
-337.1333333333333
-337.1333333333333
-337.1333333333333
-337.1333333333333
-337.1333333333333
-337.1333333333333
-337.1333333333333
-337.1333333333333
-337.1333333333333
-337.1333333333333
-337.1333333333333
-337.1333333333333
-337.1333333333333
-337.1333333333333
-337.1333333333333
-337.1333333333333
-337.1333333333333
-337.1333333333333
-337.1333333333333
-337.1333333333333
-337.1333333333333
-337.1333333333333
-337.1333333333333
-337.1333333333333
-337.1333333333333
-337.1333333333333
-337.1333333333333
-337.1333333333333
-337.1333333333333
-337.1333333333333
-337.1333333333333
-337.1333333333333
-337.1333333333333
-337.1333333333333
-337.1333333333333
-337.1333333333333
-337.1333333333333
-337.1333333333333
-337.1333333333333
-337.1333333333333
-337.1333333333333
-337.1333333333333
-337.1333333333333
-337.1333333333333
-337.1333333333333
-337.1333333333333
-337.1333333333333
-337.1333333333333
-337.1333333333333
-337.1333333333333
-337.1333333333333
-337.1333333333333
-337.1333333333333
-337.1333333333333
-337.1333333333333
-337.1333333333333
-337.1333333333333
-337.1333333333333
-337.1333333333333
-337.1333333333333
-337.1333333333333
-337.1333333333333
-337.1333333333333
-337.1333333333333
-337.1333333333333
-337.1333333333333
-337.1333333333333
-337.1333333333333
-337.1333333333333
-337.1333333333333
-337.1333333333333
-337.0344827586207
-337.0344827586207
-337.0344827586207
-337.0344827586207
-337.0344827586207
-337.0344827586207
-337.0344827586207
-337.0344827586207
-337.0344827586207
-337.0344827586207
-337.0344827586207
-337.0344827586207
-337.0344827586207
-337.0344827586207
-337.0344827586207
-337.0344827586207
-337.0344827586207
-337.0344827586207
-337.0344827586207
-337.0344827586207
-337.0344827586207
-337.0344827586207
-337.0344827586207
-337.0344827586207
-337.0344827586207
-337.0344827586207
-337.0344827586207
-337.0344827586207
-337.0344827586207
-337.0344827586207
-337.0344827586207
-337.0344827586207
-337.0344827586207
-337.0344827586207
-337.0344827586207
-337.0344827586207
-337.0344827586207
-336.89285714285717
-336.89285714285717
-336.89285714285717
-336.89285714285717
-336.89285714285717
-337.0740740740741
-337.4583333333333
-336.95238095238096
-336.95238095238096
-336.95238095238096
-336.95238095238096
-336.95238095238096
-336.95238095238096
-336.95238095238096
-336.95238095238096
-336.95238095238096
-337.4
-337.4
-337.4
-337.1578947368421
-336.75
-336.75
-336.75
-336.75
-336.6
-336.85714285714283
-336.4166666666667
-337.3333333333333
-338.4
-340.0
