-375.8333333333333
-360.8333333333333
-359.93333333333334
-347.9
-345.43333333333334
-338.46666666666664
-333.2
-328.96666666666664
-324.6666666666667
-322.0
-319.23333333333335
-317.26666666666665
-314.76666666666665
-312.96666666666664
-310.56666666666666
-308.6666666666667
-305.96666666666664
-304.23333333333335
-301.46666666666664
-299.6
-296.46666666666664
-294.53333333333336
-290.26666666666665
-287.8333333333333
-282.9
-280.43333333333334
-275.4
-272.7
-267.73333333333335
-264.7
-258.6333333333333
-255.36666666666667
-246.66666666666666
-242.7
-232.9
-228.73333333333332
-218.8
-214.9
-205.13333333333333
-199.76666666666668
-190.73333333333332
-185.1
-177.0
-172.3
-163.83333333333334
-159.1
-150.36666666666667
-144.66666666666666
-137.76666666666668
-130.93333333333334
-124.6
-117.2
-110.9
-104.7
-99.0
-94.53333333333333
-90.63333333333334
-87.23333333333333
-83.86666666666666
-81.33333333333333
-79.96666666666667
-77.73333333333333
-76.9
-75.5
-74.66666666666667
-73.93333333333334
-73.06666666666666
-72.5
-71.63333333333334
-70.8
-70.03333333333333
-69.43333333333334
-68.7
-68.0
-67.56666666666666
-67.16666666666667
-66.86666666666666
-66.26666666666667
-65.96666666666667
-65.46666666666667
-65.13333333333334
-64.73333333333333
-64.43333333333334
-64.2
-64.0
-63.46666666666667
-63.4
-63.03333333333333
-62.666666666666664
-62.333333333333336
-62.0
-61.93333333333333
-61.46666666666667
-61.333333333333336
-61.0
-60.733333333333334
-60.63333333333333
-60.36666666666667
-60.166666666666664
-59.9
-59.766666666666666
-59.666666666666664
-59.46666666666667
-59.2
-58.96666666666667
-58.86666666666667
-58.8
-58.5
-58.4
-58.233333333333334
-58.03333333333333
-57.96666666666667
-57.833333333333336
-57.733333333333334
-57.63333333333333
-57.5
-57.46666666666667
-57.2
-57.13333333333333
-56.96666666666667
-56.86666666666667
-56.8
-56.766666666666666
-56.6
-56.53333333333333
-56.43333333333333
-56.3
-56.333333333333336
-56.166666666666664
-56.1
-55.96666666666667
-55.93333333333333
-55.7
-55.666666666666664
-55.766666666666666
-55.766666666666666
-55.5
-55.43333333333333
-55.43333333333333
-55.43333333333333
-55.333333333333336
-55.2
-55.1
-55.06666666666667
-55.0
-54.9
-54.758620689655174
-54.88461538461539
-54.84
-54.72
-54.72727272727273
-55.05555555555556
-54.8125
-54.46153846153846
-54.69230769230769
-54.46153846153846
-54.38461538461539
-54.38461538461539
-54.30769230769231
-54.23076923076923
-54.23076923076923
-54.15384615384615
-53.92307692307692
-53.84615384615385
-53.84615384615385
-54.07692307692308
-53.76923076923077
-54.0
-53.666666666666664
-53.81818181818182
-55.333333333333336
-55.5
-55.5
-56.0
-55.0
