-375.8666666666667
-361.1666666666667
-350.53333333333336
-345.76666666666665
-342.43333333333334
-340.3666666666667
-339.43333333333334
-338.8
-338.5
-337.96666666666664
-337.53333333333336
-337.26666666666665
-336.96666666666664
-336.8333333333333
-336.8
-336.8
-336.8
-336.76666666666665
-336.73333333333335
-336.73333333333335
-336.73333333333335
-336.73333333333335
-336.73333333333335
-336.73333333333335
-336.73333333333335
-336.73333333333335
-336.73333333333335
-336.73333333333335
-336.73333333333335
-336.73333333333335
-336.73333333333335
-336.73333333333335
-336.73333333333335
-336.73333333333335
-336.73333333333335
-336.73333333333335
-336.73333333333335
-336.73333333333335
-336.73333333333335
-336.73333333333335
-336.73333333333335
-336.73333333333335
-336.73333333333335
-336.73333333333335
-336.73333333333335
-336.73333333333335
-336.73333333333335
-336.73333333333335
-336.73333333333335
-336.73333333333335
-336.73333333333335
-336.73333333333335
-336.73333333333335
-336.73333333333335
-336.73333333333335
-336.73333333333335
-336.73333333333335
-336.73333333333335
-336.73333333333335
-336.73333333333335
-336.73333333333335
-336.73333333333335
-336.73333333333335
-336.73333333333335
-336.73333333333335
-336.73333333333335
-336.73333333333335
-336.73333333333335
-336.73333333333335
-336.73333333333335
-336.73333333333335
-336.73333333333335
-336.73333333333335
-336.73333333333335
-336.73333333333335
-336.73333333333335
-336.73333333333335
-336.73333333333335
-336.73333333333335
-336.73333333333335
-336.73333333333335
-336.73333333333335
-336.73333333333335
-336.73333333333335
-336.73333333333335
-336.73333333333335
-336.73333333333335
-336.73333333333335
-336.73333333333335
-336.73333333333335
-336.73333333333335
-336.73333333333335
-336.73333333333335
-336.73333333333335
-336.73333333333335
-336.73333333333335
-336.73333333333335
-336.73333333333335
-336.73333333333335
-336.73333333333335
-336.73333333333335
-336.73333333333335
-336.73333333333335
-336.73333333333335
-336.73333333333335
-336.73333333333335
-336.73333333333335
-336.73333333333335
-336.73333333333335
-336.73333333333335
-336.73333333333335
-336.73333333333335
-336.73333333333335
-336.73333333333335
-336.73333333333335
-336.73333333333335
-336.73333333333335
-336.73333333333335
-336.73333333333335
-336.73333333333335
-336.73333333333335
-336.73333333333335
-336.73333333333335
-336.73333333333335
-336.73333333333335
-336.73333333333335
-336.73333333333335
-336.73333333333335
-336.73333333333335
-336.73333333333335
-336.73333333333335
-336.73333333333335
-336.73333333333335
-336.73333333333335
-336.73333333333335
-336.73333333333335
-336.73333333333335
-336.73333333333335
-336.73333333333335
-336.73333333333335
-336.73333333333335
-336.73333333333335
-336.73333333333335
-336.73333333333335
-336.73333333333335
-336.73333333333335
-336.73333333333335
-336.73333333333335
-336.73333333333335
-336.73333333333335
-336.73333333333335
-336.73333333333335
-336.73333333333335
-336.73333333333335
-336.73333333333335
-336.73333333333335
-336.73333333333335
-336.73333333333335
-336.73333333333335
-336.73333333333335
-336.73333333333335
-336.73333333333335
-336.73333333333335
-336.73333333333335
-336.73333333333335
-336.73333333333335
-336.73333333333335
-336.73333333333335
-336.73333333333335
-336.73333333333335
-336.73333333333335
-336.73333333333335
-336.73333333333335
-336.73333333333335
-336.73333333333335
-336.73333333333335
-336.73333333333335
-336.73333333333335
-336.73333333333335
-336.73333333333335
-336.73333333333335
-336.73333333333335
-336.73333333333335
-336.73333333333335
-336.73333333333335
-336.73333333333335
-336.73333333333335
-336.73333333333335
-336.73333333333335
-336.73333333333335
-336.73333333333335
-336.73333333333335
-336.73333333333335
-336.73333333333335
-336.73333333333335
-336.73333333333335
-336.73333333333335
-336.73333333333335
-336.73333333333335
