-375.8333333333333
-360.76666666666665
-349.2
-341.8333333333333
-321.9
-210.6
-117.7
-106.06666666666666
-103.56666666666666
-101.83333333333333
-99.6
-97.1
-92.8
-90.1
-87.33333333333333
-85.06666666666666
-82.23333333333333
-80.03333333333333
-78.3
-76.23333333333333
-74.7
-73.86666666666666
-72.56666666666666
-71.36666666666666
-70.63333333333334
-70.0
-68.83333333333333
-68.36666666666666
-67.76666666666667
-67.1
-66.53333333333333
-66.13333333333334
-65.46666666666667
-65.06666666666666
-64.66666666666667
-64.2
-63.9
-63.333333333333336
-62.93333333333333
-62.43333333333333
-62.0
-61.53333333333333
-61.166666666666664
-61.13333333333333
-60.5
-60.266666666666666
-60.13333333333333
-59.53333333333333
-59.2
-59.06666666666667
-58.666666666666664
-58.53333333333333
-58.2
-58.0
-57.96666666666667
-57.6
-57.43333333333333
-57.2
-57.06666666666667
-56.93333333333333
-56.96666666666667
-56.7
-56.63333333333333
-56.333333333333336
-56.2
-56.1
-55.9
-55.8
-55.8
-55.56666666666667
-55.36666666666667
-55.233333333333334
-55.3
-55.03333333333333
-54.86666666666667
-54.733333333333334
-54.733333333333334
-54.46666666666667
-54.46666666666667
-54.5
-54.166666666666664
-54.03333333333333
-53.96666666666667
-53.8
-53.833333333333336
-53.766666666666666
-53.733333333333334
-53.4
-53.3
-53.233333333333334
-53.0
-52.93333333333333
-52.86666666666667
-52.8
-52.8
-52.43333333333333
-52.43333333333333
-52.333333333333336
-52.4
-52.46666666666667
-52.03333333333333
-52.0
-51.9
-51.86666666666667
-51.8
-51.9
-51.766666666666666
-51.63333333333333
-51.8
-51.43333333333333
-51.36666666666667
-51.36666666666667
-51.333333333333336
-51.43333333333333
-51.233333333333334
-51.233333333333334
-51.233333333333334
-51.2
-51.166666666666664
-51.3
-51.03333333333333
-51.13333333333333
-51.0
-50.96666666666667
-50.9
-50.9
-50.9
-50.96666666666667
-50.833333333333336
-50.8
-50.766666666666666
-50.7
-50.766666666666666
-50.666666666666664
-50.53333333333333
-50.46666666666667
-50.63333333333333
-50.36666666666667
-50.46666666666667
-50.3
-50.233333333333334
-50.333333333333336
-50.166666666666664
-50.166666666666664
-50.1
-50.2
-50.1
-50.06666666666667
-50.03333333333333
-50.03333333333333
-49.96666666666667
-50.1
-49.96666666666667
-50.03333333333333
-49.96666666666667
-49.86666666666667
-49.86666666666667
-50.0
-49.8
-49.733333333333334
-49.7
-49.666666666666664
-49.63333333333333
-49.7
-49.56666666666667
-49.53333333333333
-49.46666666666667
-49.43333333333333
-49.4
-49.4
-49.36666666666667
-49.3
-49.3
-49.3
-49.3
-49.3
-49.4
-49.233333333333334
-49.166666666666664
-49.266666666666666
-49.13333333333333
-49.233333333333334
-49.06666666666667
-49.06666666666667
-49.03333333333333
-49.0
-49.0
-49.1
-48.96666666666667
-48.96666666666667
-48.9
-49.0
-48.86666666666667
-48.86666666666667
-48.833333333333336
-48.833333333333336
-48.833333333333336
-48.833333333333336
-48.833333333333336
