-375.8666666666667
-361.1666666666667
-361.1666666666667
-350.6666666666667
-350.6666666666667
-345.6666666666667
-345.6666666666667
-341.8666666666667
-341.8666666666667
-339.43333333333334
-339.43333333333334
-338.3666666666667
-338.3
-338.0
-337.76666666666665
-337.6333333333333
-337.5
-337.4
-337.23333333333335
-337.23333333333335
-337.1666666666667
-337.1666666666667
-337.1666666666667
-337.1333333333333
-337.1
-337.1
-337.1
-337.1
-337.1
-337.06666666666666
-337.06666666666666
-337.06666666666666
-337.06666666666666
-337.06666666666666
-337.06666666666666
-337.06666666666666
-337.06666666666666
-337.06666666666666
-337.06666666666666
-337.06666666666666
-337.06666666666666
-337.06666666666666
-337.06666666666666
-337.06666666666666
-337.06666666666666
-337.06666666666666
-337.06666666666666
-337.06666666666666
-337.06666666666666
-337.06666666666666
-337.06666666666666
-337.06666666666666
-337.06666666666666
-337.06666666666666
-337.06666666666666
-337.06666666666666
-337.06666666666666
-337.06666666666666
-337.06666666666666
-337.06666666666666
-337.06666666666666
-337.06666666666666
-337.06666666666666
-337.06666666666666
-337.06666666666666
-337.06666666666666
-337.06666666666666
-337.06666666666666
-337.06666666666666
-337.06666666666666
-337.06666666666666
-337.06666666666666
-337.06666666666666
-337.06666666666666
-337.06666666666666
-337.06666666666666
-337.06666666666666
-337.06666666666666
-337.06666666666666
-337.06666666666666
-337.06666666666666
-337.06666666666666
-337.06666666666666
-337.06666666666666
-337.06666666666666
-337.06666666666666
-337.06666666666666
-337.06666666666666
-337.06666666666666
-337.06666666666666
-337.06666666666666
-337.06666666666666
-337.06666666666666
-337.06666666666666
-337.06666666666666
-337.06666666666666
-337.06666666666666
-337.06666666666666
-337.06666666666666
-337.06666666666666
-337.06666666666666
-337.06666666666666
-337.06666666666666
-337.06666666666666
-337.06666666666666
-337.06666666666666
-337.06666666666666
-337.06666666666666
-337.06666666666666
-337.06666666666666
-337.06666666666666
-337.06666666666666
-337.06666666666666
-337.06666666666666
-337.06666666666666
-337.06666666666666
-337.06666666666666
-337.06666666666666
-337.06666666666666
-337.06666666666666
-337.06666666666666
-337.06666666666666
-337.06666666666666
-337.06666666666666
-337.06666666666666
-337.06666666666666
-337.06666666666666
-337.06666666666666
-337.06666666666666
-337.06666666666666
-337.06666666666666
-337.06666666666666
-337.06666666666666
-337.06666666666666
-337.06666666666666
-337.06666666666666
-337.06666666666666
-337.06666666666666
-337.06666666666666
-337.06666666666666
-337.06666666666666
-337.06666666666666
-337.06666666666666
-337.06666666666666
-337.06666666666666
-337.06666666666666
-337.06666666666666
-337.06666666666666
-337.06666666666666
-337.06666666666666
-337.06666666666666
-337.06666666666666
-337.06666666666666
-337.06666666666666
-337.06666666666666
-337.06666666666666
-337.06666666666666
-337.06666666666666
-337.06666666666666
-337.06666666666666
-337.06666666666666
-337.06666666666666
-337.06666666666666
-337.06666666666666
-337.06666666666666
-337.06666666666666
-337.06666666666666
-337.06666666666666
-337.06666666666666
-337.06666666666666
-337.06666666666666
-337.06666666666666
-337.06666666666666
-337.06666666666666
-337.06666666666666
-337.06666666666666
-337.06666666666666
-337.06666666666666
-337.06666666666666
-337.06666666666666
-337.06666666666666
-337.06666666666666
-337.06666666666666
-337.06666666666666
-337.06666666666666
-337.06666666666666
-337.06666666666666
-337.06666666666666
-337.06666666666666
-337.06666666666666
-337.06666666666666
-337.06666666666666
-337.06666666666666
-337.06666666666666
-336.9642857142857
-337.4761904761905
-341.0
