-375.76666666666665
-360.8333333333333
-360.8333333333333
-349.43333333333334
-349.43333333333334
-343.8
-343.8
-339.2
-339.2
-335.46666666666664
-335.46666666666664
-331.6333333333333
-331.6333333333333
-327.3
-327.3
-321.93333333333334
-321.93333333333334
-316.03333333333336
-316.03333333333336
-311.8666666666667
-311.8666666666667
-307.76666666666665
-307.73333333333335
-302.46666666666664
-302.4
-296.0
-295.93333333333334
-289.5
-289.43333333333334
-282.6666666666667
-282.6
-275.1333333333333
-275.0
-267.8666666666667
-267.46666666666664
-259.23333333333335
-258.46666666666664
-250.26666666666668
-249.36666666666667
-239.23333333333332
-238.43333333333334
-225.06666666666666
-224.26666666666668
-210.06666666666666
-209.26666666666668
-194.06666666666666
-193.66666666666666
-177.53333333333333
-176.7
-160.36666666666667
-159.56666666666666
-142.36666666666667
-142.13333333333333
-125.93333333333334
-125.66666666666667
-112.36666666666666
-112.23333333333333
-100.9
-100.76666666666667
-90.0
-89.6
-83.4
-83.03333333333333
-77.8
-77.56666666666666
-74.63333333333334
-74.1
-72.6
-72.3
-71.26666666666667
-70.86666666666666
-70.1
-69.76666666666667
-69.13333333333334
-68.66666666666667
-68.03333333333333
-67.66666666666667
-67.23333333333333
-67.03333333333333
-66.5
-66.23333333333333
-66.0
-65.6
-65.16666666666667
-64.8
-64.43333333333334
-64.0
-63.56666666666667
-63.333333333333336
-62.93333333333333
-62.833333333333336
-62.43333333333333
-62.233333333333334
-61.8
-61.56666666666667
-61.333333333333336
-61.1
-60.93333333333333
-60.86666666666667
-60.666666666666664
-60.53333333333333
-60.333333333333336
-60.03333333333333
-59.96666666666667
-59.666666666666664
-59.56666666666667
-59.266666666666666
-59.166666666666664
-58.86666666666667
-58.666666666666664
-58.43333333333333
-58.333333333333336
-58.233333333333334
-58.13333333333333
-57.93333333333333
-57.666666666666664
-57.53333333333333
-57.4
-57.166666666666664
-57.13333333333333
-57.2
-56.96666666666667
-56.7
-56.6
-56.56666666666667
-56.36666666666667
-56.2
-56.13333333333333
-56.06666666666667
-55.86666666666667
-55.666666666666664
-55.666666666666664
-55.7
-55.56666666666667
-55.43333333333333
-55.333333333333336
-55.3
-55.233333333333334
-55.1
-54.96666666666667
-55.0
-54.8
-54.766666666666666
-54.7
-54.63333333333333
-54.53333333333333
-54.46666666666667
-54.333333333333336
-54.266666666666666
-54.233333333333334
-54.06666666666667
-54.0
-53.96666666666667
-53.9
-53.86666666666667
-53.8
-53.7
-53.63333333333333
-53.6
-53.56666666666667
-53.56666666666667
-53.333333333333336
-53.3
-53.233333333333334
-53.166666666666664
-53.206896551724135
-53.06896551724138
-53.074074074074076
-53.0
-53.19047619047619
-53.22222222222222
-53.18181818181818
-52.333333333333336
-53.0
-52.0
