-375.8333333333333
-361.2
-350.9
-346.1666666666667
-342.6666666666667
-340.9
-339.6333333333333
-338.96666666666664
-338.3666666666667
-337.8
-337.46666666666664
-337.2
-336.96666666666664
-336.7
-336.53333333333336
-336.5
-336.5
-336.5
-336.46666666666664
-336.46666666666664
-336.46666666666664
-336.46666666666664
-336.46666666666664
-336.46666666666664
-336.46666666666664
-336.46666666666664
-336.46666666666664
-336.46666666666664
-336.46666666666664
-336.46666666666664
-336.46666666666664
-336.46666666666664
-336.46666666666664
-336.46666666666664
-336.46666666666664
-336.46666666666664
-336.46666666666664
-336.46666666666664
-336.46666666666664
-336.46666666666664
-336.46666666666664
-336.46666666666664
-336.46666666666664
-336.46666666666664
-336.46666666666664
-336.46666666666664
-336.46666666666664
-336.46666666666664
-336.46666666666664
-336.46666666666664
-336.46666666666664
-336.46666666666664
-336.46666666666664
-336.46666666666664
-336.46666666666664
-336.46666666666664
-336.46666666666664
-336.46666666666664
-336.46666666666664
-336.46666666666664
-336.46666666666664
-336.46666666666664
-336.46666666666664
-336.46666666666664
-336.46666666666664
-336.46666666666664
-336.46666666666664
-336.46666666666664
-336.46666666666664
-336.46666666666664
-336.46666666666664
-336.46666666666664
-336.46666666666664
-336.46666666666664
-336.46666666666664
-336.46666666666664
-336.46666666666664
-336.46666666666664
-336.46666666666664
-336.46666666666664
-336.46666666666664
-336.46666666666664
-336.46666666666664
-336.46666666666664
-336.46666666666664
-336.46666666666664
-336.46666666666664
-336.46666666666664
-336.46666666666664
-336.46666666666664
-336.46666666666664
-336.46666666666664
-336.46666666666664
-336.46666666666664
-336.46666666666664
-336.46666666666664
-336.46666666666664
-336.46666666666664
-336.46666666666664
-336.46666666666664
-336.46666666666664
-336.46666666666664
-336.46666666666664
-336.46666666666664
-336.46666666666664
-336.46666666666664
-336.46666666666664
-336.46666666666664
-336.46666666666664
-336.46666666666664
-336.46666666666664
-336.46666666666664
-336.46666666666664
-336.46666666666664
-336.46666666666664
-336.46666666666664
-336.46666666666664
-336.46666666666664
-336.46666666666664
-336.46666666666664
-336.46666666666664
-336.46666666666664
-336.46666666666664
-336.46666666666664
-336.46666666666664
-336.46666666666664
-336.46666666666664
-336.46666666666664
-336.46666666666664
-336.46666666666664
-336.46666666666664
-336.46666666666664
-336.46666666666664
-336.46666666666664
-336.46666666666664
-336.46666666666664
-336.46666666666664
-336.46666666666664
-336.46666666666664
-336.46666666666664
-336.46666666666664
-336.46666666666664
-336.46666666666664
-336.46666666666664
-336.46666666666664
-336.46666666666664
-336.46666666666664
-336.46666666666664
-336.46666666666664
-336.46666666666664
-336.46666666666664
-336.46666666666664
-336.46666666666664
-336.46666666666664
-336.46666666666664
-336.46666666666664
-336.46666666666664
-336.46666666666664
-336.46666666666664
-336.46666666666664
-336.46666666666664
-336.46666666666664
-336.46666666666664
-336.46666666666664
-336.46666666666664
-336.46666666666664
-336.46666666666664
-336.46666666666664
-336.46666666666664
-336.46666666666664
-336.46666666666664
-336.46666666666664
-336.46666666666664
-336.46666666666664
-336.46666666666664
-336.46666666666664
-336.46666666666664
-336.46666666666664
-336.46666666666664
-336.46666666666664
-336.46666666666664
-336.46666666666664
-336.46666666666664
-336.46666666666664
-336.46666666666664
-336.46666666666664
-336.46666666666664
-336.46666666666664
-336.46666666666664
-336.46666666666664
-336.46666666666664
-336.46666666666664
-336.46666666666664
-336.46666666666664
-336.46666666666664
-336.46666666666664
-336.46666666666664
-336.46666666666664
-336.46666666666664
