-375.8666666666667
-360.8333333333333
-348.93333333333334
-341.46666666666664
-321.2
-210.06666666666666
-117.56666666666666
-106.4
-104.23333333333333
-102.4
-99.96666666666667
-96.86666666666666
-95.1
-93.36666666666666
-90.16666666666667
-87.93333333333334
-85.13333333333334
-83.03333333333333
-80.36666666666666
-78.36666666666666
-76.4
-74.46666666666667
-72.86666666666666
-71.66666666666667
-70.4
-69.53333333333333
-68.9
-68.1
-67.73333333333333
-67.06666666666666
-66.53333333333333
-66.2
-65.6
-65.03333333333333
-64.7
-64.23333333333333
-63.666666666666664
-63.166666666666664
-62.766666666666666
-62.3
-61.86666666666667
-61.4
-61.0
-60.63333333333333
-60.333333333333336
-60.1
-59.833333333333336
-59.6
-59.333333333333336
-59.1
-58.8
-58.43333333333333
-58.333333333333336
-58.166666666666664
-57.9
-57.5
-57.3
-57.233333333333334
-56.93333333333333
-56.9
-56.63333333333333
-56.43333333333333
-56.1
-55.93333333333333
-55.7
-55.56666666666667
-55.7
-55.3
-55.2
-55.0
-55.1
-54.766666666666666
-54.6
-54.4
-54.53333333333333
-54.3
-54.13333333333333
-53.833333333333336
-53.733333333333334
-53.56666666666667
-53.5
-53.43333333333333
-53.166666666666664
-53.1
-53.2
-52.766666666666666
-52.63333333333333
-52.6
-52.46666666666667
-52.56666666666667
-52.43333333333333
-52.3
-52.166666666666664
-52.233333333333334
-52.1
-51.833333333333336
-51.86666666666667
-51.666666666666664
-51.666666666666664
-51.53333333333333
-51.5
-51.43333333333333
-51.36666666666667
-51.46666666666667
-51.3
-51.233333333333334
-51.233333333333334
-51.1
-51.1
-51.0
-51.1
-50.93333333333333
-51.0
-50.833333333333336
-50.9
-50.8
-50.6
-50.7
-50.666666666666664
-50.63333333333333
-50.53333333333333
-50.53333333333333
-50.46666666666667
-50.56666666666667
-50.46666666666667
-50.43333333333333
-50.4
-50.233333333333334
-50.2
-50.233333333333334
-50.13333333333333
-50.166666666666664
-50.0
-50.0
-50.0
-50.0
-49.93333333333333
-49.96666666666667
-49.86666666666667
-49.733333333333334
-49.733333333333334
-49.733333333333334
-49.7
-49.7
-49.666666666666664
-49.6
-49.666666666666664
-49.56666666666667
-49.56666666666667
-49.53333333333333
-49.53333333333333
-49.5
-49.36666666666667
-49.266666666666666
-49.266666666666666
-49.266666666666666
-49.43333333333333
-49.166666666666664
-49.166666666666664
-49.1
-49.06666666666667
-49.03333333333333
-49.0
-49.0
-48.96666666666667
-48.96666666666667
-48.9
-48.9
-48.9
-48.96666666666667
-48.833333333333336
-48.9
-48.766666666666666
-48.833333333333336
-48.7
-48.733333333333334
-48.733333333333334
-48.7
-48.6
-48.56666666666667
-48.53333333333333
-48.63333333333333
-48.53333333333333
-48.5
-48.46666666666667
-48.46666666666667
-48.43333333333333
-48.43333333333333
-48.63333333333333
-48.43333333333333
-48.43333333333333
-48.36666666666667
-48.5
-48.3
-48.3
-48.233333333333334
-48.2
-48.166666666666664
-48.166666666666664
