-375.8333333333333
-361.26666666666665
-360.73333333333335
-348.96666666666664
-345.73333333333335
-341.3
-340.1
-339.8
-339.3333333333333
-338.46666666666664
-337.7
-337.2
-337.1
-336.8333333333333
-336.9
-336.76666666666665
-336.6333333333333
-336.53333333333336
-336.4
-336.46666666666664
-336.26666666666665
-336.3666666666667
-336.23333333333335
-336.3
-336.1333333333333
-336.2
-336.1333333333333
-336.1666666666667
-336.1
-336.1
-336.1
-336.1
-336.1
-336.1
-336.1
-336.1
-336.1
-336.1
-336.1
-336.1
-336.1
-336.1
-336.1
-336.1
-336.1
-336.1
-336.1
-336.1
-336.1
-336.1
-336.1
-336.1
-336.1
-336.1
-336.1
-336.1
-336.1
-336.1
-336.1
-336.1
-336.1
-336.1
-336.1
-336.1
-336.1
-336.1
-336.1
-336.1
-336.1
-336.1
-336.1
-336.1
-336.1
-336.1
-336.1
-336.1
-336.1
-336.1
-336.1
-336.1
-336.1
-336.1
-336.1
-336.1
-336.1
-336.1
-336.1
-336.1
-336.1
-336.1
-336.1
-336.1
-336.1
-336.1
-336.1
-336.1
-336.1
-336.1
-336.1
-336.1
-336.1
-336.1
-336.1
-336.1
-336.1
-336.1
-336.1
-336.1
-336.1
-336.1
-336.1
-336.1
-336.1
-336.1
-336.1
-336.1
-336.1
-336.1
-336.1
-336.1
-336.1
-336.1
-336.1
-336.1
-336.1
-336.1
-336.1
-336.1
-336.1
-336.1
-336.1
-336.1
-336.1
-336.1
-336.1
-336.1
-336.1
-336.1
-336.1
-336.1
-336.1
-336.1
-336.1
-336.1
-336.1
-336.1
-336.1
-336.1
-336.1
-336.1
-336.1
-336.1
-336.1
-336.1
-336.1
-336.1
-336.1
-336.2413793103448
-336.2413793103448
-336.2413793103448
-336.2413793103448
-336.2413793103448
-336.2413793103448
-336.07142857142856
-336.07142857142856
-335.9259259259259
-335.9259259259259
-335.6923076923077
-335.6923076923077
-335.6923076923077
-335.6923076923077
-336.0
-335.6666666666667
-335.6666666666667
-335.6666666666667
-335.6666666666667
-335.6666666666667
-335.6666666666667
-335.6666666666667
-335.6666666666667
-335.42857142857144
-335.42857142857144
-336.4166666666667
-336.3636363636364
-336.3636363636364
-336.3636363636364
-336.3636363636364
-335.8
-335.6666666666667
-335.6666666666667
-335.6666666666667
-335.6666666666667
-337.3333333333333
-336.0
