-375.8333333333333
-360.9
-359.96666666666664
-347.03333333333336
-330.03333333333336
-251.46666666666667
-236.93333333333334
-189.2
-186.86666666666667
-185.26666666666668
-182.53333333333333
-181.33333333333334
-178.3
-176.96666666666667
-174.96666666666667
-173.36666666666667
-172.23333333333332
-170.3
-169.53333333333333
-167.5
-167.03333333333333
-164.93333333333334
-164.56666666666666
-162.03333333333333
-161.4
-159.2
-158.66666666666666
-156.2
-155.8
-152.56666666666666
-151.96666666666667
-148.56666666666666
-147.96666666666667
-145.03333333333333
-144.26666666666668
-140.6
-140.13333333333333
-135.76666666666668
-135.23333333333332
-130.16666666666666
-129.43333333333334
-123.56666666666666
-122.73333333333333
-116.73333333333333
-115.7
-107.96666666666667
-106.96666666666667
-98.63333333333334
-97.8
-92.1
-91.5
-86.23333333333333
-85.6
-79.93333333333334
-78.9
-74.6
-73.96666666666667
-69.53333333333333
-69.26666666666667
-66.56666666666666
-66.4
-64.76666666666667
-64.63333333333334
-63.96666666666667
-63.766666666666666
-62.96666666666667
-62.6
-62.0
-61.46666666666667
-60.833333333333336
-60.7
-60.333333333333336
-60.13333333333333
-59.9
-59.53333333333333
-59.46666666666667
-58.96666666666667
-58.766666666666666
-58.6
-58.3
-58.1
-57.9
-57.766666666666666
-57.46666666666667
-57.3
-57.03333333333333
-56.8
-56.53333333333333
-56.43333333333333
-56.2
-56.1
-55.833333333333336
-55.766666666666666
-55.666666666666664
-55.46666666666667
-55.333333333333336
-55.13333333333333
-55.2
-54.833333333333336
-54.7
-54.6
-54.56666666666667
-54.43333333333333
-54.333333333333336
-54.333333333333336
-54.166666666666664
-54.2
-54.03333333333333
-54.06666666666667
-53.833333333333336
-53.9
-53.86666666666667
-53.63333333333333
-53.46666666666667
-53.43333333333333
-53.36666666666667
-53.233333333333334
-53.166666666666664
-53.266666666666666
-53.233333333333334
-53.06666666666667
-52.9
-52.8
-52.733333333333334
-52.733333333333334
-52.6
-52.46666666666667
-52.46666666666667
-52.43333333333333
-52.266666666666666
-52.333333333333336
-52.266666666666666
-52.1
-52.1
-51.96666666666667
-51.93333333333333
-51.9
-51.96666666666667
-52.0
-51.766666666666666
-51.666666666666664
-51.63333333333333
-51.56666666666667
-51.666666666666664
-51.53333333333333
-51.5
-51.43333333333333
-51.43333333333333
-51.4
-51.4
-51.36666666666667
-51.36666666666667
-51.333333333333336
-51.36666666666667
-51.36666666666667
-51.310344827586206
-51.51851851851852
-51.57692307692308
-52.578947368421055
-53.2
-53.13333333333333
-53.30769230769231
-53.25
-53.25
-53.25
-53.166666666666664
-53.166666666666664
-53.083333333333336
-53.0
-52.916666666666664
-53.0
-53.0
-52.42857142857143
-56.0
-56.0
-56.0
