-375.8666666666667
-361.46666666666664
-351.7
-347.53333333333336
-344.23333333333335
-341.26666666666665
-338.73333333333335
-336.96666666666664
-335.23333333333335
-333.43333333333334
-331.76666666666665
-330.46666666666664
-329.3
-328.26666666666665
-327.5
-326.8666666666667
-326.4
-325.96666666666664
-325.73333333333335
-325.53333333333336
-325.3333333333333
-325.2
-325.0
-324.9
-324.8
-324.8
-324.76666666666665
-324.7
-324.6333333333333
-324.6
-324.6
-324.6
-324.6
-324.6
-324.6
-324.6
-324.6
-324.6
-324.6
-324.6
-324.6
-324.6
-324.6
-324.6
-324.56666666666666
-324.56666666666666
-324.56666666666666
-324.56666666666666
-324.56666666666666
-324.56666666666666
-324.56666666666666
-324.56666666666666
-324.56666666666666
-324.56666666666666
-324.56666666666666
-324.56666666666666
-324.56666666666666
-324.56666666666666
-324.56666666666666
-324.56666666666666
-324.56666666666666
-324.56666666666666
-324.56666666666666
-324.56666666666666
-324.56666666666666
-324.5
-324.46666666666664
-324.46666666666664
-324.46666666666664
-324.46666666666664
-324.43333333333334
-324.43333333333334
-324.43333333333334
-324.43333333333334
-324.43333333333334
-324.4
-324.3666666666667
-324.3333333333333
-324.3
-324.3
-324.3
-324.3
-324.3
-324.3
-324.3
-324.3
-324.3
-324.3
-324.3
-324.3
-324.3
-324.3
-324.3
-324.3
-324.3
-324.3
-324.3
-324.3
-324.3
-324.3
-324.3
-324.3
-324.3
-324.3
-324.3
-324.3
-324.3
-324.3
-324.3
-324.3
-324.3
-324.3
-324.3
-324.3
-324.3
-324.3
-324.3
-324.3
-324.3
-324.3
-324.3
-324.3
-324.3
-324.3
-324.3
-324.3
-324.3
-324.3
-324.3
-324.3
-324.3
-324.3
-324.3
-324.3
-324.3
-324.3
-324.3
-324.3
-324.3
-324.3
-324.3
-324.3
-324.3
-324.3
-324.3
-324.3
-324.3
-324.3
-324.3
-324.3
-324.3
-324.3
-324.3
-324.3
-324.3
-324.3
-324.3
-324.3
-324.3
-324.3
-324.3
-324.3
-324.3
-324.3
-324.3
-324.3
-324.3
-324.3
-324.3
-324.3
-324.3
-324.3
-324.3
-324.3
-324.3
-324.3
-324.3
-324.3
-324.3
-324.3
-324.3
-324.3
-324.3
-324.3
-324.3
-324.3
-324.3
-324.3
-324.3
-324.3
-324.3
-324.3
-324.3
-324.3
-324.3
-324.3
-324.3
-324.3
-324.3
