-375.8666666666667
-361.0
-350.4
-345.6
-341.43333333333334
-337.8333333333333
-334.93333333333334
-331.9
-329.06666666666666
-326.3333333333333
-323.8
-321.43333333333334
-318.96666666666664
-316.26666666666665
-313.6333333333333
-310.76666666666665
-307.3
-304.2
-301.03333333333336
-297.7
-294.1
-290.6333333333333
-286.8333333333333
-282.6333333333333
-278.3333333333333
-274.5
-270.93333333333334
-267.1666666666667
-263.6666666666667
-260.6666666666667
-257.6
-254.6
-251.46666666666667
-247.8
-244.2
-240.43333333333334
-236.33333333333334
-231.93333333333334
-227.7
-222.7
-217.46666666666667
-212.33333333333334
-207.23333333333332
-202.3
-197.76666666666668
-193.06666666666666
-189.4
-185.86666666666667
-182.5
-179.33333333333334
-175.23333333333332
-171.36666666666667
-167.26666666666668
-162.63333333333333
-158.16666666666666
-153.56666666666666
-148.96666666666667
-144.83333333333334
-140.1
-135.7
-131.76666666666668
-127.4
-123.6
-119.63333333333334
-116.16666666666667
-112.53333333333333
-108.76666666666667
-105.16666666666667
-101.86666666666666
-99.1
-96.53333333333333
-94.3
-92.13333333333334
-90.43333333333334
-88.83333333333333
-87.43333333333334
-86.3
-84.9
-83.53333333333333
-82.4
-81.4
-80.4
-79.4
-78.6
-77.63333333333334
-76.63333333333334
-75.63333333333334
-74.9
-74.3
-73.8
-73.1
-72.6
-72.13333333333334
-71.6
-71.16666666666667
-70.73333333333333
-70.3
-69.86666666666666
-69.6
-69.36666666666666
-69.0
-68.76666666666667
-68.56666666666666
-68.2
-68.03333333333333
-68.0
-67.73333333333333
-67.4
-67.2
-67.06666666666666
-66.86666666666666
-66.7
-66.43333333333334
-66.23333333333333
-66.16666666666667
-65.9
-65.66666666666667
-65.53333333333333
-65.26666666666667
-65.1
-65.0
-64.86666666666666
-64.73333333333333
-64.53333333333333
-64.36666666666666
-64.13333333333334
-64.1
-63.96666666666667
-63.86666666666667
-63.7
-63.56666666666667
-63.53333333333333
-63.266666666666666
-63.166666666666664
-63.06666666666667
-63.0
-62.8
-62.666666666666664
-62.56666666666667
-62.53333333333333
-62.5
-62.36666666666667
-62.2
-62.166666666666664
-62.1
-62.06666666666667
-61.93333333333333
-61.8
-61.733333333333334
-61.63333333333333
-61.63333333333333
-61.5
-61.43333333333333
-61.4
-61.2
-61.13333333333333
-61.13333333333333
-61.1
-60.96666666666667
-60.9
-60.8
-60.7
-60.666666666666664
-60.53333333333333
-60.43333333333333
-60.43333333333333
-60.3
-60.13333333333333
-60.06666666666667
-59.96666666666667
-59.9
-59.93333333333333
-59.7
-59.666666666666664
-59.56666666666667
-59.5
-59.4
-59.333333333333336
-59.333333333333336
-59.166666666666664
-59.13333333333333
-59.0
-58.96666666666667
-58.833333333333336
-58.9
-58.733333333333334
-58.666666666666664
-58.6
-58.5
-58.5
-58.5
-58.36666666666667
-58.3
-58.3
-58.2
-58.166666666666664
-58.06666666666667
-58.0
-57.93333333333333
