-375.8
-361.46666666666664
-351.76666666666665
-347.6333333333333
-344.3
-341.2
-338.8
-337.1333333333333
-335.2
-333.5
-331.8666666666667
-330.7
-329.3666666666667
-328.5
-327.8666666666667
-327.23333333333335
-326.8
-326.43333333333334
-326.23333333333335
-326.06666666666666
-325.8666666666667
-325.7
-325.6666666666667
-325.6333333333333
-325.6333333333333
-325.6333333333333
-325.6
-325.56666666666666
-325.53333333333336
-325.5
-325.43333333333334
-325.23333333333335
-325.0
-324.96666666666664
-324.93333333333334
-324.93333333333334
-324.9
-324.9
-324.9
-324.9
-324.8666666666667
-324.8666666666667
-324.8666666666667
-324.8666666666667
-324.8666666666667
-324.8666666666667
-324.8333333333333
-324.8333333333333
-324.8
-324.8
-324.7
-324.6666666666667
-324.6
-324.53333333333336
-324.46666666666664
-324.46666666666664
-324.43333333333334
-324.43333333333334
-324.43333333333334
-324.43333333333334
-324.43333333333334
-324.43333333333334
-324.43333333333334
-324.43333333333334
-324.43333333333334
-324.4
-324.3666666666667
-324.3333333333333
-324.26666666666665
-324.26666666666665
-324.23333333333335
-324.23333333333335
-324.23333333333335
-324.23333333333335
-324.23333333333335
-324.23333333333335
-324.23333333333335
-324.23333333333335
-324.23333333333335
-324.23333333333335
-324.23333333333335
-324.23333333333335
-324.23333333333335
-324.23333333333335
-324.23333333333335
-324.23333333333335
-324.23333333333335
-324.23333333333335
-324.23333333333335
-324.23333333333335
-324.23333333333335
-324.23333333333335
-324.23333333333335
-324.23333333333335
-324.23333333333335
-324.23333333333335
-324.23333333333335
-324.23333333333335
-324.23333333333335
-324.23333333333335
-324.23333333333335
-324.23333333333335
-324.23333333333335
-324.23333333333335
-324.23333333333335
-324.23333333333335
-324.23333333333335
-324.23333333333335
-324.23333333333335
-324.23333333333335
-324.23333333333335
-324.23333333333335
-324.23333333333335
-324.23333333333335
-324.23333333333335
-324.23333333333335
-324.23333333333335
-324.23333333333335
-324.23333333333335
-324.23333333333335
-324.23333333333335
-324.23333333333335
-324.23333333333335
-324.23333333333335
-324.23333333333335
-324.23333333333335
-324.23333333333335
-324.23333333333335
-324.23333333333335
-324.23333333333335
-324.23333333333335
-324.23333333333335
-324.23333333333335
-324.23333333333335
-324.23333333333335
-324.23333333333335
-324.23333333333335
-324.23333333333335
-324.23333333333335
-324.23333333333335
-324.23333333333335
-324.23333333333335
-324.23333333333335
-324.23333333333335
-324.23333333333335
-324.2
-324.2
-324.1666666666667
-324.1666666666667
-324.1333333333333
-324.1333333333333
-324.1
-324.1
-324.1
-324.1
-324.1
-324.1
-324.1
-324.1
-324.1
-324.1
-324.1
-324.1
-324.1
-324.1
-324.1
-324.1
-324.1
-324.1
-324.1
-324.1
-324.1
-324.1
-324.1
-324.1
-324.1
-324.1
-324.1
-324.1
-324.1
-324.1
-324.1
-324.1
-324.1
-324.1
-324.1
-324.1
-324.1
-324.1
-324.1
-324.1
-324.1
-324.1
-324.1
-324.1
-324.1
-324.1
-324.1
-324.1
