-375.76666666666665
-360.96666666666664
-350.46666666666664
-345.8
-341.96666666666664
-338.03333333333336
-334.6666666666667
-331.6
-328.43333333333334
-325.76666666666665
-323.03333333333336
-320.3666666666667
-317.7
-315.0
-312.43333333333334
-310.5
-308.1
-305.3666666666667
-301.96666666666664
-298.7
-295.4
-291.6666666666667
-288.46666666666664
-285.03333333333336
-280.93333333333334
-276.8
-272.56666666666666
-268.73333333333335
-264.56666666666666
-261.46666666666664
-258.23333333333335
-254.43333333333334
-250.13333333333333
-245.93333333333334
-241.7
-237.5
-233.5
-229.33333333333334
-225.16666666666666
-221.2
-216.7
-211.63333333333333
-207.23333333333332
-202.13333333333333
-197.3
-192.66666666666666
-188.2
-184.2
-179.5
-174.8
-169.96666666666667
-164.06666666666666
-158.73333333333332
-153.26666666666668
-148.4
-143.66666666666666
-139.03333333333333
-134.96666666666667
-130.76666666666668
-126.7
-122.7
-119.03333333333333
-115.36666666666666
-111.43333333333334
-107.76666666666667
-104.26666666666667
-100.43333333333334
-97.23333333333333
-94.1
-91.26666666666667
-88.76666666666667
-86.43333333333334
-84.63333333333334
-82.93333333333334
-81.56666666666666
-80.4
-78.86666666666666
-77.6
-76.56666666666666
-75.7
-74.86666666666666
-74.03333333333333
-73.43333333333334
-72.63333333333334
-72.1
-71.6
-71.1
-70.6
-70.33333333333333
-69.96666666666667
-69.66666666666667
-69.4
-68.93333333333334
-68.66666666666667
-68.46666666666667
-68.03333333333333
-67.76666666666667
-67.53333333333333
-67.33333333333333
-67.06666666666666
-66.83333333333333
-66.63333333333334
-66.4
-66.2
-66.0
-65.83333333333333
-65.63333333333334
-65.5
-65.36666666666666
-65.23333333333333
-65.03333333333333
-64.9
-64.63333333333334
-64.53333333333333
-64.36666666666666
-64.16666666666667
-64.1
-64.03333333333333
-64.0
-63.833333333333336
-63.6
-63.43333333333333
-63.3
-63.1
-63.03333333333333
-62.9
-62.833333333333336
-62.766666666666666
-62.733333333333334
-62.56666666666667
-62.4
-62.36666666666667
-62.2
-62.03333333333333
-61.93333333333333
-61.9
-61.833333333333336
-61.733333333333334
-61.666666666666664
-61.63333333333333
-61.5
-61.36666666666667
-61.3
-61.233333333333334
-61.2
-61.1
-61.0
-60.9
-60.86666666666667
-60.8
-60.733333333333334
-60.666666666666664
-60.56666666666667
-60.5
-60.4
-60.3
-60.3
-60.2
-60.1
-60.03333333333333
-59.96666666666667
-59.833333333333336
-59.9
-59.7
-59.6
-59.5
-59.5
-59.56666666666667
-59.46666666666667
-59.43333333333333
-59.4
-59.3
-59.2
-59.13333333333333
-59.06666666666667
-58.93333333333333
-58.86666666666667
-58.8
-58.733333333333334
-58.8
-58.666666666666664
-58.5
-58.43333333333333
-58.36666666666667
-58.333333333333336
-58.233333333333334
-58.166666666666664
-58.03333333333333
-57.96666666666667
-57.93333333333333
-57.9
-57.9
-57.86666666666667
-57.8
-57.766666666666666
-57.7
-57.63333333333333
-57.46666666666667
-57.43333333333333
