-375.73333333333335
-361.43333333333334
-351.73333333333335
-347.43333333333334
-344.0
-340.8666666666667
-338.1666666666667
-335.73333333333335
-333.4
-331.6666666666667
-330.2
-328.76666666666665
-327.5
-326.53333333333336
-325.7
-325.1
-324.6
-324.06666666666666
-323.6666666666667
-323.43333333333334
-323.1333333333333
-322.76666666666665
-322.43333333333334
-322.2
-321.96666666666664
-321.76666666666665
-321.6333333333333
-321.43333333333334
-321.3666666666667
-321.26666666666665
-321.1666666666667
-321.1
-321.1
-321.1
-321.06666666666666
-321.06666666666666
-321.06666666666666
-321.06666666666666
-321.06666666666666
-321.06666666666666
-321.06666666666666
-321.06666666666666
-321.06666666666666
-321.06666666666666
-321.06666666666666
-321.06666666666666
-321.06666666666666
-321.06666666666666
-321.06666666666666
-321.06666666666666
-321.06666666666666
-321.06666666666666
-321.06666666666666
-321.06666666666666
-321.06666666666666
-321.06666666666666
-321.06666666666666
-321.06666666666666
-321.06666666666666
-321.06666666666666
-321.06666666666666
-321.06666666666666
-321.06666666666666
-321.06666666666666
-321.06666666666666
-321.06666666666666
-321.06666666666666
-321.06666666666666
-321.06666666666666
-321.06666666666666
-321.06666666666666
-321.06666666666666
-321.06666666666666
-321.06666666666666
-321.06666666666666
-321.06666666666666
-321.06666666666666
-321.06666666666666
-321.06666666666666
-321.06666666666666
-321.06666666666666
-321.06666666666666
-321.06666666666666
-321.06666666666666
-321.06666666666666
-321.06666666666666
-321.06666666666666
-321.06666666666666
-321.06666666666666
-321.06666666666666
-321.06666666666666
-321.06666666666666
-321.06666666666666
-321.06666666666666
-321.06666666666666
-321.06666666666666
-321.06666666666666
-321.06666666666666
-321.06666666666666
-321.06666666666666
-321.06666666666666
-321.06666666666666
-321.06666666666666
-321.06666666666666
-321.06666666666666
-321.06666666666666
-321.06666666666666
-321.06666666666666
-321.06666666666666
-321.06666666666666
-321.06666666666666
-321.06666666666666
-321.06666666666666
-321.06666666666666
-321.06666666666666
-321.06666666666666
-321.06666666666666
-321.06666666666666
-321.06666666666666
-321.06666666666666
-321.06666666666666
-321.06666666666666
-321.06666666666666
-321.06666666666666
-321.06666666666666
-321.06666666666666
-321.06666666666666
-321.06666666666666
-321.06666666666666
-321.06666666666666
-321.06666666666666
-321.06666666666666
-321.06666666666666
-321.06666666666666
-321.06666666666666
-321.06666666666666
-321.06666666666666
-321.06666666666666
-321.06666666666666
-321.06666666666666
-321.06666666666666
-321.06666666666666
-321.06666666666666
-321.06666666666666
-321.06666666666666
-321.06666666666666
-321.06666666666666
-321.06666666666666
-321.06666666666666
-321.06666666666666
-321.06666666666666
-321.06666666666666
-321.06666666666666
-321.06666666666666
-321.06666666666666
-321.06666666666666
-321.06666666666666
-321.06666666666666
-321.06666666666666
-321.06666666666666
-321.06666666666666
-321.06666666666666
-321.06666666666666
-321.06666666666666
-321.06666666666666
-321.06666666666666
-321.06666666666666
-321.06666666666666
-321.06666666666666
-321.06666666666666
-321.06666666666666
-321.06666666666666
-321.06666666666666
-321.06666666666666
-321.06666666666666
-321.06666666666666
-321.06666666666666
-321.06666666666666
-321.06666666666666
-321.06666666666666
-321.06666666666666
-321.06666666666666
-321.06666666666666
-321.06666666666666
-321.06666666666666
-321.06666666666666
-321.06666666666666
-321.06666666666666
-321.06666666666666
-321.06666666666666
-321.06666666666666
-321.06666666666666
-321.06666666666666
-321.06666666666666
-321.06666666666666
-321.06666666666666
-321.06666666666666
-321.06666666666666
-321.06666666666666
