-375.76666666666665
-360.96666666666664
-350.23333333333335
-345.3666666666667
-341.4
-337.76666666666665
-334.4
-331.1666666666667
-328.1
-324.93333333333334
-322.0
-319.1
-316.1333333333333
-313.3
-310.3333333333333
-307.26666666666665
-303.9
-300.4
-296.23333333333335
-292.1333333333333
-288.23333333333335
-284.9
-281.7
-278.1666666666667
-274.6666666666667
-271.0
-267.3333333333333
-263.6
-259.8
-256.2
-252.83333333333334
-248.7
-244.76666666666668
-240.8
-236.5
-231.93333333333334
-227.4
-223.06666666666666
-218.23333333333332
-212.56666666666666
-206.23333333333332
-200.13333333333333
-194.53333333333333
-189.5
-184.7
-180.6
-176.33333333333334
-172.3
-168.53333333333333
-164.16666666666666
-160.0
-155.23333333333332
-150.76666666666668
-146.8
-142.66666666666666
-138.6
-134.8
-130.8
-127.3
-123.93333333333334
-120.43333333333334
-117.36666666666666
-113.96666666666667
-110.6
-107.06666666666666
-103.83333333333333
-100.96666666666667
-98.46666666666667
-96.1
-94.23333333333333
-92.06666666666666
-90.3
-88.6
-86.96666666666667
-85.9
-84.63333333333334
-83.36666666666666
-82.4
-81.5
-80.63333333333334
-79.93333333333334
-79.2
-78.43333333333334
-77.6
-76.8
-76.03333333333333
-75.2
-74.6
-74.0
-73.36666666666666
-72.63333333333334
-72.06666666666666
-71.46666666666667
-70.96666666666667
-70.63333333333334
-70.2
-69.83333333333333
-69.36666666666666
-69.2
-68.86666666666666
-68.6
-68.33333333333333
-68.1
-67.86666666666666
-67.6
-67.5
-67.3
-67.1
-66.96666666666667
-66.86666666666666
-66.7
-66.63333333333334
-66.53333333333333
-66.36666666666666
-66.23333333333333
-66.1
-65.9
-65.73333333333333
-65.63333333333334
-65.5
-65.36666666666666
-65.2
-65.16666666666667
-65.06666666666666
-64.9
-64.8
-64.63333333333334
-64.46666666666667
-64.33333333333333
-64.2
-64.03333333333333
-63.96666666666667
-63.9
-63.8
-63.63333333333333
-63.46666666666667
-63.3
-63.2
-63.1
-62.86666666666667
-62.833333333333336
-62.8
-62.63333333333333
-62.46666666666667
-62.333333333333336
-62.266666666666666
-62.166666666666664
-62.03333333333333
-62.0
-61.86666666666667
-61.766666666666666
-61.666666666666664
-61.6
-61.5
-61.43333333333333
-61.4
-61.166666666666664
-61.13333333333333
-61.13333333333333
-60.96666666666667
-60.9
-60.8
-60.6
-60.56666666666667
-60.53333333333333
-60.5
-60.46666666666667
-60.4
-60.266666666666666
-60.166666666666664
-60.13333333333333
-60.06666666666667
-59.96666666666667
-59.833333333333336
-59.766666666666666
-59.733333333333334
-59.6
-59.5
-59.46666666666667
-59.4
-59.333333333333336
-59.233333333333334
-59.2
-59.166666666666664
-59.0
-59.0
-58.96666666666667
-58.9
-58.9
-58.766666666666666
-58.733333333333334
-58.7
-58.63333333333333
-58.7
-58.56666666666667
-58.53333333333333
-58.46666666666667
-58.43333333333333
-58.4
