-375.76666666666665
-361.43333333333334
-361.3333333333333
-350.9
-349.06666666666666
-343.8666666666667
-342.3
-339.46666666666664
-338.3333333333333
-336.1
-335.1333333333333
-334.03333333333336
-333.23333333333335
-332.3
-331.56666666666666
-330.6666666666667
-329.8
-329.1034482758621
-328.37931034482756
-327.62068965517244
-327.1034482758621
-326.37931034482756
-325.8965517241379
-325.62068965517244
-325.1034482758621
-324.6896551724138
-324.13793103448273
-324.1034482758621
-323.7241379310345
-323.82758620689657
-323.55172413793105
-323.6896551724138
-323.41379310344826
-323.58620689655174
-323.3448275862069
-323.51724137931035
-323.3103448275862
-323.44827586206895
-323.3103448275862
-323.41379310344826
-323.3103448275862
-323.41379310344826
-323.2413793103448
-323.3448275862069
-323.2068965517241
-323.2758620689655
-323.2068965517241
-323.2413793103448
-323.2068965517241
-323.2413793103448
-323.2068965517241
-323.2413793103448
-323.17241379310343
-323.17241379310343
-323.0
-323.0
-322.86206896551727
-322.82758620689657
-322.7241379310345
-322.6896551724138
-322.62068965517244
-322.55172413793105
-322.55172413793105
-322.51724137931035
-322.55172413793105
-322.51724137931035
-322.51724137931035
-322.51724137931035
-322.51724137931035
-322.51724137931035
-322.51724137931035
-322.51724137931035
-322.51724137931035
-322.51724137931035
-322.51724137931035
-322.55172413793105
-322.48275862068965
-322.51724137931035
-322.44827586206895
-322.44827586206895
-322.41379310344826
-322.41379310344826
-322.41379310344826
-322.41379310344826
-322.37931034482756
-322.41379310344826
-322.37931034482756
-322.37931034482756
-322.37931034482756
-322.3448275862069
-322.37931034482756
-322.3448275862069
-322.3448275862069
-322.3448275862069
-322.3448275862069
-322.3448275862069
-322.3448275862069
-322.3103448275862
-322.3448275862069
-322.3103448275862
-322.3448275862069
-322.3103448275862
-322.3448275862069
-322.3103448275862
-322.3103448275862
-322.3103448275862
-322.3103448275862
-322.3103448275862
-322.3103448275862
-322.3103448275862
-322.3103448275862
-322.3103448275862
-322.3103448275862
-322.3103448275862
-322.3103448275862
-322.3103448275862
-322.3103448275862
-322.3103448275862
-322.3103448275862
-322.3103448275862
-322.3103448275862
-322.3103448275862
-322.3103448275862
-322.3103448275862
-322.3103448275862
-322.3103448275862
-322.3103448275862
-322.3103448275862
-322.3103448275862
-322.2857142857143
-322.32142857142856
-322.25
-322.2857142857143
-322.25
-322.25
-322.2142857142857
-322.25
-322.2142857142857
-322.25
-322.44444444444446
-322.44444444444446
-322.44444444444446
-322.44444444444446
-322.44444444444446
-322.44444444444446
-322.44444444444446
-322.44444444444446
-322.44444444444446
-322.44444444444446
-322.44444444444446
-322.44444444444446
-322.44444444444446
-322.44444444444446
-322.44444444444446
-322.44444444444446
-322.7692307692308
-323.08
-323.125
-323.1818181818182
-323.6190476190476
-323.6190476190476
-323.6190476190476
-323.6190476190476
-323.89473684210526
-323.94444444444446
-325.25
-325.6
-326.0
-326.2
-328.5
-328.5
-328.2857142857143
-328.3333333333333
-328.3333333333333
-328.3333333333333
-328.3333333333333
-328.3333333333333
-328.3333333333333
-328.3333333333333
-328.3333333333333
-328.3333333333333
-328.3333333333333
-328.0
-328.0
-328.0
-327.75
-327.75
-327.75
-327.75
-325.6666666666667
-329.5
-331.0
-331.0
