-375.76666666666665
-360.9
-360.1
-348.8
-345.93333333333334
-339.53333333333336
-334.5
-330.6
-326.6666666666667
-324.7
-322.5
-321.46666666666664
-319.8666666666667
-318.8666666666667
-317.1333333333333
-316.2
-314.6333333333333
-313.5
-311.6666666666667
-310.46666666666664
-308.56666666666666
-307.2
-305.43333333333334
-304.1
-302.6333333333333
-301.5
-300.03333333333336
-299.03333333333336
-297.2
-296.3333333333333
-294.3333333333333
-292.9
-290.2
-288.03333333333336
-285.8666666666667
-284.23333333333335
-282.0
-280.73333333333335
-278.23333333333335
-276.96666666666664
-274.7
-273.6333333333333
-271.3
-270.2
-267.96666666666664
-266.73333333333335
-264.76666666666665
-263.53333333333336
-261.46666666666664
-260.0
-257.96666666666664
-256.43333333333334
-254.4
-252.53333333333333
-249.93333333333334
-247.3
-244.53333333333333
-242.5
-240.3
-238.46666666666667
-235.7
-233.26666666666668
-230.76666666666668
-228.26666666666668
-226.33333333333334
-223.53333333333333
-221.7
-219.5
-217.36666666666667
-214.73333333333332
-212.46666666666667
-210.3
-207.9
-205.76666666666668
-203.43333333333334
-201.13333333333333
-199.3
-196.96666666666667
-194.96666666666667
-192.1
-190.7
-187.9
-186.1
-184.0
-182.2
-180.43333333333334
-178.53333333333333
-176.56666666666666
-174.8
-172.96666666666667
-171.33333333333334
-169.4
-167.46666666666667
-165.46666666666667
-163.36666666666667
-161.33333333333334
-158.56666666666666
-155.96666666666667
-154.26666666666668
-152.03333333333333
-150.0
-147.9
-146.26666666666668
-143.73333333333332
-141.7
-139.26666666666668
-137.1
-134.9
-133.4
-130.63333333333333
-129.23333333333332
-126.46666666666667
-125.16666666666667
-122.63333333333334
-121.23333333333333
-119.13333333333334
-117.73333333333333
-115.76666666666667
-114.53333333333333
-112.73333333333333
-111.76666666666667
-110.06666666666666
-109.1
-109.75
-108.16666666666667
-107.0
-105.66666666666667
-104.5
-102.95833333333333
-102.0
-100.41666666666667
-99.20833333333333
-97.91666666666667
-96.79166666666667
-95.58333333333333
-94.41666666666667
-93.0
-92.125
-91.04166666666667
-90.08333333333333
-89.41666666666667
-84.4375
-83.0
-84.88888888888889
-86.57142857142857
-86.28571428571429
-85.57142857142857
-85.57142857142857
-85.0
-84.71428571428571
-84.42857142857143
-84.0
-83.71428571428571
-83.42857142857143
-82.85714285714286
-82.71428571428571
-82.0
-81.85714285714286
-81.57142857142857
-81.28571428571429
-82.16666666666667
-69.66666666666667
-72.0
