-375.73333333333335
-361.3
-351.6
-347.46666666666664
-344.3
-341.8
-339.5
-337.23333333333335
-335.5
-334.0
-332.8
-331.76666666666665
-330.9
-329.96666666666664
-329.2
-328.4
-327.7
-327.2
-326.7
-326.1666666666667
-325.6333333333333
-325.3333333333333
-325.0
-324.73333333333335
-324.53333333333336
-324.3
-324.2
-324.1
-323.8666666666667
-323.7
-323.53333333333336
-323.5
-323.43333333333334
-323.3666666666667
-323.23333333333335
-323.1666666666667
-323.1333333333333
-323.1333333333333
-323.1
-323.06666666666666
-323.03333333333336
-323.0
-323.0
-323.0
-323.0
-322.96666666666664
-322.93333333333334
-322.93333333333334
-322.93333333333334
-322.93333333333334
-322.93333333333334
-322.93333333333334
-322.93333333333334
-322.93333333333334
-322.93333333333334
-322.93333333333334
-322.93333333333334
-322.93333333333334
-322.9
-322.8666666666667
-322.8666666666667
-322.8666666666667
-322.8333333333333
-322.8
-322.8
-322.8
-322.8
-322.8
-322.8
-322.8
-322.8
-322.8
-322.8
-322.8
-322.8
-322.8
-322.8
-322.8
-322.8
-322.8
-322.8
-322.8
-322.8
-322.8
-322.8
-322.8
-322.8
-322.8
-322.8
-322.8
-322.8
-322.8
-322.8
-322.8
-322.8
-322.8
-322.8
-322.8
-322.8
-322.8
-322.8
-322.8
-322.8
-322.8
-322.8
-322.8
-322.8
-322.8
-322.8
-322.8
-322.8
-322.8
-322.8
-322.8
-322.8
-322.8
-322.8
-322.8
-322.8
-322.8
-322.8
-322.8
-322.8
-322.8
-322.8
-322.8
-322.8
-322.8
-322.8
-322.8
-322.8
-322.8
-322.8
-322.8
-322.8
-322.8
-322.8
-322.8
-322.8
-322.8
-322.8
-322.8
-322.8
-322.8
-322.8
-322.8
-322.8
-322.8
-322.8
-322.8
-322.8
-322.8
-322.8
-322.8
-322.8
-322.8
-322.8
-322.8
-322.8
-322.8
-322.8
-322.8
-322.8
-322.8
-322.8
-322.8
-322.8
-322.8
-322.8
-322.8
-322.8
-322.8
-322.8
-322.8
-322.8
-322.8
-322.8
-322.8
-322.8
-322.8
-322.8
-322.8
-322.8
-322.8
-322.8
-322.8
-322.8
-322.8
-322.8
-322.8
-322.8
-322.8
-322.8
-322.8
-322.8
-322.8
-322.8
-322.8
-322.8
