-375.8
-360.8666666666667
-349.9
-343.43333333333334
-327.3
-211.13333333333333
-108.03333333333333
-96.46666666666667
-91.3
-88.2
-86.86666666666666
-86.16666666666667
-85.76666666666667
-85.5
-85.1
-84.53333333333333
-84.2
-83.86666666666666
-83.26666666666667
-82.63333333333334
-82.23333333333333
-81.73333333333333
-81.06666666666666
-80.26666666666667
-79.63333333333334
-78.73333333333333
-78.13333333333334
-77.7
-76.8
-76.13333333333334
-75.56666666666666
-74.66666666666667
-74.06666666666666
-73.43333333333334
-72.9
-72.23333333333333
-71.73333333333333
-71.5
-71.1
-70.73333333333333
-70.5
-70.13333333333334
-69.93333333333334
-69.73333333333333
-69.4
-69.3
-69.13333333333334
-68.93333333333334
-68.83333333333333
-68.56666666666666
-68.23333333333333
-68.1
-67.83333333333333
-67.73333333333333
-67.36666666666666
-67.13333333333334
-66.93333333333334
-66.7
-66.46666666666667
-66.3
-66.03333333333333
-65.8
-65.5
-65.46666666666667
-65.23333333333333
-64.9
-64.76666666666667
-64.46666666666667
-64.26666666666667
-64.1
-63.93333333333333
-63.6
-63.43333333333333
-63.3
-63.06666666666667
-62.96666666666667
-62.666666666666664
-62.56666666666667
-62.333333333333336
-62.13333333333333
-62.06666666666667
-61.8
-61.733333333333334
-61.6
-61.4
-61.36666666666667
-61.13333333333333
-60.86666666666667
-60.8
-60.7
-60.5
-60.4
-60.1
-60.0
-59.86666666666667
-59.766666666666666
-59.666666666666664
-59.6
-59.4
-59.266666666666666
-59.13333333333333
-59.03333333333333
-58.96666666666667
-58.9
-58.86666666666667
-58.766666666666666
-58.666666666666664
-58.53333333333333
-58.43333333333333
-58.3
-58.233333333333334
-58.13333333333333
-58.1
-57.96666666666667
-57.733333333333334
-57.7
-57.6
-57.6
-57.6
-57.36666666666667
-57.333333333333336
-57.2
-57.1
-56.96666666666667
-56.96666666666667
-57.06666666666667
-57.0
-56.86666666666667
-56.766666666666666
-56.766666666666666
-56.733333333333334
-56.733333333333334
-56.666666666666664
-56.666666666666664
-56.53333333333333
-56.46666666666667
-56.43333333333333
-56.333333333333336
-56.266666666666666
-56.2
-56.2
-56.13333333333333
-56.1
-56.03333333333333
-56.0
-56.0
-55.96666666666667
-55.86666666666667
-55.833333333333336
-55.766666666666666
-55.766666666666666
-55.766666666666666
-55.733333333333334
-55.733333333333334
-55.666666666666664
-55.6
-55.5
-55.43333333333333
-55.36666666666667
-55.3
-55.3
-55.3
-55.233333333333334
-55.233333333333334
-55.03333333333333
-55.03333333333333
-55.0
-54.96666666666667
-54.9
-54.9
-54.86666666666667
-54.733333333333334
-54.63333333333333
-54.63333333333333
-54.56666666666667
-54.56666666666667
-54.56666666666667
-54.46666666666667
-54.4
-54.333333333333336
-54.3
-54.2
-54.13333333333333
-54.06666666666667
-54.06666666666667
-54.06666666666667
-53.96666666666667
-53.9
-53.86666666666667
-53.833333333333336
-53.8
-53.8
-53.733333333333334
-53.7
-53.56666666666667
-53.46666666666667
-53.36666666666667
-53.36666666666667
-53.36666666666667
