-375.7
-361.26666666666665
-361.26666666666665
-351.5
-351.5
-347.06666666666666
-347.06666666666666
-343.53333333333336
-343.53333333333336
-340.23333333333335
-340.23333333333335
-337.6333333333333
-337.56666666666666
-335.2
-335.1333333333333
-332.96666666666664
-332.8333333333333
-331.2
-331.1
-329.73333333333335
-329.6
-328.4
-328.23333333333335
-327.3333333333333
-327.1333333333333
-326.4
-326.3333333333333
-325.76666666666665
-325.6
-325.2
-325.06666666666666
-324.8666666666667
-324.76666666666665
-324.6333333333333
-324.6
-324.5
-324.3333333333333
-324.23333333333335
-324.23333333333335
-324.2
-324.1333333333333
-324.1333333333333
-324.1
-324.1
-324.06666666666666
-324.06666666666666
-324.06666666666666
-324.06666666666666
-324.03333333333336
-324.03333333333336
-324.03333333333336
-324.0
-324.0
-324.0
-323.96666666666664
-323.96666666666664
-323.93333333333334
-323.93333333333334
-323.93333333333334
-323.93333333333334
-323.93333333333334
-323.93333333333334
-323.93333333333334
-323.93333333333334
-323.93333333333334
-323.93333333333334
-323.93333333333334
-323.93333333333334
-323.93333333333334
-323.93333333333334
-323.93333333333334
-323.93333333333334
-323.93333333333334
-323.93333333333334
-323.93333333333334
-323.93333333333334
-323.93333333333334
-323.93333333333334
-323.93333333333334
-323.93333333333334
-323.93333333333334
-323.93333333333334
-323.93333333333334
-323.93333333333334
-323.93333333333334
-323.93333333333334
-323.93333333333334
-323.93333333333334
-323.93333333333334
-323.93333333333334
-323.93333333333334
-323.93333333333334
-323.93333333333334
-323.93333333333334
-323.93333333333334
-323.93333333333334
-323.93333333333334
-323.93333333333334
-323.93333333333334
-323.93333333333334
-323.93333333333334
-323.93333333333334
-323.93333333333334
-323.93333333333334
-323.93333333333334
-323.93333333333334
-323.93333333333334
-323.93333333333334
-323.93333333333334
-323.93333333333334
-323.93333333333334
-323.93333333333334
-323.93333333333334
-323.93333333333334
-323.93333333333334
-323.93333333333334
-323.93333333333334
-323.93333333333334
-323.93333333333334
-323.93333333333334
-323.93333333333334
-323.93333333333334
-323.93333333333334
-323.93333333333334
-323.93333333333334
-323.93333333333334
-323.93333333333334
-323.93333333333334
-323.93333333333334
-323.93333333333334
-323.93333333333334
-323.93333333333334
-323.93333333333334
-323.93333333333334
-323.93333333333334
-323.93333333333334
-323.93333333333334
-323.93333333333334
-323.93333333333334
-323.93333333333334
-323.93333333333334
-323.93333333333334
-323.93333333333334
-323.93333333333334
-323.93333333333334
-323.93333333333334
-323.93333333333334
-323.93333333333334
-323.93333333333334
-323.93333333333334
-323.93333333333334
-323.93333333333334
-323.93333333333334
-323.93333333333334
-323.93333333333334
-323.93333333333334
-323.93333333333334
-323.93333333333334
-323.93333333333334
-323.93333333333334
-323.93333333333334
-323.93333333333334
-323.93333333333334
-323.93333333333334
-323.93333333333334
-323.93333333333334
-323.93333333333334
-323.93333333333334
-323.93333333333334
-323.93333333333334
-323.93333333333334
-323.93333333333334
-323.93333333333334
-323.93333333333334
-323.93333333333334
-323.93333333333334
-323.93333333333334
-323.93333333333334
-323.93333333333334
-323.93333333333334
-323.93333333333334
-323.93333333333334
-323.93333333333334
-323.93333333333334
-323.93333333333334
-323.93333333333334
-323.93333333333334
-323.93333333333334
-323.93333333333334
-324.0344827586207
-324.2916666666667
-325.9047619047619
-327.8125
-329.3333333333333
-333.0
-336.0
