-375.6666666666667
-360.8
-360.8
-350.4
-350.4
-345.7
-345.7
-341.9
-341.9
-338.3
-338.3
-334.96666666666664
-334.96666666666664
-331.93333333333334
-331.93333333333334
-328.9
-328.9
-325.93333333333334
-325.93333333333334
-322.9
-322.9
-319.56666666666666
-319.53333333333336
-316.3333333333333
-316.23333333333335
-313.2
-313.03333333333336
-310.43333333333334
-310.1333333333333
-307.96666666666664
-307.6
-305.2
-304.96666666666664
-302.43333333333334
-302.2
-299.46666666666664
-299.26666666666665
-296.3666666666667
-295.9
-293.23333333333335
-292.76666666666665
-289.9
-289.3333333333333
-286.3333333333333
-285.73333333333335
-282.9
-282.3
-279.6333333333333
-278.8666666666667
-276.4
-275.8333333333333
-273.0
-272.3666666666667
-269.8666666666667
-269.2
-266.7
-265.7
-262.6666666666667
-261.6333333333333
-258.53333333333336
-257.06666666666666
-253.56666666666666
-252.3
-249.13333333333333
-247.76666666666668
-244.23333333333332
-242.73333333333332
-239.5
-238.0
-234.53333333333333
-233.1
-229.73333333333332
-228.1
-224.63333333333333
-223.2
-219.63333333333333
-218.2
-214.9
-213.2
-209.7
-207.96666666666667
-203.86666666666667
-202.0
-198.63333333333333
-196.5
-192.93333333333334
-191.23333333333332
-187.53333333333333
-186.03333333333333
-182.2
-180.8
-176.9
-175.56666666666666
-171.56666666666666
-170.3
-166.8
-165.5
-161.73333333333332
-160.13333333333333
-157.16666666666666
-155.5
-152.56666666666666
-150.76666666666668
-147.6
-145.93333333333334
-142.66666666666666
-140.93333333333334
-137.8
-136.36666666666667
-133.23333333333332
-131.96666666666667
-128.96666666666667
-127.73333333333333
-124.93333333333334
-123.66666666666667
-120.93333333333334
-119.83333333333333
-117.16666666666667
-116.36666666666666
-114.33333333333333
-113.26666666666667
-111.03333333333333
-110.03333333333333
-107.73333333333333
-106.7
-104.4
-103.16666666666667
-101.03333333333333
-99.8
-98.0
-97.03333333333333
-95.06666666666666
-94.06666666666666
-92.76666666666667
-91.66666666666667
-90.33333333333333
-89.46666666666667
-88.23333333333333
-87.43333333333334
-86.36666666666666
-85.76666666666667
-84.66666666666667
-84.03333333333333
-82.8
-82.4
-81.6
-81.26666666666667
-80.43333333333334
-80.2
-79.26666666666667
-79.1
-78.16666666666667
-78.0
-77.23333333333333
-77.0
-76.5
-76.2
-75.76666666666667
-75.5
-75.1
-71.36363636363636
-70.07142857142857
-66.83333333333333
-67.5
-69.0
