-375.6333333333333
-361.2
-351.53333333333336
-347.43333333333334
-344.6666666666667
-342.56666666666666
-340.9
-339.53333333333336
-338.26666666666665
-336.3
-334.3333333333333
-332.5
-331.3333333333333
-330.5
-329.3
-328.2
-327.1
-326.1
-325.4
-324.8
-324.3
-323.8333333333333
-323.43333333333334
-323.03333333333336
-322.73333333333335
-322.56666666666666
-322.3666666666667
-322.1666666666667
-321.9
-321.76666666666665
-321.6
-321.53333333333336
-321.5
-321.43333333333334
-321.4
-321.3666666666667
-321.3333333333333
-321.3333333333333
-321.3333333333333
-321.3
-321.3
-321.3
-321.3
-321.3
-321.3
-321.3
-321.3
-321.3
-321.3
-321.3
-321.3
-321.3
-321.3
-321.3
-321.3
-321.3
-321.3
-321.3
-321.3
-321.3
-321.3
-321.3
-321.3
-321.3
-321.3
-321.3
-321.3
-321.3
-321.3
-321.3
-321.3
-321.3
-321.3
-321.3
-321.3
-321.3
-321.3
-321.3
-321.3
-321.3
-321.3
-321.3
-321.3
-321.3
-321.3
-321.3
-321.3
-321.3
-321.3
-321.3
-321.3
-321.3
-321.3
-321.3
-321.3
-321.3
-321.3
-321.3
-321.3
-321.3
-321.3
-321.3
-321.3
-321.3
-321.3
-321.3
-321.3
-321.3
-321.3
-321.3
-321.3
-321.3
-321.3
-321.3
-321.3
-321.3
-321.3
-321.3
-321.3
-321.3
-321.3
-321.3
-321.3
-321.3
-321.3
-321.3
-321.3
-321.3
-321.3
-321.3
-321.3
-321.3
-321.3
-321.3
-321.3
-321.3
-321.3
-321.3
-321.3
-321.3
-321.3
-321.3
-321.3
-321.3
-321.3
-321.3
-321.3
-321.3
-321.3
-321.3
-321.3
-321.3
-321.3
-321.3
-321.3
-321.3
-321.3
-321.3
-321.3
-321.3
-321.3
-321.3
-321.3
-321.3
-321.3
-321.3
-321.3
-321.3
-321.3
-321.3
-321.3
-321.3
-321.3
-321.3
-321.3
-321.3
-321.3
-321.3
-321.3
-321.3
-321.3
-321.3
-321.3
-321.3
-321.3
-321.3
-321.3
-321.3
-321.3
-321.3
-321.3
-321.3
-321.3
-321.3
-321.3
-321.3
-321.3
-321.3
-321.3
