-375.6333333333333
-360.73333333333335
-349.6666666666667
-343.26666666666665
-327.56666666666666
-211.4
-108.1
-97.36666666666666
-91.93333333333334
-88.26666666666667
-86.96666666666667
-86.46666666666667
-86.13333333333334
-85.9
-85.4
-84.93333333333334
-84.53333333333333
-84.0
-83.56666666666666
-82.9
-82.4
-81.76666666666667
-81.1
-80.3
-79.5
-78.73333333333333
-78.06666666666666
-77.36666666666666
-76.43333333333334
-75.83333333333333
-75.0
-74.1
-73.56666666666666
-72.86666666666666
-72.33333333333333
-71.73333333333333
-71.33333333333333
-70.86666666666666
-70.53333333333333
-70.16666666666667
-69.76666666666667
-69.56666666666666
-69.16666666666667
-68.93333333333334
-68.66666666666667
-68.36666666666666
-68.13333333333334
-68.03333333333333
-67.63333333333334
-67.43333333333334
-67.2
-67.03333333333333
-66.9
-66.6
-66.4
-66.23333333333333
-66.06666666666666
-65.9
-65.73333333333333
-65.4
-65.2
-65.1
-64.83333333333333
-64.7
-64.5
-64.43333333333334
-64.13333333333334
-64.0
-63.766666666666666
-63.5
-63.43333333333333
-63.266666666666666
-63.233333333333334
-62.9
-62.766666666666666
-62.53333333333333
-62.4
-62.2
-62.1
-61.9
-61.766666666666666
-61.6
-61.53333333333333
-61.3
-61.166666666666664
-60.9
-60.766666666666666
-60.56666666666667
-60.5
-60.233333333333334
-60.06666666666667
-59.93333333333333
-59.766666666666666
-59.733333333333334
-59.63333333333333
-59.46666666666667
-59.36666666666667
-59.266666666666666
-59.266666666666666
-59.13333333333333
-59.166666666666664
-58.93333333333333
-58.86666666666667
-58.8
-58.666666666666664
-58.6
-58.5
-58.43333333333333
-58.333333333333336
-58.333333333333336
-58.13333333333333
-58.06666666666667
-57.93333333333333
-57.86666666666667
-57.766666666666666
-57.733333333333334
-57.6
-57.46666666666667
-57.43333333333333
-57.4
-57.333333333333336
-57.266666666666666
-57.2
-57.2
-57.13333333333333
-57.166666666666664
-56.96666666666667
-56.96666666666667
-56.9
-56.8
-56.733333333333334
-56.733333333333334
-56.7
-56.7
-56.6
-56.53333333333333
-56.46666666666667
-56.43333333333333
-56.36666666666667
-56.3
-56.233333333333334
-56.166666666666664
-56.13333333333333
-56.13333333333333
-56.1
-56.03333333333333
-55.96666666666667
-55.766666666666666
-55.7
-55.666666666666664
-55.63333333333333
-55.6
-55.56666666666667
-55.56666666666667
-55.53333333333333
-55.46666666666667
-55.43333333333333
-55.333333333333336
-55.3
-55.233333333333334
-55.2
-55.266666666666666
-55.166666666666664
-55.166666666666664
-55.166666666666664
-55.1
-55.1
-55.06666666666667
-55.0
-55.1
-54.86666666666667
-54.8
-54.766666666666666
-54.766666666666666
-54.766666666666666
-54.766666666666666
-54.733333333333334
-54.666666666666664
-54.63333333333333
-54.63333333333333
-54.6
-54.53333333333333
-54.5
-54.43333333333333
-54.43333333333333
-54.43333333333333
-54.36666666666667
-54.266666666666666
-54.233333333333334
-54.2
-54.166666666666664
-54.13333333333333
-54.06666666666667
-54.0
-53.93333333333333
-53.9
-53.833333333333336
-53.8
-53.766666666666666
