-375.6
-361.1666666666667
-360.8
-350.2
-347.8333333333333
-342.8333333333333
-341.06666666666666
-340.5
-338.3333333333333
-336.56666666666666
-334.8666666666667
-333.1
-331.73333333333335
-330.53333333333336
-329.8333333333333
-328.1
-328.23333333333335
-326.53333333333336
-326.0
-325.6
-325.26666666666665
-324.76666666666665
-324.5
-324.03333333333336
-323.76666666666665
-323.53333333333336
-323.6
-323.3666666666667
-323.23333333333335
-323.1333333333333
-322.9
-322.9
-322.6
-322.6666666666667
-322.46666666666664
-322.5
-322.26666666666665
-322.26666666666665
-322.1666666666667
-322.1333333333333
-322.03333333333336
-322.03333333333336
-322.06666666666666
-322.0
-322.0
-321.93333333333334
-321.9
-321.9
-321.8
-321.8
-321.6333333333333
-321.6
-321.53333333333336
-321.46666666666664
-321.6333333333333
-321.6666666666667
-321.6333333333333
-321.46666666666664
-321.43333333333334
-321.43333333333334
-321.5
-321.46666666666664
-321.46666666666664
-321.43333333333334
-321.46666666666664
-321.43333333333334
-321.43333333333334
-321.43333333333334
-321.4
-321.43333333333334
-321.4
-321.43333333333334
-321.4
-321.43333333333334
-321.4
-321.4
-321.4
-321.4
-321.4
-321.4
-321.4
-321.4
-321.4
-321.4
-321.4
-321.4
-321.4
-321.4
-321.4
-321.4
-321.4
-321.4
-321.4
-321.4
-321.4
-321.4
-321.4
-321.4
-321.4
-321.4
-321.4
-321.4
-321.4
-321.4
-321.4
-321.44827586206895
-321.44827586206895
-321.82142857142856
-321.82142857142856
-321.82142857142856
-321.82142857142856
-321.82142857142856
-321.82142857142856
-321.82142857142856
-321.82142857142856
-321.82142857142856
-321.82142857142856
-321.82142857142856
-321.82142857142856
-321.82142857142856
-321.82142857142856
-321.82142857142856
-321.82142857142856
-321.82142857142856
-321.82142857142856
-321.82142857142856
-321.7037037037037
-321.7037037037037
-322.84615384615387
-322.84615384615387
-322.84615384615387
-322.84615384615387
-322.84615384615387
-322.84615384615387
-322.84615384615387
-322.84615384615387
-322.84615384615387
-322.84615384615387
-322.84615384615387
-322.84615384615387
-322.84615384615387
-322.84615384615387
-322.84615384615387
-322.84615384615387
-323.08
-323.08
-323.1363636363636
-323.3809523809524
-323.3809523809524
-323.3809523809524
-323.65
-323.65
-323.65
-324.63157894736844
-324.88235294117646
-326.06666666666666
-326.06666666666666
-326.06666666666666
-326.06666666666666
-326.06666666666666
-326.06666666666666
-326.06666666666666
-325.57142857142856
-325.57142857142856
-325.57142857142856
-325.57142857142856
-325.3076923076923
-325.3076923076923
-326.09090909090907
-326.09090909090907
-326.09090909090907
-326.09090909090907
-326.09090909090907
-326.09090909090907
-326.09090909090907
-326.09090909090907
-326.09090909090907
-326.09090909090907
-326.09090909090907
-326.09090909090907
-325.6
-325.6
-325.6
-325.6
-325.3333333333333
-325.3333333333333
-324.0
-324.0
-326.5
-326.6
-326.75
-329.0
-328.0
