-375.56666666666666
-360.76666666666665
-359.76666666666665
-347.6666666666667
-331.93333333333334
-240.1
-224.9
-153.83333333333334
-152.36666666666667
-150.9
-149.6
-141.43333333333334
-140.96666666666667
-139.8
-138.06666666666666
-130.4
-129.93333333333334
-128.9
-127.13333333333334
-119.83333333333333
-117.76666666666667
-110.96666666666667
-110.36666666666666
-109.63333333333334
-109.03333333333333
-108.23333333333333
-106.13333333333334
-99.56666666666666
-99.1
-98.23333333333333
-97.66666666666667
-96.8
-96.43333333333334
-95.56666666666666
-95.16666666666667
-94.3
-93.8
-93.13333333333334
-92.66666666666667
-92.1
-91.73333333333333
-91.1
-90.8
-90.06666666666666
-89.76666666666667
-89.16666666666667
-88.8
-88.46666666666667
-88.16666666666667
-87.63333333333334
-87.53333333333333
-87.2
-87.0
-86.56666666666666
-86.4
-85.8
-85.5
-85.1
-85.03333333333333
-84.5
-84.2
-83.76666666666667
-83.6
-83.16666666666667
-82.83333333333333
-82.33333333333333
-82.13333333333334
-81.73333333333333
-81.56666666666666
-80.86666666666666
-80.8
-80.13333333333334
-79.93333333333334
-79.2
-79.03333333333333
-78.2
-78.1
-77.33333333333333
-77.16666666666667
-76.2
-76.1
-75.53333333333333
-75.33333333333333
-74.8
-74.8
-74.3
-74.26666666666667
-73.63333333333334
-73.6
-73.1
-73.06666666666666
-72.6
-72.53333333333333
-72.13333333333334
-72.03333333333333
-71.53333333333333
-71.46666666666667
-70.9
-70.9
-70.3
-70.26666666666667
-69.56666666666666
-69.53333333333333
-68.83333333333333
-68.76666666666667
-68.1
-68.0
-67.36666666666666
-67.26666666666667
-66.73333333333333
-66.6
-66.16666666666667
-66.06666666666666
-65.4
-65.4
-64.96666666666667
-64.96666666666667
-64.53333333333333
-64.33333333333333
-63.666666666666664
-63.56666666666667
-63.333333333333336
-63.266666666666666
-63.0
-62.96666666666667
-62.56666666666667
-62.56666666666667
-62.46666666666667
-62.43333333333333
-62.13333333333333
-62.1
-61.96666666666667
-61.93333333333333
-61.733333333333334
-61.666666666666664
-61.5
-61.43333333333333
-61.266666666666666
-61.166666666666664
-60.93333333333333
-60.9
-60.7
-60.56666666666667
-60.43333333333333
-60.36666666666667
-60.2
-60.166666666666664
-59.93333333333333
-59.833333333333336
-59.733333333333334
-59.666666666666664
-59.6
-59.5
-59.689655172413794
-59.6551724137931
-59.642857142857146
-59.81481481481482
-60.04
-62.333333333333336
-66.3
-65.6
-60.333333333333336
-60.333333333333336
-61.5
-60.0
-60.0
-60.0
