-312.6666666666667
-292.5
-284.8666666666667
-281.2
-279.3666666666667
-277.1
-274.56666666666666
-274.26666666666665
-273.4
-272.56666666666666
-271.03333333333336
-270.53333333333336
-271.7
-268.5
-268.3666666666667
-269.5
-268.53333333333336
-268.1333333333333
-269.1333333333333
-268.5
-267.6333333333333
-267.3333333333333
-268.06666666666666
-266.76666666666665
-267.73333333333335
-267.6666666666667
-267.9
-269.1666666666667
-269.56666666666666
-267.8333333333333
-269.3666666666667
-268.96666666666664
-268.8666666666667
-270.4
-270.46666666666664
-270.8
-271.96666666666664
-270.1
-270.1
-271.3
-271.1333333333333
-271.5
-271.3333333333333
-271.1
-271.6
-271.9
-272.26666666666665
-273.43333333333334
-273.6
-272.53333333333336
-273.3333333333333
-274.3666666666667
-272.6333333333333
-274.03333333333336
-274.1
-274.6666666666667
-276.3666666666667
-275.6666666666667
-273.3
-276.56666666666666
-276.2
-275.6333333333333
-276.0
-276.9
-278.0
-276.4
-276.53333333333336
-277.5
-280.03333333333336
-278.03333333333336
-277.4
-279.46666666666664
-279.1666666666667
-278.8
-279.8
-282.3333333333333
-283.26666666666665
-280.6333333333333
-280.3
-282.5
-281.46666666666664
-281.76666666666665
-283.03333333333336
-281.8
-282.96666666666664
-282.7
-284.3
-283.0
-283.1
-285.2
-282.9
-285.46666666666664
-284.56666666666666
-284.8333333333333
-285.3666666666667
-284.6333333333333
-283.93333333333334
-284.96666666666664
-285.4
-285.7
-284.5
-287.3666666666667
-284.46666666666664
-286.46666666666664
-284.6
-285.8333333333333
-285.46666666666664
-284.4
-286.43333333333334
-285.7
-285.4
-286.43333333333334
-286.56666666666666
-286.8666666666667
-285.46666666666664
-288.76666666666665
-288.26666666666665
-286.8333333333333
-285.93333333333334
-286.43333333333334
-286.53333333333336
-287.26666666666665
-286.1333333333333
-286.43333333333334
-286.9
-287.03333333333336
-286.9
-286.56666666666666
-283.6
-286.0
-285.4
-285.1333333333333
-285.9
-285.53333333333336
-285.6333333333333
-286.3333333333333
-285.26666666666665
-286.1333333333333
-286.53333333333336
-285.4
-284.8
-286.3
-284.56666666666666
-285.03333333333336
-284.43333333333334
-284.73333333333335
-288.43333333333334
-286.93333333333334
-284.8666666666667
-285.4
-285.26666666666665
-286.73333333333335
-286.56666666666666
-285.8333333333333
-286.8
-285.23333333333335
-286.7
-286.43333333333334
-286.53333333333336
-287.3333333333333
-287.03333333333336
-286.46666666666664
-286.4
-287.6333333333333
-286.8666666666667
-286.9
-287.4
-286.76666666666665
-285.1
-286.43333333333334
-286.26666666666665
-285.93333333333334
-286.3333333333333
-286.03333333333336
-286.1
-285.43333333333334
-286.46666666666664
-286.96666666666664
-286.53333333333336
-286.5
-285.9
-284.9
-286.2
-285.2
-285.96666666666664
-286.43333333333334
-285.6333333333333
-287.1
-284.6333333333333
-286.56666666666666
-286.3333333333333
-286.53333333333336
-286.4
-285.6333333333333
-287.0
-286.53333333333336
-286.53333333333336
-285.73333333333335
-284.8333333333333
