-312.5
-314.0
-316.5
-319.46666666666664
-325.4
-333.1666666666667
-345.03333333333336
-354.46666666666664
-365.96666666666664
-374.8333333333333
-383.76666666666665
-394.53333333333336
-400.26666666666665
-406.6333333333333
-413.7
-421.1333333333333
-428.03333333333336
-435.1
-444.23333333333335
-451.8333333333333
-458.1666666666667
-465.73333333333335
-470.2
-470.1333333333333
-474.56666666666666
-474.56666666666666
-474.5
-473.73333333333335
-474.7
-474.4
-473.23333333333335
-470.3666666666667
-468.0
-465.6
-463.0
-460.43333333333334
-458.3333333333333
-457.9
-457.76666666666665
-456.8
-455.23333333333335
-454.6333333333333
-453.3333333333333
-453.5
-452.03333333333336
-449.96666666666664
-450.06666666666666
-450.76666666666665
-451.4
-451.2
-449.96666666666664
-449.03333333333336
-448.3333333333333
-446.6
-446.53333333333336
-446.03333333333336
-445.43333333333334
-443.46666666666664
-440.26666666666665
-438.3
-435.8333333333333
-434.6333333333333
-432.23333333333335
-431.2
-428.6
-427.73333333333335
-426.6
-425.76666666666665
-424.76666666666665
-423.0
-422.43333333333334
-421.7
-420.96666666666664
-420.03333333333336
-420.53333333333336
-420.96666666666664
-421.3333333333333
-421.1333333333333
-420.56666666666666
-418.3666666666667
-416.3666666666667
-414.53333333333336
-413.3333333333333
-412.46666666666664
-411.6333333333333
-410.93333333333334
-409.96666666666664
-409.7
-408.3333333333333
-407.6
-406.93333333333334
-406.3333333333333
-405.3333333333333
-404.2
-403.6333333333333
-403.06666666666666
-401.96666666666664
-401.93333333333334
-401.23333333333335
-400.7
-402.3333333333333
-402.46666666666664
-401.2
-400.2
-398.73333333333335
-397.73333333333335
-396.3333333333333
-395.1666666666667
-394.26666666666665
-393.56666666666666
-392.03333333333336
-391.43333333333334
-390.76666666666665
-389.46666666666664
-388.46666666666664
-387.43333333333334
-386.5
-385.8333333333333
-384.96666666666664
-384.23333333333335
-383.9
-382.8333333333333
-381.8333333333333
-381.2
-380.26666666666665
-379.1
-378.5
-377.6
-376.8
-375.9
-375.46666666666664
-374.73333333333335
-374.0
-373.3
-372.8
-372.1666666666667
-371.56666666666666
-370.8333333333333
-370.3333333333333
-369.6
-369.3333333333333
-368.73333333333335
-368.23333333333335
-367.73333333333335
-367.2
-366.8333333333333
-366.3333333333333
-366.0
-365.5
-364.76666666666665
-364.3
-363.73333333333335
-363.6
-363.1
-362.76666666666665
-362.43333333333334
-362.3
-361.8
-361.76666666666665
-361.43333333333334
-361.23333333333335
-361.1
-360.8333333333333
-360.8666666666667
-360.46666666666664
-360.4
-360.3666666666667
-360.7
-360.96666666666664
-360.73333333333335
-360.6666666666667
-360.76666666666665
-360.9
-361.03333333333336
-361.2
-361.53333333333336
-362.3
-362.8333333333333
-362.8
-363.26666666666665
-362.8666666666667
-362.3333333333333
-361.9
-361.3
-360.7
-360.2
-359.43333333333334
-358.8666666666667
-358.3333333333333
-358.0
-357.6
-357.2
-356.76666666666665
-356.56666666666666
-356.3333333333333
-355.9
-355.6666666666667
-355.1666666666667
-354.8666666666667
