-28.9
-28.8
-28.6
-28.6
-28.6
-28.366666666666667
-28.3
-28.2
-28.066666666666666
-27.866666666666667
-27.8
-27.7
-27.633333333333333
-27.633333333333333
-27.466666666666665
-27.4
-27.233333333333334
-27.2
-27.066666666666666
-26.966666666666665
-26.8
-26.666666666666668
-26.566666666666666
-26.533333333333335
-26.466666666666665
-26.433333333333334
-26.433333333333334
-26.333333333333332
-26.3
-26.233333333333334
-26.166666666666668
-26.166666666666668
-26.133333333333333
-26.133333333333333
-26.066666666666666
-26.033333333333335
-26.0
-26.0
-25.933333333333334
-25.933333333333334
-25.833333333333332
-25.8
-25.8
-25.766666666666666
-25.7
-25.7
-25.666666666666668
-25.666666666666668
-25.633333333333333
-25.633333333333333
-25.6
-25.6
-25.566666666666666
-25.566666666666666
-25.5
-25.533333333333335
-25.466666666666665
-25.433333333333334
-25.433333333333334
-25.433333333333334
-25.466666666666665
-25.433333333333334
-25.433333333333334
-25.366666666666667
-25.366666666666667
-25.333333333333332
-25.333333333333332
-25.333333333333332
-25.3
-25.3
-25.3
-25.3
-25.3
-25.3
-25.233333333333334
-25.233333333333334
-25.2
-25.166666666666668
-25.2
-25.166666666666668
-25.133333333333333
-25.133333333333333
-25.166666666666668
-25.133333333333333
-25.1
-25.1
-25.066666666666666
-25.1
-25.066666666666666
-25.033333333333335
-25.033333333333335
-25.0
-25.0
-25.033333333333335
-24.966666666666665
-24.966666666666665
-24.966666666666665
-24.933333333333334
-24.9
-24.9
-24.9
-24.866666666666667
-24.866666666666667
-24.833333333333332
-24.8
-24.8
-24.8
-24.833333333333332
-24.8
-24.866666666666667
-24.8
-24.833333333333332
-24.833333333333332
-24.8
-24.766666666666666
-24.8
-24.866666666666667
-24.766666666666666
-24.8
-24.766666666666666
-24.766666666666666
-24.8
-24.766666666666666
-24.766666666666666
-24.8
-24.833333333333332
-24.766666666666666
-24.733333333333334
-24.733333333333334
-24.766666666666666
-24.766666666666666
-24.733333333333334
-24.766666666666666
-24.733333333333334
-24.733333333333334
-24.733333333333334
-24.766666666666666
-24.766666666666666
-24.733333333333334
-24.766666666666666
-24.733333333333334
-24.766666666666666
-24.733333333333334
-24.733333333333334
-24.766666666666666
-24.733333333333334
-24.733333333333334
-24.733333333333334
-24.733333333333334
-24.733333333333334
-24.733333333333334
-24.8
-24.733333333333334
-24.733333333333334
-24.733333333333334
-24.766666666666666
-24.733333333333334
-24.8
-24.733333333333334
-24.766666666666666
-24.766666666666666
-24.733333333333334
-24.733333333333334
-24.733333333333334
-24.733333333333334
-24.733333333333334
-24.733333333333334
-24.766666666666666
-24.733333333333334
-24.766666666666666
-24.733333333333334
-24.766666666666666
-24.733333333333334
-24.733333333333334
-24.766666666666666
-24.8
-24.733333333333334
-24.7
-24.733333333333334
-24.766666666666666
-24.666666666666668
-24.7
-24.7
-24.666666666666668
-24.666666666666668
-24.733333333333334
-24.7
-24.7
-24.666666666666668
-24.666666666666668
-24.666666666666668
-24.666666666666668
-24.666666666666668
-24.666666666666668
-24.666666666666668
-24.7
-24.666666666666668
-24.666666666666668
-24.666666666666668
