-312.5
-291.1333333333333
-283.8666666666667
-279.3666666666667
-279.6
-275.3666666666667
-273.43333333333334
-272.06666666666666
-271.3333333333333
-270.56666666666666
-269.56666666666666
-267.23333333333335
-267.2
-265.8333333333333
-265.3
-264.43333333333334
-264.8666666666667
-264.3333333333333
-262.7
-262.26666666666665
-261.76666666666665
-261.6666666666667
-259.0
-259.8333333333333
-258.53333333333336
-259.7
-260.1333333333333
-259.4
-258.2
-258.56666666666666
-258.53333333333336
-260.76666666666665
-257.8333333333333
-257.46666666666664
-259.7
-258.53333333333336
-257.9
-256.9
-258.8
-259.3
-259.56666666666666
-258.76666666666665
-260.26666666666665
-259.43333333333334
-258.7
-260.5
-258.6666666666667
-260.3
-260.1
-258.3333333333333
-259.73333333333335
-260.76666666666665
-260.26666666666665
-259.6
-259.46666666666664
-260.1333333333333
-260.2
-261.03333333333336
-263.3666666666667
-261.8666666666667
-261.1666666666667
-261.1333333333333
-261.53333333333336
-262.3
-261.6666666666667
-262.56666666666666
-260.56666666666666
-261.26666666666665
-261.06666666666666
-261.43333333333334
-261.93333333333334
-260.46666666666664
-262.06666666666666
-262.03333333333336
-261.7
-261.9
-261.9
-263.43333333333334
-262.1
-262.6333333333333
-261.5
-261.1666666666667
-260.5
-262.23333333333335
-261.46666666666664
-262.9
-261.8666666666667
-264.1666666666667
-263.06666666666666
-263.06666666666666
-262.26666666666665
-261.73333333333335
-262.8
-261.76666666666665
-261.3
-262.06666666666666
-261.76666666666665
-263.26666666666665
-262.73333333333335
-262.7
-261.8666666666667
-262.6
-262.53333333333336
-262.3333333333333
-263.76666666666665
-264.96666666666664
-264.0
-264.6666666666667
-265.6333333333333
-264.5
-265.3333333333333
-264.76666666666665
-264.43333333333334
-264.8333333333333
-265.43333333333334
-265.1666666666667
-265.1
-266.1
-265.5
-266.76666666666665
-265.7
-265.6333333333333
-265.5
-266.1666666666667
-267.26666666666665
-265.3
-265.9
-265.6
-266.76666666666665
-266.7
-267.93333333333334
-266.1666666666667
-266.5
-266.9
-267.96666666666664
-268.03333333333336
-267.23333333333335
-267.43333333333334
-268.26666666666665
-268.7
-269.03333333333336
-269.23333333333335
-268.0
-269.6333333333333
-269.3
-267.9
-269.8
-269.06666666666666
-268.8333333333333
-269.6
-270.6333333333333
-270.23333333333335
-270.0
-270.76666666666665
-270.3333333333333
-269.9
-269.96666666666664
-270.6333333333333
-271.6333333333333
-271.8666666666667
-270.53333333333336
-269.23333333333335
-270.8666666666667
-272.8666666666667
-271.3333333333333
-271.96666666666664
-270.53333333333336
-270.3333333333333
-270.8666666666667
-272.73333333333335
-270.73333333333335
-272.1666666666667
-271.8333333333333
-274.1333333333333
-271.6333333333333
-271.76666666666665
-272.8
-271.5
-272.93333333333334
-272.4
-273.06666666666666
-271.5
-272.96666666666664
-272.4
-272.5
-273.46666666666664
-272.26666666666665
-273.46666666666664
-273.3
-274.06666666666666
-272.43333333333334
-272.26666666666665
-272.3
-274.2
-274.1666666666667
-273.9
-274.23333333333335
-274.03333333333336
-275.03333333333336
