-28.9
-28.666666666666668
-28.633333333333333
-28.433333333333334
-28.333333333333332
-28.3
-28.233333333333334
-28.133333333333333
-28.033333333333335
-27.866666666666667
-27.666666666666668
-27.5
-27.466666666666665
-27.366666666666667
-27.2
-27.1
-27.033333333333335
-26.966666666666665
-26.866666666666667
-26.766666666666666
-26.666666666666668
-26.633333333333333
-26.5
-26.466666666666665
-26.433333333333334
-26.366666666666667
-26.3
-26.233333333333334
-26.233333333333334
-26.133333333333333
-26.1
-26.066666666666666
-26.0
-26.0
-25.966666666666665
-25.966666666666665
-25.933333333333334
-25.9
-25.833333333333332
-25.833333333333332
-25.833333333333332
-25.8
-25.733333333333334
-25.733333333333334
-25.7
-25.666666666666668
-25.666666666666668
-25.666666666666668
-25.6
-25.6
-25.566666666666666
-25.566666666666666
-25.566666666666666
-25.5
-25.5
-25.5
-25.466666666666665
-25.466666666666665
-25.5
-25.466666666666665
-25.466666666666665
-25.466666666666665
-25.466666666666665
-25.5
-25.433333333333334
-25.433333333333334
-25.433333333333334
-25.433333333333334
-25.433333333333334
-25.466666666666665
-25.4
-25.4
-25.433333333333334
-25.4
-25.4
-25.4
-25.4
-25.4
-25.4
-25.4
-25.4
-25.4
-25.4
-25.4
-25.4
-25.4
-25.366666666666667
-25.366666666666667
-25.4
-25.366666666666667
-25.333333333333332
-25.333333333333332
-25.333333333333332
-25.333333333333332
-25.333333333333332
-25.233333333333334
-25.233333333333334
-25.266666666666666
-25.3
-25.233333333333334
-25.2
-25.2
-25.2
-25.2
-25.2
-25.2
-25.2
-25.2
-25.233333333333334
-25.2
-25.166666666666668
-25.2
-25.2
-25.166666666666668
-25.166666666666668
-25.166666666666668
-25.2
-25.2
-25.166666666666668
-25.166666666666668
-25.166666666666668
-25.166666666666668
-25.166666666666668
-25.133333333333333
-25.133333333333333
-25.133333333333333
-25.133333333333333
-25.133333333333333
-25.133333333333333
-25.1
-25.1
-25.1
-25.1
-25.133333333333333
-25.1
-25.133333333333333
-25.1
-25.1
-25.133333333333333
-25.133333333333333
-25.1
-25.166666666666668
-25.066666666666666
-25.066666666666666
-25.066666666666666
-25.066666666666666
-25.066666666666666
-25.066666666666666
-25.066666666666666
-25.066666666666666
-25.066666666666666
-25.066666666666666
-25.033333333333335
-25.033333333333335
-25.066666666666666
-25.066666666666666
-25.033333333333335
-25.033333333333335
-25.066666666666666
-25.066666666666666
-25.033333333333335
-25.033333333333335
-25.066666666666666
-25.033333333333335
-25.033333333333335
-25.033333333333335
-25.033333333333335
-25.033333333333335
-25.066666666666666
-25.033333333333335
-25.033333333333335
-25.033333333333335
-25.066666666666666
-25.033333333333335
-25.066666666666666
-25.033333333333335
-25.0
-25.0
-25.033333333333335
-25.0
-25.0
-25.0
-25.033333333333335
-25.0
-25.0
-25.033333333333335
-25.0
-25.0
-25.0
-25.0
-24.966666666666665
-25.0
-24.966666666666665
-25.0
-24.966666666666665
-25.033333333333335
-24.966666666666665
-24.933333333333334
-24.933333333333334
