-312.6666666666667
-314.2
-315.93333333333334
-319.4
-324.03333333333336
-331.93333333333334
-339.23333333333335
-351.96666666666664
-365.6
-384.93333333333334
-404.1333333333333
-422.3666666666667
-436.8
-447.2
-458.23333333333335
-462.1333333333333
-468.73333333333335
-476.1
-480.3
-486.26666666666665
-491.1666666666667
-492.26666666666665
-494.7
-497.03333333333336
-497.73333333333335
-498.6
-500.0
-499.6
-498.7
-497.1333333333333
-496.4
-494.73333333333335
-493.8666666666667
-492.2
-491.46666666666664
-491.06666666666666
-490.76666666666665
-490.3666666666667
-489.8666666666667
-490.2
-489.46666666666664
-487.23333333333335
-486.53333333333336
-485.9
-485.1666666666667
-484.56666666666666
-482.4
-481.7
-481.3333333333333
-479.0
-477.7
-475.3666666666667
-474.4
-473.0
-471.5
-470.1
-468.96666666666664
-466.76666666666665
-464.5
-462.3666666666667
-460.3333333333333
-459.2
-457.8
-456.26666666666665
-454.8666666666667
-452.5
-451.1
-449.6
-448.3
-446.53333333333336
-445.06666666666666
-443.26666666666665
-442.1
-440.6666666666667
-439.3666666666667
-437.93333333333334
-437.1
-436.46666666666664
-435.5
-434.1
-433.93333333333334
-432.26666666666665
-431.3666666666667
-430.5
-430.53333333333336
-429.5
-427.8666666666667
-426.93333333333334
-426.03333333333336
-425.93333333333334
-425.8
-425.5
-425.53333333333336
-425.4
-425.76666666666665
-426.43333333333334
-425.76666666666665
-425.23333333333335
-424.7
-423.7
-422.73333333333335
-421.1666666666667
-420.2
-418.93333333333334
-417.8333333333333
-417.1666666666667
-416.1
-414.96666666666664
-414.3666666666667
-414.1666666666667
-413.2
-411.9
-410.8
-409.43333333333334
-408.6666666666667
-408.23333333333335
-407.23333333333335
-406.5
-405.8
-405.4
-404.8666666666667
-404.1333333333333
-403.76666666666665
-403.1666666666667
-402.6666666666667
-402.46666666666664
-401.6666666666667
-401.46666666666664
-401.1
-400.93333333333334
-400.53333333333336
-399.46666666666664
-398.9
-398.06666666666666
-397.43333333333334
-396.96666666666664
-396.5
-395.56666666666666
-394.8
-394.3
-393.6333333333333
-393.03333333333336
-392.46666666666664
-391.8
-391.03333333333336
-390.6666666666667
-390.5
-389.8
-389.56666666666666
-389.1666666666667
-388.6666666666667
-388.06666666666666
-387.73333333333335
-387.4
-387.23333333333335
-386.8333333333333
-386.73333333333335
-386.3
-386.06666666666666
-385.6333333333333
-385.43333333333334
-384.7
-384.26666666666665
-383.96666666666664
-383.4
-382.56666666666666
-382.1
-381.6666666666667
-381.5
-381.4
-380.93333333333334
-380.76666666666665
-380.56666666666666
-380.43333333333334
-380.4
-380.4
-380.3666666666667
-379.8333333333333
-379.23333333333335
-379.1666666666667
-379.26666666666665
-378.73333333333335
-378.6333333333333
-378.6
-378.5
-378.06666666666666
-378.0
-377.93333333333334
-377.93333333333334
-377.8
-377.6666666666667
-378.03333333333336
-378.1
-378.1666666666667
-379.6666666666667
-381.53333333333336
-381.1
-380.6333333333333
-380.53333333333336
