-312.76666666666665
-292.6666666666667
-282.6666666666667
-277.26666666666665
-275.46666666666664
-273.6333333333333
-271.7
-270.9
-269.06666666666666
-267.43333333333334
-267.3333333333333
-265.8333333333333
-264.6
-262.9
-263.56666666666666
-262.8
-262.53333333333336
-261.3
-259.6666666666667
-260.5
-258.53333333333336
-257.43333333333334
-256.8666666666667
-257.73333333333335
-255.96666666666667
-256.2
-255.96666666666667
-256.1333333333333
-256.6666666666667
-253.73333333333332
-254.5
-255.2
-253.9
-252.4
-253.5
-252.96666666666667
-253.86666666666667
-252.3
-250.23333333333332
-251.03333333333333
-252.4
-251.23333333333332
-251.96666666666667
-250.3
-252.13333333333333
-252.0
-250.93333333333334
-251.46666666666667
-251.3
-252.33333333333334
-251.5
-251.0
-251.3
-250.7
-251.1
-251.2
-251.36666666666667
-251.7
-251.73333333333332
-251.46666666666667
-251.8
-252.36666666666667
-252.96666666666667
-251.6
-252.43333333333334
-252.03333333333333
-252.1
-252.46666666666667
-252.1
-251.43333333333334
-251.86666666666667
-252.03333333333333
-251.16666666666666
-252.23333333333332
-252.06666666666666
-252.4
-251.93333333333334
-251.83333333333334
-252.66666666666666
-251.86666666666667
-252.0
-252.06666666666666
-252.66666666666666
-253.7
-252.7
-252.2
-252.36666666666667
-251.26666666666668
-254.23333333333332
-254.56666666666666
-253.56666666666666
-252.76666666666668
-254.43333333333334
-253.96666666666667
-255.23333333333332
-254.33333333333334
-256.06666666666666
-253.06666666666666
-255.3
-254.1
-255.16666666666666
-255.6
-256.3666666666667
-254.2
-254.73333333333332
-253.8
-255.06666666666666
-255.0
-254.13333333333333
-255.83333333333334
-255.7
-255.06666666666666
-256.96666666666664
-257.23333333333335
-256.6
-255.66666666666666
-255.56666666666666
-256.73333333333335
-255.96666666666667
-255.76666666666668
-255.9
-256.7
-256.1333333333333
-255.73333333333332
-255.33333333333334
-256.53333333333336
-257.46666666666664
-255.8
-255.66666666666666
-257.06666666666666
-256.96666666666664
-256.96666666666664
-256.8333333333333
-256.76666666666665
-258.73333333333335
-257.73333333333335
-258.6666666666667
-257.23333333333335
-257.0
-257.1333333333333
-257.3666666666667
-257.7
-257.96666666666664
-258.43333333333334
-257.7
-258.4
-257.8333333333333
-258.4
-259.1333333333333
-258.73333333333335
-260.56666666666666
-259.56666666666666
-258.93333333333334
-259.8666666666667
-259.26666666666665
-258.3666666666667
-260.53333333333336
-259.56666666666666
-259.7
-260.6
-260.43333333333334
-259.9
-259.9
-260.23333333333335
-260.4
-259.73333333333335
-259.3333333333333
-260.2
-260.3333333333333
-260.43333333333334
-260.6333333333333
-261.26666666666665
-260.9
-261.3
-262.3
-261.53333333333336
-262.23333333333335
-262.53333333333336
-260.96666666666664
-262.9
-262.93333333333334
-262.3333333333333
-262.9
-262.46666666666664
-261.43333333333334
-263.06666666666666
-262.96666666666664
-263.1
-264.1333333333333
-264.43333333333334
-263.96666666666664
-263.23333333333335
-263.8666666666667
-264.43333333333334
-264.76666666666665
-265.3
-265.3333333333333
-265.9
-265.56666666666666
