-28.9
-28.933333333333334
-29.0
-29.0
-29.0
-28.966666666666665
-28.966666666666665
-28.966666666666665
-29.0
-29.0
-29.0
-29.0
-29.0
-29.0
-29.0
-29.0
-29.0
-29.0
-29.0
-29.0
-29.0
-29.0
-29.0
-29.0
-29.0
-29.0
-28.933333333333334
-28.933333333333334
-28.933333333333334
-29.0
-28.966666666666665
-28.966666666666665
-28.966666666666665
-28.966666666666665
-29.0
-29.0
-28.966666666666665
-28.966666666666665
-29.0
-28.9
-28.933333333333334
-28.966666666666665
-28.9
-28.933333333333334
-28.966666666666665
-28.966666666666665
-28.933333333333334
-28.866666666666667
-28.933333333333334
-28.9
-28.933333333333334
-28.9
-28.933333333333334
-28.9
-28.933333333333334
-28.766666666666666
-28.866666666666667
-28.766666666666666
-28.766666666666666
-28.866666666666667
-28.833333333333332
-28.8
-28.833333333333332
-28.7
-28.733333333333334
-28.766666666666666
-28.7
-28.666666666666668
-28.766666666666666
-28.8
-28.766666666666666
-28.8
-28.666666666666668
-28.8
-28.766666666666666
-28.733333333333334
-28.766666666666666
-28.7
-28.8
-28.7
-28.733333333333334
-28.733333333333334
-28.733333333333334
-28.733333333333334
-28.666666666666668
-28.733333333333334
-28.666666666666668
-28.666666666666668
-28.7
-28.666666666666668
-28.633333333333333
-28.633333333333333
-28.666666666666668
-28.6
-28.533333333333335
-28.566666666666666
-28.566666666666666
-28.566666666666666
-28.566666666666666
-28.533333333333335
-28.466666666666665
-28.433333333333334
-28.466666666666665
-28.5
-28.433333333333334
-28.466666666666665
-28.533333333333335
-28.466666666666665
-28.5
-28.4
-28.5
-28.533333333333335
-28.4
-28.366666666666667
-28.366666666666667
-28.266666666666666
-28.266666666666666
-28.3
-28.266666666666666
-28.233333333333334
-28.266666666666666
-28.266666666666666
-28.266666666666666
-28.3
-28.333333333333332
-28.366666666666667
-28.233333333333334
-28.266666666666666
-28.233333333333334
-28.266666666666666
-28.266666666666666
-28.266666666666666
-28.266666666666666
-28.133333333333333
-28.266666666666666
-28.233333333333334
-28.266666666666666
-28.266666666666666
-28.266666666666666
-28.333333333333332
-28.3
-28.166666666666668
-28.2
-28.2
-28.2
-28.2
-28.2
-28.166666666666668
-28.133333333333333
-28.133333333333333
-28.066666666666666
-28.1
-28.133333333333333
-28.133333333333333
-28.133333333333333
-28.166666666666668
-28.1
-28.133333333333333
-28.066666666666666
-28.133333333333333
-28.133333333333333
-28.1
-28.033333333333335
-28.1
-28.2
-28.1
-28.133333333333333
-28.133333333333333
-28.066666666666666
-28.066666666666666
-28.066666666666666
-28.1
-28.033333333333335
-27.966666666666665
-28.0
-28.0
-27.966666666666665
-28.033333333333335
-28.066666666666666
-28.033333333333335
-28.033333333333335
-28.066666666666666
-28.0
-28.0
-28.0
-28.033333333333335
-27.966666666666665
-27.966666666666665
-28.0
-28.0
-27.966666666666665
-27.966666666666665
-27.966666666666665
-28.0
-28.0
-27.933333333333334
-27.966666666666665
-27.966666666666665
-27.966666666666665
