-313.1333333333333
-315.76666666666665
-318.6
-323.3
-333.3333333333333
-344.3
-359.73333333333335
-376.6
-394.9
-410.1666666666667
-429.46666666666664
-449.1
-464.6333333333333
-479.46666666666664
-483.06666666666666
-489.73333333333335
-494.5
-497.03333333333336
-500.1666666666667
-502.3333333333333
-501.93333333333334
-501.96666666666664
-500.06666666666666
-500.96666666666664
-501.73333333333335
-504.1333333333333
-504.46666666666664
-505.3666666666667
-506.8333333333333
-506.93333333333334
-508.1333333333333
-508.76666666666665
-508.4
-509.9
-510.6333333333333
-512.8666666666667
-514.4666666666667
-514.1
-514.4666666666667
-514.3
-515.0
-515.6
-515.1
-515.0333333333333
-513.8333333333334
-513.9666666666667
-512.9666666666667
-512.1
-511.23333333333335
-509.9
-508.3333333333333
-506.96666666666664
-505.7
-504.96666666666664
-503.6666666666667
-502.96666666666664
-501.0
-499.8666666666667
-498.56666666666666
-497.03333333333336
-495.76666666666665
-494.56666666666666
-494.1
-494.23333333333335
-493.1
-492.6
-493.1
-493.46666666666664
-492.93333333333334
-491.3666666666667
-490.3333333333333
-489.3666666666667
-488.1
-486.96666666666664
-485.6
-484.2
-483.2
-482.23333333333335
-481.06666666666666
-480.23333333333335
-479.5
-479.1
-478.2
-478.3
-477.8333333333333
-477.96666666666664
-478.6333333333333
-478.76666666666665
-478.5
-478.6333333333333
-478.6333333333333
-479.3666666666667
-479.06666666666666
-478.6
-478.23333333333335
-477.93333333333334
-477.46666666666664
-477.2
-477.46666666666664
-477.53333333333336
-478.6666666666667
-478.1
-477.73333333333335
-477.4
-476.93333333333334
-476.56666666666666
-476.43333333333334
-476.2
-476.4
-476.96666666666664
-476.96666666666664
-477.4
-477.53333333333336
-477.8666666666667
-477.6333333333333
-477.56666666666666
-476.9
-476.43333333333334
-475.73333333333335
-475.1333333333333
-474.6333333333333
-474.0
-473.43333333333334
-473.06666666666666
-472.6
-472.6333333333333
-472.6333333333333
-472.1666666666667
-472.26666666666665
-472.3333333333333
-472.6
-473.3666666666667
-472.8
-473.03333333333336
-473.53333333333336
-473.73333333333335
-472.73333333333335
-472.6
-472.0
-471.8333333333333
-471.5
-471.3
-471.3666666666667
-471.6666666666667
-472.2
-471.76666666666665
-471.53333333333336
-471.76666666666665
-471.93333333333334
-471.26666666666665
-471.1
-470.5
-469.7
-469.06666666666666
-468.93333333333334
-468.46666666666664
-467.9
-467.23333333333335
-466.9
-466.3666666666667
-465.8333333333333
-465.8
-465.3
-464.96666666666664
-464.73333333333335
-464.43333333333334
-463.9
-463.4
-463.06666666666666
-463.0
-462.23333333333335
-461.8666666666667
-461.3333333333333
-461.03333333333336
-460.8333333333333
-460.3666666666667
-460.06666666666666
-460.23333333333335
-460.0
-460.06666666666666
-459.4
-458.76666666666665
-458.23333333333335
-457.73333333333335
-457.23333333333335
-456.46666666666664
-456.1333333333333
-455.53333333333336
-455.0
-454.9
-454.3
-454.2
-453.6
-453.26666666666665
-452.5
-452.6
-452.3333333333333
-452.3666666666667
-452.3
