-28.9
-28.733333333333334
-28.633333333333333
-28.533333333333335
-28.233333333333334
-28.2
-28.066666666666666
-27.966666666666665
-27.8
-27.8
-27.6
-27.4
-27.3
-27.166666666666668
-27.133333333333333
-27.1
-27.066666666666666
-26.933333333333334
-26.9
-26.833333333333332
-26.8
-26.766666666666666
-26.7
-26.7
-26.666666666666668
-26.6
-26.533333333333335
-26.533333333333335
-26.466666666666665
-26.433333333333334
-26.333333333333332
-26.333333333333332
-26.3
-26.3
-26.3
-26.2
-26.133333333333333
-26.1
-26.1
-26.1
-26.033333333333335
-26.0
-26.0
-25.933333333333334
-25.933333333333334
-25.866666666666667
-25.833333333333332
-25.833333333333332
-25.833333333333332
-25.833333333333332
-25.833333333333332
-25.833333333333332
-25.833333333333332
-25.8
-25.8
-25.8
-25.766666666666666
-25.766666666666666
-25.766666666666666
-25.833333333333332
-25.766666666666666
-25.733333333333334
-25.733333333333334
-25.733333333333334
-25.733333333333334
-25.7
-25.6
-25.6
-25.6
-25.633333333333333
-25.6
-25.633333333333333
-25.533333333333335
-25.566666666666666
-25.566666666666666
-25.533333333333335
-25.533333333333335
-25.533333333333335
-25.5
-25.466666666666665
-25.466666666666665
-25.466666666666665
-25.5
-25.466666666666665
-25.466666666666665
-25.433333333333334
-25.433333333333334
-25.433333333333334
-25.433333333333334
-25.433333333333334
-25.4
-25.366666666666667
-25.3
-25.266666666666666
-25.266666666666666
-25.266666666666666
-25.266666666666666
-25.266666666666666
-25.266666666666666
-25.266666666666666
-25.233333333333334
-25.233333333333334
-25.233333333333334
-25.2
-25.2
-25.2
-25.2
-25.2
-25.166666666666668
-25.166666666666668
-25.1
-25.133333333333333
-25.1
-25.1
-25.066666666666666
-25.066666666666666
-25.066666666666666
-25.066666666666666
-25.033333333333335
-25.033333333333335
-25.066666666666666
-25.033333333333335
-25.033333333333335
-25.033333333333335
-25.0
-25.0
-24.966666666666665
-24.966666666666665
-24.966666666666665
-24.933333333333334
-24.933333333333334
-24.933333333333334
-24.933333333333334
-24.933333333333334
-24.933333333333334
-24.933333333333334
-24.9
-24.9
-24.866666666666667
-24.866666666666667
-24.866666666666667
-24.9
-24.833333333333332
-24.833333333333332
-24.8
-24.8
-24.8
-24.766666666666666
-24.733333333333334
-24.733333333333334
-24.733333333333334
-24.7
-24.7
-24.7
-24.7
-24.7
-24.7
-24.7
-24.733333333333334
-24.7
-24.7
-24.7
-24.733333333333334
-24.7
-24.7
-24.666666666666668
-24.7
-24.666666666666668
-24.666666666666668
-24.666666666666668
-24.666666666666668
-24.666666666666668
-24.666666666666668
-24.666666666666668
-24.666666666666668
-24.666666666666668
-24.7
-24.7
-24.666666666666668
-24.633333333333333
-24.633333333333333
-24.633333333333333
-24.633333333333333
-24.633333333333333
-24.633333333333333
-24.666666666666668
-24.633333333333333
-24.633333333333333
-24.633333333333333
-24.633333333333333
-24.633333333333333
-24.633333333333333
-24.666666666666668
-24.633333333333333
-24.666666666666668
-24.633333333333333
-24.633333333333333
-24.6
-24.6
