-5.566666666666666
-5.4
-5.2
-5.033333333333333
-4.9
-4.866666666666666
-4.833333333333333
-4.8
-4.766666666666667
-4.733333333333333
-4.6
-4.4
-3.966666666666667
-3.6
-3.3
-2.966666666666667
-2.6666666666666665
-2.4
-2.1333333333333333
-1.9666666666666666
-1.7333333333333334
-1.4333333333333333
-1.0666666666666667
-1.0333333333333334
-0.9
-0.8
-0.8333333333333334
-0.8
-0.7333333333333333
-0.7333333333333333
-0.7666666666666667
-0.6666666666666666
-0.6666666666666666
-0.8
-0.6333333333333333
-0.7
-0.6333333333333333
-0.8
-0.7333333333333333
-0.7666666666666667
-0.6666666666666666
-0.6
-0.6
-0.6
-0.6
-0.6
-0.6
-0.6
-0.6
-0.6
-0.6
-0.6
-0.6
-0.6
-0.6
-0.6
-0.6
-0.6
-0.6
-0.6
-0.6
-0.6
-0.6
-0.6
-0.6
-0.6
-0.6
-0.6
-0.6
-0.6
-0.6
-0.6
-0.6
-0.6
-0.6
-0.6
-0.7
-0.7
-0.6
-0.7333333333333333
-0.5666666666666667
-0.5666666666666667
-0.6333333333333333
-0.5666666666666667
-0.5666666666666667
-0.6333333333333333
-0.6666666666666666
-0.7
-0.6666666666666666
-0.6666666666666666
-0.5333333333333333
-0.5333333333333333
-0.5333333333333333
-0.5333333333333333
-0.5333333333333333
-0.5333333333333333
-0.5333333333333333
-0.5333333333333333
-0.5333333333333333
-0.5333333333333333
-0.5333333333333333
-0.5333333333333333
-0.5333333333333333
-0.5333333333333333
-0.5333333333333333
-0.5333333333333333
-0.5333333333333333
-0.5333333333333333
-0.5333333333333333
-0.5333333333333333
-0.5333333333333333
-0.5333333333333333
-0.5333333333333333
-0.5333333333333333
-0.5333333333333333
-0.5333333333333333
-0.5333333333333333
-0.5333333333333333
-0.5333333333333333
-0.5333333333333333
-0.5333333333333333
-0.5333333333333333
-0.5333333333333333
-0.5333333333333333
-0.5333333333333333
-0.5333333333333333
-0.5333333333333333
-0.5333333333333333
-0.5333333333333333
-0.5333333333333333
-0.5333333333333333
-0.5333333333333333
-0.5333333333333333
-0.5333333333333333
-0.5333333333333333
-0.5333333333333333
-0.5333333333333333
-0.5333333333333333
-0.5333333333333333
-0.5333333333333333
-0.5333333333333333
-0.5333333333333333
-0.5333333333333333
-0.5333333333333333
-0.5333333333333333
-0.5333333333333333
-0.5333333333333333
-0.5333333333333333
-0.5333333333333333
-0.5333333333333333
-0.5333333333333333
-0.5333333333333333
-0.5333333333333333
-0.5333333333333333
-0.5333333333333333
-0.5333333333333333
-0.5333333333333333
-0.5333333333333333
-0.5333333333333333
-0.5333333333333333
-0.5333333333333333
-0.5333333333333333
-0.5333333333333333
-0.5333333333333333
-0.5333333333333333
-0.5333333333333333
-0.5333333333333333
-0.5333333333333333
-0.5333333333333333
-0.5333333333333333
-0.5333333333333333
-0.5333333333333333
-0.5333333333333333
-0.5333333333333333
-0.5333333333333333
-0.5333333333333333
-0.5333333333333333
-0.5333333333333333
-0.5333333333333333
-0.5333333333333333
-0.5333333333333333
-0.5333333333333333
-0.5333333333333333
-0.5333333333333333
-0.5333333333333333
-0.5333333333333333
-0.5333333333333333
-0.5333333333333333
-0.5333333333333333
-0.5333333333333333
-0.5333333333333333
-0.5333333333333333
-0.5333333333333333
-0.5333333333333333
-0.5333333333333333
-0.5333333333333333
-0.5333333333333333
-0.5333333333333333
-0.5333333333333333
