-5.566666666666666
-5.4
-5.233333333333333
-5.066666666666666
-4.866666666666666
-4.733333333333333
-4.566666666666666
-4.466666666666667
-4.333333333333333
-4.066666666666666
-3.8333333333333335
-3.566666666666667
-3.2666666666666666
-3.066666666666667
-2.933333333333333
-2.7666666666666666
-2.5
-1.9
-1.1666666666666667
-0.9333333333333333
-0.8666666666666667
-0.8
-0.7333333333333333
-0.7
-0.7
-0.7666666666666667
-0.6333333333333333
-0.6666666666666666
-0.7666666666666667
-0.7
-0.6666666666666666
-0.6333333333333333
-0.7333333333333333
-0.6333333333333333
-0.7666666666666667
-0.5666666666666667
-0.6666666666666666
-0.7
-0.6
-0.6
-0.6333333333333333
-0.5333333333333333
-0.5333333333333333
-0.5333333333333333
-0.5333333333333333
-0.5333333333333333
-0.5333333333333333
-0.5333333333333333
-0.5333333333333333
-0.5333333333333333
-0.5333333333333333
-0.5333333333333333
-0.5333333333333333
-0.5333333333333333
-0.5333333333333333
-0.5333333333333333
-0.5333333333333333
-0.5333333333333333
-0.5333333333333333
-0.5333333333333333
-0.5333333333333333
-0.5333333333333333
-0.5333333333333333
-0.5333333333333333
-0.5333333333333333
-0.5333333333333333
-0.5333333333333333
-0.5333333333333333
-0.5333333333333333
-0.5333333333333333
-0.5333333333333333
-0.5333333333333333
-0.5333333333333333
-0.5333333333333333
-0.5333333333333333
-0.5333333333333333
-0.5333333333333333
-0.5333333333333333
-0.5333333333333333
-0.5333333333333333
-0.5333333333333333
-0.5333333333333333
-0.5333333333333333
-0.5333333333333333
-0.5333333333333333
-0.5333333333333333
-0.5333333333333333
-0.5333333333333333
-0.5333333333333333
-0.5333333333333333
-0.5333333333333333
-0.5333333333333333
-0.5333333333333333
-0.5333333333333333
-0.5333333333333333
-0.5333333333333333
-0.5333333333333333
-0.5333333333333333
-0.5333333333333333
-0.5333333333333333
-0.5333333333333333
-0.5333333333333333
-0.5333333333333333
-0.5333333333333333
-0.5333333333333333
-0.5333333333333333
-0.5333333333333333
-0.5333333333333333
-0.5333333333333333
-0.5333333333333333
-0.5333333333333333
-0.5333333333333333
-0.5333333333333333
-0.5333333333333333
-0.5333333333333333
-0.5333333333333333
-0.5333333333333333
-0.5333333333333333
-0.5333333333333333
-0.5333333333333333
-0.5333333333333333
-0.5333333333333333
-0.5333333333333333
-0.5333333333333333
-0.5333333333333333
-0.5333333333333333
-0.5333333333333333
-0.5333333333333333
-0.5333333333333333
-0.5333333333333333
-0.5333333333333333
-0.5333333333333333
-0.5333333333333333
-0.5333333333333333
-0.5333333333333333
-0.5333333333333333
-0.5333333333333333
-0.5333333333333333
-0.5333333333333333
-0.5333333333333333
-0.5333333333333333
-0.5333333333333333
-0.5333333333333333
-0.5333333333333333
-0.5333333333333333
-0.5333333333333333
-0.5333333333333333
-0.5333333333333333
-0.5333333333333333
-0.5333333333333333
-0.5333333333333333
-0.5333333333333333
-0.5333333333333333
-0.5333333333333333
-0.5333333333333333
-0.5333333333333333
-0.5333333333333333
-0.5333333333333333
-0.5333333333333333
-0.5333333333333333
-0.5333333333333333
-0.5333333333333333
-0.5333333333333333
-0.5333333333333333
-0.5333333333333333
-0.5333333333333333
-0.5333333333333333
-0.5333333333333333
-0.5333333333333333
-0.5333333333333333
-0.5333333333333333
-0.5333333333333333
-0.5333333333333333
-0.5333333333333333
-0.5333333333333333
-0.5333333333333333
-0.5333333333333333
-0.5333333333333333
-0.5333333333333333
-0.5333333333333333
-0.5333333333333333
-0.5333333333333333
-0.5333333333333333
-0.5333333333333333
-0.5333333333333333
-0.5333333333333333
-0.5333333333333333
-0.5333333333333333
-0.5333333333333333
-0.5333333333333333
-0.5333333333333333
-0.5333333333333333
-0.5333333333333333
-0.5333333333333333
-0.5333333333333333
-0.5333333333333333
-0.5333333333333333
-0.5333333333333333
-0.5333333333333333
