-5.566666666666666
-5.366666666666666
-5.366666666666666
-5.2
-5.2
-5.066666666666666
-5.066666666666666
-4.966666666666667
-4.966666666666667
-4.9
-4.9
-4.833333333333333
-4.833333333333333
-4.8
-4.8
-4.7
-4.7
-4.566666666666666
-4.566666666666666
-4.366666666666666
-4.2
-4.0
-3.6
-3.6
-3.3666666666666667
-3.3666666666666667
-3.1333333333333333
-3.1333333333333333
-2.8
-2.8
-2.2666666666666666
-2.2666666666666666
-1.4
-1.4
-1.2
-1.2
-1.1666666666666667
-1.1666666666666667
-0.9333333333333333
-0.9333333333333333
-0.9
-0.9
-0.9333333333333333
-0.9333333333333333
-0.7666666666666667
-0.7666666666666667
-0.8333333333333334
-0.7333333333333333
-0.7333333333333333
-0.7333333333333333
-0.7333333333333333
-0.8
-0.7333333333333333
-0.7333333333333333
-0.7666666666666667
-0.7666666666666667
-0.7666666666666667
-0.7
-0.7
-0.8
-0.7666666666666667
-0.7666666666666667
-0.6666666666666666
-0.6666666666666666
-0.8333333333333334
-0.8333333333333334
-0.8
-0.8
-0.7333333333333333
-0.7333333333333333
-0.6333333333333333
-0.6333333333333333
-0.6333333333333333
-0.7
-0.7666666666666667
-0.8
-0.7666666666666667
-0.7666666666666667
-0.6666666666666666
-0.6666666666666666
-0.6
-0.6
-0.6
-0.6
-0.6
-0.6
-0.6
-0.6
-0.6
-0.6
-0.6
-0.6
-0.6
-0.6
-0.6
-0.6
-0.6
-0.6
-0.6
-0.6
-0.6
-0.6
-0.6
-0.6
-0.6
-0.6
-0.6
-0.6
-0.6
-0.6
-0.6
-0.6
-0.6
-0.6
-0.6
-0.6
-0.6
-0.6
-0.6
-0.6
-0.6
-0.6
-0.6
-0.6
-0.6
-0.6
-0.6
-0.6
-0.6
-0.6
-0.6
-0.6
-0.6
-0.6
-0.6
-0.6
-0.6
-0.6
-0.6
-0.6
-0.6
-0.6
-0.6
-0.6
-0.6
-0.6
-0.6
-0.6
-0.6
-0.6
-0.6
-0.6
-0.6
-0.6
-0.6
-0.6
-0.6
-0.6
