-5.566666666666666
-5.333333333333333
-5.1
-4.766666666666667
-4.1
-2.4
-1.1
-1.0
-0.9666666666666667
-0.9666666666666667
-0.8666666666666667
-0.8
-0.8
-0.8666666666666667
-0.7333333333333333
-0.7333333333333333
-0.8333333333333334
-0.7
-0.7
-0.8
-0.6333333333333333
-0.6333333333333333
-0.7
-0.8
-0.6666666666666666
-0.6
-0.6
-0.7333333333333333
-0.6666666666666666
-0.5666666666666667
-0.5666666666666667
-0.5666666666666667
-0.5666666666666667
-0.5666666666666667
-0.5666666666666667
-0.5666666666666667
-0.5666666666666667
-0.5666666666666667
-0.6666666666666666
-0.5666666666666667
-0.5666666666666667
-0.7333333333333333
-0.6666666666666666
-0.5666666666666667
-0.5666666666666667
-0.6666666666666666
-0.6
-0.5666666666666667
-0.5666666666666667
-0.5333333333333333
-0.5333333333333333
-0.5333333333333333
-0.5333333333333333
-0.5333333333333333
-0.5333333333333333
-0.5333333333333333
-0.5333333333333333
-0.5333333333333333
-0.5333333333333333
-0.5333333333333333
-0.5333333333333333
-0.5333333333333333
-0.5333333333333333
-0.5333333333333333
-0.5333333333333333
-0.5333333333333333
-0.5333333333333333
-0.5333333333333333
-0.5333333333333333
-0.5333333333333333
-0.5333333333333333
-0.5333333333333333
-0.5333333333333333
-0.5333333333333333
-0.5333333333333333
-0.5333333333333333
-0.5333333333333333
-0.5333333333333333
-0.5333333333333333
-0.5333333333333333
-0.5333333333333333
-0.5333333333333333
-0.5333333333333333
-0.5333333333333333
-0.5333333333333333
-0.5333333333333333
-0.5333333333333333
-0.5333333333333333
-0.5333333333333333
-0.5333333333333333
-0.5333333333333333
-0.5333333333333333
-0.5333333333333333
-0.5333333333333333
-0.5333333333333333
-0.5333333333333333
-0.5333333333333333
-0.5333333333333333
-0.5333333333333333
-0.5333333333333333
-0.5333333333333333
-0.5333333333333333
-0.5333333333333333
-0.5333333333333333
-0.5333333333333333
-0.5333333333333333
-0.5333333333333333
-0.5333333333333333
-0.5333333333333333
-0.5333333333333333
-0.5333333333333333
-0.5333333333333333
-0.5333333333333333
-0.5333333333333333
-0.5333333333333333
-0.5333333333333333
-0.5333333333333333
-0.5333333333333333
-0.5333333333333333
-0.5333333333333333
-0.5333333333333333
-0.5333333333333333
-0.5333333333333333
-0.5333333333333333
-0.5333333333333333
-0.5333333333333333
-0.5333333333333333
-0.5333333333333333
-0.5333333333333333
-0.5333333333333333
-0.5333333333333333
-0.5333333333333333
-0.5333333333333333
-0.5333333333333333
-0.5333333333333333
-0.5333333333333333
-0.5333333333333333
-0.5333333333333333
-0.5333333333333333
-0.5333333333333333
-0.5333333333333333
-0.5333333333333333
-0.5333333333333333
-0.5333333333333333
-0.5333333333333333
-0.5333333333333333
-0.5333333333333333
-0.5333333333333333
-0.5333333333333333
-0.5333333333333333
-0.5333333333333333
-0.5333333333333333
-0.5333333333333333
-0.5333333333333333
-0.5333333333333333
-0.5333333333333333
-0.5333333333333333
-0.5333333333333333
-0.5333333333333333
-0.5333333333333333
-0.5333333333333333
-0.5333333333333333
-0.5333333333333333
-0.5333333333333333
-0.5333333333333333
-0.5333333333333333
-0.5333333333333333
-0.5333333333333333
-0.5333333333333333
-0.5333333333333333
-0.5333333333333333
-0.5333333333333333
-0.5333333333333333
-0.5333333333333333
-0.5333333333333333
-0.5333333333333333
-0.5333333333333333
-0.5333333333333333
-0.5333333333333333
-0.5333333333333333
-0.5333333333333333
-0.5333333333333333
-0.5333333333333333
-0.5333333333333333
-0.5333333333333333
-0.5333333333333333
-0.5333333333333333
-0.5333333333333333
-0.5333333333333333
-0.5333333333333333
-0.5333333333333333
-0.5333333333333333
-0.5333333333333333
-0.5333333333333333
-0.5333333333333333
-0.5333333333333333
-0.5333333333333333
-0.5333333333333333
-0.5333333333333333
