-5.6
-5.366666666666666
-5.366666666666666
-5.166666666666667
-5.166666666666667
-4.866666666666666
-4.866666666666666
-4.633333333333334
-4.633333333333334
-4.5
-4.5
-4.366666666666666
-4.366666666666666
-4.233333333333333
-4.233333333333333
-4.1
-4.1
-4.0
-4.0
-3.933333333333333
-3.933333333333333
-3.8666666666666667
-3.8666666666666667
-3.7666666666666666
-3.7666666666666666
-3.566666666666667
-3.566666666666667
-3.3
-3.3
-3.033333333333333
-3.033333333333333
-2.8666666666666667
-2.8666666666666667
-2.8
-2.8
-2.7
-2.7
-2.6333333333333333
-2.6333333333333333
-2.533333333333333
-2.533333333333333
-2.433333333333333
-2.433333333333333
-2.2
-2.2
-1.7
-1.7
-1.3333333333333333
-1.3333333333333333
-1.0666666666666667
-1.0666666666666667
-0.9666666666666667
-0.9666666666666667
-0.8666666666666667
-0.8666666666666667
-0.9333333333333333
-0.8333333333333334
-0.8333333333333334
-0.8
-0.8
-0.8666666666666667
-0.9333333333333333
-0.7333333333333333
-0.7333333333333333
-0.8666666666666667
-0.8
-0.8
-0.7
-0.7
-0.7
-0.7666666666666667
-0.7
-0.7
-0.7666666666666667
-0.7
-0.7
-0.7333333333333333
-0.7666666666666667
-0.6666666666666666
-0.6666666666666666
-0.7666666666666667
-0.7666666666666667
-0.7
-0.7
-0.7666666666666667
-0.6333333333333333
-0.6333333333333333
-0.6333333333333333
-0.6333333333333333
-0.6333333333333333
-0.6333333333333333
-0.6333333333333333
-0.6333333333333333
-0.6333333333333333
-0.6333333333333333
-0.6333333333333333
-0.6333333333333333
-0.6333333333333333
-0.6333333333333333
-0.6333333333333333
-0.6333333333333333
-0.6333333333333333
-0.6333333333333333
-0.6333333333333333
-0.6333333333333333
-0.6333333333333333
-0.6333333333333333
-0.6333333333333333
-0.6333333333333333
-0.6333333333333333
-0.6333333333333333
-0.6333333333333333
-0.6333333333333333
-0.6333333333333333
-0.6333333333333333
-0.6333333333333333
-0.6333333333333333
-0.6333333333333333
-0.6333333333333333
-0.6333333333333333
-0.6333333333333333
-0.6333333333333333
-0.6333333333333333
-0.6333333333333333
-0.6333333333333333
-0.6333333333333333
-0.6333333333333333
-0.6333333333333333
-0.6333333333333333
-0.6333333333333333
-0.6333333333333333
-0.6333333333333333
-0.6333333333333333
-0.6333333333333333
-0.6333333333333333
-0.6333333333333333
-0.6333333333333333
-0.6333333333333333
-0.6333333333333333
-0.6333333333333333
-0.6333333333333333
-0.6333333333333333
-0.6333333333333333
-0.6333333333333333
-0.6333333333333333
-0.6333333333333333
-0.6333333333333333
-0.6333333333333333
-0.6333333333333333
-0.6333333333333333
-0.6333333333333333
-0.6333333333333333
-0.6333333333333333
-0.6333333333333333
-0.6333333333333333
-0.6333333333333333
-0.6333333333333333
-0.6333333333333333
-0.6333333333333333
-0.6333333333333333
-0.6333333333333333
-0.6333333333333333
-0.6333333333333333
-0.6333333333333333
-0.6333333333333333
-0.6333333333333333
-0.6333333333333333
-0.6333333333333333
-0.6333333333333333
-0.6333333333333333
-0.6333333333333333
-0.6333333333333333
-0.6333333333333333
-0.6333333333333333
-0.6333333333333333
-0.6333333333333333
-0.7333333333333333
-0.7
-0.7
-0.7333333333333333
