-5.566666666666666
-5.366666666666666
-5.366666666666666
-5.2
-5.2
-5.066666666666666
-5.066666666666666
-4.933333333333334
-4.9
-4.6
-2.7
-0.9333333333333333
-0.9
-0.9
-0.9333333333333333
-0.8
-0.8
-0.8
-0.7666666666666667
-0.7666666666666667
-0.7333333333333333
-0.7333333333333333
-0.8666666666666667
-0.6666666666666666
-0.6666666666666666
-0.7333333333333333
-0.7333333333333333
-0.9
-0.9333333333333333
-0.8666666666666667
-0.8666666666666667
-0.8666666666666667
-0.7333333333333333
-0.7333333333333333
-0.7
-0.7
-0.6
-0.6
-0.6
-0.6
-0.6
-0.6
-0.6
-0.6
-0.6
-0.6
-0.6
-0.6
-0.6
-0.7
-0.7
-0.7
-0.7
-0.6666666666666666
-0.6666666666666666
-0.5666666666666667
-0.5666666666666667
-0.5666666666666667
-0.5666666666666667
-0.5666666666666667
-0.5666666666666667
-0.5666666666666667
-0.5666666666666667
-0.5666666666666667
-0.5666666666666667
-0.5666666666666667
-0.5666666666666667
-0.5666666666666667
-0.5666666666666667
-0.5666666666666667
-0.5666666666666667
-0.5666666666666667
-0.5666666666666667
-0.5666666666666667
-0.5666666666666667
-0.5666666666666667
-0.5666666666666667
-0.5666666666666667
-0.5666666666666667
-0.5666666666666667
-0.5666666666666667
-0.5666666666666667
-0.5666666666666667
-0.5666666666666667
-0.5666666666666667
-0.5666666666666667
-0.5666666666666667
-0.5666666666666667
-0.5666666666666667
-0.5666666666666667
-0.5666666666666667
-0.5666666666666667
-0.5666666666666667
-0.5666666666666667
-0.5666666666666667
-0.5666666666666667
-0.5666666666666667
-0.5666666666666667
-0.5666666666666667
-0.5666666666666667
-0.5666666666666667
-0.5666666666666667
-0.5666666666666667
-0.5666666666666667
-0.5666666666666667
-0.5666666666666667
-0.5666666666666667
-0.5666666666666667
-0.5666666666666667
-0.5666666666666667
-0.5666666666666667
-0.5666666666666667
-0.5666666666666667
-0.5666666666666667
-0.5666666666666667
-0.5666666666666667
-0.5666666666666667
-0.5666666666666667
-0.5666666666666667
-0.5666666666666667
-0.5666666666666667
-0.5666666666666667
-0.5666666666666667
-0.5666666666666667
-0.5666666666666667
-0.5666666666666667
-0.5666666666666667
-0.5666666666666667
-0.5666666666666667
-0.5666666666666667
-0.5666666666666667
-0.5666666666666667
-0.5666666666666667
-0.5666666666666667
-0.5666666666666667
-0.5666666666666667
-0.5666666666666667
-0.5666666666666667
-0.5666666666666667
-0.5666666666666667
-0.5666666666666667
-0.5666666666666667
-0.5666666666666667
-0.5666666666666667
-0.5666666666666667
-0.5666666666666667
-0.5666666666666667
-0.5666666666666667
-0.5666666666666667
-0.5666666666666667
-0.5666666666666667
-0.5666666666666667
-0.5666666666666667
-0.5666666666666667
-0.5666666666666667
-0.5666666666666667
-0.5666666666666667
-0.5666666666666667
-0.5666666666666667
-0.5666666666666667
-0.5666666666666667
-0.5666666666666667
-0.5666666666666667
-0.5666666666666667
-0.5666666666666667
-0.5666666666666667
-0.5666666666666667
