-5.6
-5.533333333333333
-5.5
-5.466666666666667
-5.433333333333334
-5.366666666666666
-5.366666666666666
-5.333333333333333
-5.333333333333333
-5.333333333333333
-5.3
-5.266666666666667
-5.166666666666667
-5.1
-5.1
-5.1
-5.133333333333334
-5.033333333333333
-5.033333333333333
-5.033333333333333
-4.966666666666667
-4.9
-4.866666666666666
-4.833333333333333
-4.9
-4.766666666666667
-4.7
-4.866666666666666
-4.8
-4.633333333333334
-4.566666666666666
-4.566666666666666
-4.633333333333334
-4.733333333333333
-4.8
-4.833333333333333
-4.8
-4.8
-4.933333333333334
-4.933333333333334
-4.933333333333334
-4.866666666666666
-4.866666666666666
-4.833333333333333
-4.733333333333333
-4.766666666666667
-4.666666666666667
-4.633333333333334
-4.7
-4.833333333333333
-4.9
-4.9
-4.833333333333333
-4.866666666666666
-4.9
-5.0
-4.866666666666666
-4.9
-5.033333333333333
-5.033333333333333
-4.966666666666667
-4.933333333333334
-4.966666666666667
-4.966666666666667
-5.0
-4.966666666666667
-4.9
-4.866666666666666
-4.9
-4.866666666666666
-4.866666666666666
-4.8
-4.733333333333333
-4.733333333333333
-4.666666666666667
-4.8
-4.833333333333333
-5.0
-4.933333333333334
-5.1
-5.066666666666666
-5.033333333333333
-4.966666666666667
-4.933333333333334
-4.833333333333333
-4.866666666666666
-4.866666666666666
-4.866666666666666
-4.833333333333333
-4.8
-4.8
-4.8
-4.833333333333333
-4.766666666666667
-4.866666666666666
-4.866666666666666
-4.833333333333333
-4.866666666666666
-4.8
-4.833333333333333
-4.8
-4.866666666666666
-4.833333333333333
-4.866666666666666
-4.833333333333333
-4.733333333333333
-4.866666666666666
-4.8
-4.833333333333333
-4.833333333333333
-4.9
-4.933333333333334
-4.933333333333334
-4.8
-4.866666666666666
-4.833333333333333
-4.733333333333333
-4.766666666666667
-4.8
-4.833333333333333
-4.766666666666667
-4.866666666666666
-4.8
-4.833333333333333
-4.866666666666666
-4.866666666666666
-4.766666666666667
-4.8
-4.933333333333334
-4.866666666666666
-4.9
-4.9
-4.9
-4.866666666666666
-4.833333333333333
-4.833333333333333
-4.833333333333333
-4.9
-4.933333333333334
-4.933333333333334
-5.0
-5.033333333333333
-4.9
-4.8
-4.7
-4.866666666666666
-4.933333333333334
-4.866666666666666
-4.8
-4.9
-4.866666666666666
-4.833333333333333
-4.833333333333333
-4.833333333333333
-4.766666666666667
-4.9
-4.833333333333333
-4.8
-4.866666666666666
-4.866666666666666
-4.933333333333334
-4.966666666666667
-4.933333333333334
-4.866666666666666
-4.9
-4.9
-4.933333333333334
-4.9
-4.866666666666666
-4.9
-4.833333333333333
-4.833333333333333
-4.766666666666667
-4.833333333333333
-4.9
-4.966666666666667
-4.9
-4.833333333333333
-4.8
-4.866666666666666
-4.866666666666666
-4.933333333333334
-4.866666666666666
-4.866666666666666
-4.833333333333333
-4.8
-4.8
-4.766666666666667
-4.733333333333333
-4.833333333333333
-4.8
-4.9
-4.866666666666666
-4.866666666666666
-4.866666666666666
-4.8
-4.8
-4.766666666666667
-4.9
