-5.6
-5.533333333333333
-5.566666666666666
-5.5
-5.533333333333333
-5.466666666666667
-5.5
-5.433333333333334
-5.466666666666667
-5.433333333333334
-5.5
-5.433333333333334
-5.533333333333333
-5.4
-4.866666666666666
-3.9
-3.066666666666667
-4.766666666666667
-5.033333333333333
-5.2
-5.233333333333333
-5.3
-5.233333333333333
-5.4
-5.333333333333333
-5.433333333333334
-5.366666666666666
-5.433333333333334
-5.433333333333334
-5.4
-5.466666666666667
-5.433333333333334
-5.5
-5.433333333333334
-5.466666666666667
-5.4
-5.5
-5.433333333333334
-5.5
-5.466666666666667
-5.533333333333333
-5.466666666666667
-5.5
-5.5
-5.433333333333334
-5.5
-5.4
-5.433333333333334
-5.4
-5.5
-5.4
-5.466666666666667
-5.366666666666666
-5.466666666666667
-5.4
-5.5
-5.4
-5.533333333333333
-5.466666666666667
-5.5
-5.433333333333334
-5.5
-5.466666666666667
-5.5
-5.466666666666667
-5.5
-5.433333333333334
-5.466666666666667
-5.4
-5.466666666666667
-5.4
-5.433333333333334
-5.4
-5.466666666666667
-5.433333333333334
-5.5
-5.4
-5.466666666666667
-5.433333333333334
-5.466666666666667
-5.433333333333334
-5.466666666666667
-5.4
-5.466666666666667
-5.4
-5.466666666666667
-5.366666666666666
-5.433333333333334
-5.4
-5.5
-5.4
-5.5
-5.466666666666667
-5.5
-5.5
-5.4
-5.466666666666667
-5.466666666666667
-5.333333333333333
-5.433333333333334
-5.4
-5.466666666666667
-5.4
-5.5
-5.366666666666666
-5.5
-5.4
-5.466666666666667
-5.433333333333334
-5.533333333333333
-5.5
-5.533333333333333
-5.466666666666667
-5.5
-5.466666666666667
-5.5
-5.466666666666667
-5.5
-5.433333333333334
-5.466666666666667
-5.4
-5.433333333333334
-5.366666666666666
-5.433333333333334
-5.4
-5.5
-5.433333333333334
-5.5
-5.433333333333334
-5.466666666666667
-5.4
-5.433333333333334
-5.4
-5.433333333333334
-5.3
-4.833333333333333
-3.966666666666667
