-5.6
-5.533333333333333
-5.566666666666666
-5.5
-5.533333333333333
-5.466666666666667
-5.533333333333333
-5.466666666666667
-5.466666666666667
-5.4
-5.466666666666667
-5.4
-5.466666666666667
-5.433333333333334
-5.533333333333333
-5.5
-5.533333333333333
-5.466666666666667
-5.533333333333333
-5.466666666666667
-5.5
-5.433333333333334
-5.4
-5.366666666666666
-5.066666666666666
-3.966666666666667
-3.0
-4.566666666666666
-5.0
-5.133333333333334
-5.166666666666667
-5.166666666666667
-5.133333333333334
-5.2
-5.166666666666667
-5.2
-5.166666666666667
-5.2
-5.2
-5.133333333333334
-5.2
-5.133333333333334
-5.2
-5.133333333333334
-5.233333333333333
-5.233333333333333
-5.433333333333334
-5.466666666666667
-5.433333333333334
-5.4
-5.266666666666667
-4.833333333333333
-3.8666666666666667
-3.066666666666667
-4.733333333333333
-4.966666666666667
-5.033333333333333
-5.1
-5.066666666666666
-5.1
-5.1
-5.1
-5.033333333333333
-5.133333333333334
-5.066666666666666
-5.133333333333334
-5.066666666666666
-5.166666666666667
-5.166666666666667
-5.066666666666666
-5.133333333333334
-5.066666666666666
-5.166666666666667
-5.133333333333334
-5.2
-5.133333333333334
-5.2
-5.166666666666667
-5.233333333333333
-5.2
-5.466666666666667
-5.433333333333334
-5.4
-5.2
-4.833333333333333
-3.8333333333333335
-2.966666666666667
-4.933333333333334
-4.966666666666667
-5.133333333333334
-5.133333333333334
-5.033333333333333
-5.166666666666667
-5.133333333333334
-5.2
-5.066666666666666
-5.166666666666667
-5.166666666666667
-5.133333333333334
-5.2
-5.2
-5.5
-5.466666666666667
-5.566666666666666
-5.5
-5.533333333333333
-5.466666666666667
