-5.566666666666666
-5.4
-5.266666666666667
-5.166666666666667
-5.066666666666666
-4.966666666666667
-4.833333333333333
-4.766666666666667
-4.633333333333334
-4.533333333333333
-4.433333333333334
-4.333333333333333
-4.266666666666667
-4.2
-4.133333333333334
-4.033333333333333
-3.933333333333333
-3.8666666666666667
-3.8
-3.7333333333333334
-3.6
-3.3666666666666667
-2.966666666666667
-2.566666666666667
-2.033333333333333
-1.4666666666666666
-1.2
-1.1
-1.0666666666666667
-1.0333333333333334
-0.9666666666666667
-0.9333333333333333
-0.9
-0.8666666666666667
-0.8333333333333334
-0.8
-0.8666666666666667
-0.8
-0.8
-0.8333333333333334
-0.7333333333333333
-0.7333333333333333
-0.7333333333333333
-0.7666666666666667
-0.7
-0.7333333333333333
-0.7
-0.7
-0.7
-0.7333333333333333
-0.6666666666666666
-0.6666666666666666
-0.6666666666666666
-0.6666666666666666
-0.6666666666666666
-0.6666666666666666
-0.6666666666666666
-0.6666666666666666
-0.6666666666666666
-0.6666666666666666
-0.6666666666666666
-0.6666666666666666
-0.6666666666666666
-0.6666666666666666
-0.6666666666666666
-0.6666666666666666
-0.6666666666666666
-0.6666666666666666
-0.6666666666666666
-0.6666666666666666
-0.6666666666666666
-0.6666666666666666
-0.6666666666666666
-0.6666666666666666
-0.6666666666666666
-0.6666666666666666
-0.6666666666666666
-0.6666666666666666
-0.6666666666666666
-0.6333333333333333
-0.6333333333333333
-0.6333333333333333
-0.6333333333333333
-0.6333333333333333
-0.6333333333333333
-0.6333333333333333
-0.6333333333333333
-0.6666666666666666
-0.6333333333333333
-0.6333333333333333
-0.6
-0.6
-0.6
-0.6
-0.6
-0.6
-0.6
-0.6
-0.6
-0.6
-0.6
-0.6
-0.6
-0.6
-0.6
-0.6
-0.6
-0.6
-0.6
-0.6
-0.6
-0.6
-0.6
-0.6
-0.6
-0.6
-0.6
-0.6
-0.6
-0.6
-0.6
-0.6
-0.6
-0.6
-0.6
-0.6
-0.6
-0.6
-0.6
-0.6
-0.6
-0.6
-0.6
-0.6
-0.6
-0.6
-0.6
-0.6
-0.6
-0.6
-0.6
-0.6
-0.6
-0.6
-0.6
-0.6
-0.6
-0.6
-0.6
-0.6
-0.6
-0.6
-0.6
-0.6
-0.6
-0.6
-0.6
-0.6
-0.6
-0.6
-0.6
-0.6
-0.6
-0.6
-0.6
-0.6
-0.6
-0.6
-0.6
-0.6
-0.6
-0.6
-0.6
-0.6
-0.6
-0.6
-0.6
-0.6
-0.6
-0.6
-0.6
-0.6
-0.6
-0.6
-0.6
-0.6
-0.6
-0.6
-0.6
-0.6
-0.6
-0.6
-0.6
-0.6
-0.6
-0.6
-0.6
-0.6
-0.6
