-5.6
-5.433333333333334
-5.3
-5.166666666666667
-5.066666666666666
-4.966666666666667
-4.9
-4.833333333333333
-4.8
-4.7
-4.5
-4.433333333333334
-4.266666666666667
-4.133333333333334
-4.066666666666666
-4.1
-4.066666666666666
-4.033333333333333
-3.966666666666667
-3.9
-3.8
-3.6333333333333333
-3.433333333333333
-3.2333333333333334
-2.966666666666667
-2.8
-2.6666666666666665
-2.5
-2.3333333333333335
-2.1333333333333333
-1.9333333333333333
-1.7333333333333334
-1.5666666666666667
-1.4333333333333333
-1.3
-1.1666666666666667
-1.0666666666666667
-0.9333333333333333
-0.8666666666666667
-0.8666666666666667
-0.8333333333333334
-0.8
-0.7666666666666667
-0.7333333333333333
-0.7333333333333333
-0.7
-0.7
-0.6666666666666666
-0.6666666666666666
-0.7
-0.7333333333333333
-0.6666666666666666
-0.6666666666666666
-0.6666666666666666
-0.6666666666666666
-0.6666666666666666
-0.6666666666666666
-0.6666666666666666
-0.7
-0.6333333333333333
-0.6333333333333333
-0.6333333333333333
-0.6333333333333333
-0.6333333333333333
-0.6333333333333333
-0.6333333333333333
-0.6333333333333333
-0.6333333333333333
-0.6333333333333333
-0.6333333333333333
-0.6333333333333333
-0.6333333333333333
-0.6333333333333333
-0.6333333333333333
-0.6333333333333333
-0.6333333333333333
-0.6333333333333333
-0.6333333333333333
-0.6333333333333333
-0.6333333333333333
-0.6333333333333333
-0.6333333333333333
-0.6333333333333333
-0.6333333333333333
-0.6333333333333333
-0.6
-0.6
-0.6
-0.6
-0.6
-0.6
-0.6
-0.6
-0.6
-0.6
-0.6
-0.6
-0.6
-0.6
-0.6
-0.6
-0.6
-0.6
-0.6
-0.6
-0.6
-0.6
-0.6
-0.6
-0.6
-0.6
-0.6
-0.6
-0.6
-0.6
-0.6
-0.6
-0.6
-0.6
-0.6
-0.6
-0.6
-0.6
-0.6
-0.6
-0.6
-0.6
-0.6
-0.6
-0.6
-0.6
-0.6
-0.6
-0.6
-0.6
-0.6
-0.6
-0.6
-0.6
-0.6
-0.6
-0.6
-0.6
-0.6
-0.6
-0.6
-0.6
-0.6
-0.6
-0.6
-0.6
-0.6
-0.6
-0.6
-0.6
-0.6
-0.6
-0.6
-0.6
-0.6
-0.6
-0.6
-0.6
-0.6
-0.6
-0.6
-0.6
-0.6
-0.6
-0.6
-0.6
-0.6
-0.6
-0.6
-0.6
-0.6
-0.6
-0.6
-0.6
-0.6
-0.6
-0.6
-0.6
-0.6
-0.6
-0.6
-0.6
-0.6
-0.6
-0.6
-0.6
-0.6
-0.6
-0.6
-0.6
-0.6
-0.6
-0.6
-0.6
