-5.6
-5.433333333333334
-5.433333333333334
-5.266666666666667
-5.266666666666667
-5.166666666666667
-5.166666666666667
-5.033333333333333
-5.033333333333333
-4.9
-4.9
-4.8
-4.8
-4.7
-4.7
-4.633333333333334
-4.633333333333334
-4.6
-4.6
-4.566666666666666
-4.566666666666666
-4.533333333333333
-4.533333333333333
-4.5
-4.5
-4.433333333333334
-4.433333333333334
-4.3
-4.3
-4.133333333333334
-4.133333333333334
-4.0
-4.0
-3.8333333333333335
-3.8333333333333335
-3.7
-3.7
-3.466666666666667
-3.466666666666667
-3.1333333333333333
-3.1333333333333333
-2.7666666666666666
-2.7666666666666666
-2.433333333333333
-2.433333333333333
-2.1
-2.1
-1.8
-1.8
-1.6
-1.6
-1.4
-1.4
-1.2666666666666666
-1.2666666666666666
-1.2
-1.2
-1.1666666666666667
-1.1666666666666667
-1.1333333333333333
-1.1333333333333333
-1.1
-1.1
-1.0666666666666667
-1.0666666666666667
-1.0333333333333334
-1.0333333333333334
-1.0
-1.0
-1.0
-1.0
-0.9333333333333333
-0.9333333333333333
-0.9
-0.9
-0.8666666666666667
-0.8666666666666667
-0.8333333333333334
-0.8333333333333334
-0.8333333333333334
-0.8333333333333334
-0.8
-0.8
-0.7666666666666667
-0.7666666666666667
-0.7666666666666667
-0.7666666666666667
-0.7333333333333333
-0.7333333333333333
-0.7333333333333333
-0.7333333333333333
-0.7333333333333333
-0.7333333333333333
-0.7
-0.7
-0.7333333333333333
-0.7333333333333333
-0.7
-0.7
-0.6666666666666666
-0.6666666666666666
-0.6666666666666666
-0.6666666666666666
-0.6666666666666666
-0.6666666666666666
-0.6666666666666666
-0.6666666666666666
-0.6666666666666666
-0.6666666666666666
-0.6666666666666666
-0.6666666666666666
-0.6666666666666666
-0.6666666666666666
-0.6666666666666666
-0.6666666666666666
-0.6666666666666666
-0.6666666666666666
-0.6666666666666666
-0.7333333333333333
-0.6666666666666666
-0.6666666666666666
-0.6666666666666666
-0.6666666666666666
-0.6333333333333333
-0.6333333333333333
-0.6333333333333333
-0.6666666666666666
-0.6333333333333333
-0.6333333333333333
-0.6333333333333333
-0.6
-0.6
-0.6
-0.6
-0.6
-0.6
-0.6
-0.6
-0.6
-0.6
-0.6
-0.6
-0.6
-0.6
-0.6
-0.6
-0.6
-0.6
-0.6
-0.6
-0.6
-0.6
-0.6
-0.6
-0.6
-0.6
-0.6
-0.6
-0.6
-0.6
-0.6
-0.6
-0.6
-0.6
-0.6
-0.6
-0.6
-0.6
-0.6
-0.6
-0.6
-0.6
-0.6
-0.6
-0.6
