-5.566666666666666
-5.4
-5.233333333333333
-5.1
-4.266666666666667
-2.3666666666666667
-1.1666666666666667
-1.0333333333333334
-1.0
-0.9666666666666667
-0.9666666666666667
-0.9
-0.8333333333333334
-0.8333333333333334
-0.7666666666666667
-0.7333333333333333
-0.9666666666666667
-0.8333333333333334
-0.7666666666666667
-0.7333333333333333
-0.7333333333333333
-0.7
-0.7
-0.6666666666666666
-0.6666666666666666
-0.6333333333333333
-0.6333333333333333
-0.6333333333333333
-0.6666666666666666
-0.6333333333333333
-0.6333333333333333
-0.6333333333333333
-0.6333333333333333
-0.6333333333333333
-0.7
-0.6666666666666666
-0.6333333333333333
-0.6333333333333333
-0.6
-0.6
-0.6
-0.6
-0.6
-0.6
-0.6
-0.6
-0.6
-0.6
-0.6
-0.6
-0.6
-0.6
-0.6
-0.6
-0.6
-0.6
-0.6
-0.6
-0.6
-0.6
-0.6
-0.6
-0.6
-0.6
-0.6
-0.6
-0.6
-0.6
-0.6
-0.6
-0.6
-0.6
-0.6
-0.6
-0.6
-0.6
-0.6
-0.6
-0.6
-0.6
-0.6
-0.6
-0.6
-0.6
-0.6
-0.6
-0.6
-0.6
-0.6
-0.6
-0.6
-0.6
-0.6
-0.6
-0.6666666666666666
-0.6
-0.6
-0.6
-0.6
-0.6
-0.6
-0.6
-0.6
-0.5666666666666667
-0.6
-0.6333333333333333
-0.6
-0.6
-0.6
-0.6
-0.6
-0.5666666666666667
-0.5666666666666667
-0.5666666666666667
-0.5666666666666667
-0.5666666666666667
-0.5666666666666667
-0.5666666666666667
-0.5666666666666667
-0.5666666666666667
-0.5666666666666667
-0.5666666666666667
-0.5666666666666667
-0.5666666666666667
-0.5666666666666667
-0.5666666666666667
-0.5666666666666667
-0.5666666666666667
-0.5666666666666667
-0.5666666666666667
-0.5666666666666667
-0.5666666666666667
-0.5666666666666667
-0.5666666666666667
-0.5666666666666667
-0.5666666666666667
-0.5666666666666667
-0.5666666666666667
-0.5666666666666667
-0.5666666666666667
-0.5666666666666667
-0.5666666666666667
-0.6333333333333333
-0.5666666666666667
-0.5666666666666667
-0.5666666666666667
-0.5666666666666667
-0.5666666666666667
-0.5666666666666667
-0.5666666666666667
-0.6
-0.5666666666666667
-0.5666666666666667
-0.5666666666666667
-0.5333333333333333
-0.5333333333333333
-0.5333333333333333
-0.5333333333333333
-0.5333333333333333
-0.5333333333333333
-0.5333333333333333
-0.5333333333333333
-0.5333333333333333
-0.5333333333333333
-0.5333333333333333
-0.5333333333333333
-0.5333333333333333
-0.5333333333333333
-0.5333333333333333
-0.5333333333333333
-0.5333333333333333
-0.5333333333333333
-0.5333333333333333
-0.5333333333333333
-0.5333333333333333
-0.5333333333333333
-0.5333333333333333
-0.5333333333333333
-0.5333333333333333
-0.5333333333333333
-0.5333333333333333
-0.5333333333333333
-0.5333333333333333
-0.5333333333333333
-0.5333333333333333
-0.5333333333333333
-0.5333333333333333
-0.5333333333333333
-0.5333333333333333
-0.5333333333333333
-0.5333333333333333
-0.5333333333333333
-0.5333333333333333
-0.5333333333333333
-0.5333333333333333
-0.5333333333333333
-0.5333333333333333
-0.5333333333333333
-0.5333333333333333
