-5.6
-5.433333333333334
-5.433333333333334
-5.3
-5.3
-5.166666666666667
-5.166666666666667
-4.966666666666667
-4.966666666666667
-4.833333333333333
-4.8
-4.466666666666667
-2.933333333333333
-0.9333333333333333
-0.9
-0.9
-0.8333333333333334
-0.8333333333333334
-0.8
-0.8
-0.7666666666666667
-1.2333333333333334
-1.0
-0.9333333333333333
-0.8666666666666667
-0.8333333333333334
-0.8
-0.8
-0.7666666666666667
-1.0
-0.9
-0.8666666666666667
-0.8
-0.8
-0.7666666666666667
-0.7666666666666667
-0.7666666666666667
-0.9
-0.8333333333333334
-0.8
-0.7666666666666667
-0.7666666666666667
-0.7333333333333333
-0.7333333333333333
-0.7666666666666667
-0.7333333333333333
-0.7333333333333333
-0.7666666666666667
-0.7333333333333333
-0.7333333333333333
-0.7333333333333333
-0.7
-0.7
-0.7
-0.7
-0.7
-0.6666666666666666
-0.6666666666666666
-0.6666666666666666
-0.6666666666666666
-0.6666666666666666
-0.7
-0.6666666666666666
-0.6666666666666666
-0.7
-0.6666666666666666
-0.6666666666666666
-0.6333333333333333
-0.6333333333333333
-0.6333333333333333
-0.6333333333333333
-0.6333333333333333
-0.6333333333333333
-0.6333333333333333
-0.6333333333333333
-0.6333333333333333
-0.6333333333333333
-0.6333333333333333
-0.6333333333333333
-0.6333333333333333
-0.6333333333333333
-0.6333333333333333
-0.6333333333333333
-0.6333333333333333
-0.6333333333333333
-0.6333333333333333
-0.6333333333333333
-0.6333333333333333
-0.6333333333333333
-0.6333333333333333
-0.6333333333333333
-0.6333333333333333
-0.6333333333333333
-0.6333333333333333
-0.6333333333333333
-0.6333333333333333
-0.6333333333333333
-0.6333333333333333
-0.6333333333333333
-0.6333333333333333
-0.6333333333333333
-0.6333333333333333
-0.6333333333333333
-0.6333333333333333
-0.6333333333333333
-0.6333333333333333
-0.6333333333333333
-0.6333333333333333
-0.6333333333333333
-0.6333333333333333
-0.6333333333333333
-0.6333333333333333
-0.6333333333333333
-0.6333333333333333
-0.6333333333333333
-0.6333333333333333
-0.6333333333333333
-0.6333333333333333
-0.6333333333333333
-0.6333333333333333
-0.6333333333333333
-0.6333333333333333
-0.6333333333333333
-0.6333333333333333
-0.6333333333333333
-0.6333333333333333
-0.6333333333333333
-0.6333333333333333
-0.6333333333333333
-0.6333333333333333
-0.6333333333333333
-0.6333333333333333
-0.6333333333333333
-0.6333333333333333
-0.6333333333333333
-0.6333333333333333
-0.6333333333333333
-0.6333333333333333
-0.6333333333333333
-0.6333333333333333
-0.6333333333333333
