-5.566666666666666
-5.466666666666667
-5.533333333333333
-5.5
-5.566666666666666
-5.533333333333333
-5.533333333333333
-5.466666666666667
-5.5
-5.5
-5.5
-5.466666666666667
-5.533333333333333
-5.466666666666667
-5.5
-5.466666666666667
-5.533333333333333
-5.466666666666667
-5.533333333333333
-5.5
-5.5
-5.466666666666667
-5.533333333333333
-5.5
-5.5
-5.5
-5.533333333333333
-5.466666666666667
-5.433333333333334
-5.466666666666667
-5.3
-5.233333333333333
-5.133333333333334
-5.3
-5.366666666666666
-5.3
-5.433333333333334
-5.433333333333334
-5.5
-5.466666666666667
-5.5
-5.5
-5.5
-5.466666666666667
-5.533333333333333
-5.466666666666667
-5.533333333333333
-5.5
-5.5
-5.433333333333334
-5.5
-5.466666666666667
-5.5
-5.466666666666667
-5.533333333333333
-5.466666666666667
-5.533333333333333
-5.466666666666667
-5.5
-5.4
-5.533333333333333
-5.433333333333334
-5.4
-5.266666666666667
-5.266666666666667
-5.033333333333333
-4.833333333333333
-5.233333333333333
-5.233333333333333
-5.4
-5.4
-5.4
-5.366666666666666
-5.466666666666667
-5.4
-5.433333333333334
-5.4
-5.466666666666667
-5.466666666666667
-5.433333333333334
-5.5
-5.433333333333334
-5.466666666666667
-5.466666666666667
-5.466666666666667
-5.466666666666667
-5.533333333333333
-5.5
-5.533333333333333
-5.5
-5.533333333333333
-5.466666666666667
-5.533333333333333
-5.5
-5.533333333333333
-5.5
-5.533333333333333
-5.466666666666667
-5.5
-5.466666666666667
-5.5
-5.5
-5.533333333333333
-5.466666666666667
-5.5
-5.533333333333333
-5.533333333333333
-5.5
-5.533333333333333
-5.5
-5.533333333333333
-5.433333333333334
-5.4
-5.366666666666666
-5.233333333333333
