-5.566666666666666
-5.5
-5.533333333333333
-5.466666666666667
-5.5
-5.433333333333334
-5.533333333333333
-5.433333333333334
-5.466666666666667
-5.433333333333334
-5.5
-5.466666666666667
-5.5
-5.466666666666667
-5.533333333333333
-5.5
-5.533333333333333
-5.433333333333334
-5.5
-5.466666666666667
-5.533333333333333
-5.466666666666667
-5.466666666666667
-5.433333333333334
-5.5
-5.466666666666667
-5.533333333333333
-5.5
-5.533333333333333
-5.5
-5.533333333333333
-5.433333333333334
-5.0
-3.9
-3.566666666666667
-5.033333333333333
-5.3
-5.4
-5.433333333333334
-5.466666666666667
-5.433333333333334
-5.466666666666667
-5.433333333333334
-5.466666666666667
-5.433333333333334
-5.5
-5.466666666666667
-5.5
-5.466666666666667
-5.5
-5.466666666666667
-5.5
-5.433333333333334
-5.466666666666667
-5.433333333333334
-5.466666666666667
-5.433333333333334
-5.466666666666667
-5.466666666666667
-5.433333333333334
-5.5
-5.533333333333333
-5.533333333333333
-5.5
-5.566666666666666
-5.4
-4.9
-3.7333333333333334
-3.2666666666666666
-4.7
-4.933333333333334
-5.2
-5.333333333333333
-5.333333333333333
-5.433333333333334
-5.5
-5.466666666666667
-5.533333333333333
-5.5
-5.533333333333333
-5.466666666666667
-5.5
-5.5
-5.5
-5.466666666666667
-5.5
-5.466666666666667
-5.5
-5.466666666666667
-5.5
-5.466666666666667
-5.466666666666667
-5.466666666666667
-5.433333333333334
-5.5
-5.5
-5.533333333333333
-5.466666666666667
-5.533333333333333
-5.5
-5.5
-5.466666666666667
-5.5
-5.466666666666667
-5.5
-5.466666666666667
-5.5
-5.466666666666667
-5.5
-5.466666666666667
-5.533333333333333
-5.466666666666667
-5.5
-5.5
-5.5
-5.466666666666667
-5.5
-5.466666666666667
-5.5
-5.466666666666667
-5.5
-5.466666666666667
-5.533333333333333
-5.433333333333334
-5.5
