-5.6
-5.566666666666666
-5.6
-5.533333333333333
-5.533333333333333
-5.533333333333333
-5.5
-5.533333333333333
-5.5
-5.533333333333333
-5.5
-5.533333333333333
-5.5
-5.533333333333333
-5.533333333333333
-5.533333333333333
-5.533333333333333
-5.533333333333333
-5.533333333333333
-5.466666666666667
-5.5
-5.433333333333334
-5.5
-5.466666666666667
-5.5
-5.5
-5.433333333333334
-5.5
-5.466666666666667
-5.5
-5.5
-5.5
-5.5
-5.466666666666667
-5.5
-5.466666666666667
-5.533333333333333
-5.5
-5.533333333333333
-5.466666666666667
-5.5
-5.466666666666667
-5.533333333333333
-5.466666666666667
-5.5
-5.433333333333334
-5.466666666666667
-5.433333333333334
-5.5
-5.466666666666667
-5.533333333333333
-5.533333333333333
-5.466666666666667
-5.5
-5.466666666666667
-5.533333333333333
-5.533333333333333
-5.5
-5.5
-5.5
-5.533333333333333
-5.466666666666667
-5.533333333333333
-5.5
-5.5
-5.466666666666667
-5.533333333333333
-5.5
-5.5
-5.5
-5.533333333333333
-5.533333333333333
-5.5
-5.533333333333333
-5.5
-5.5
-5.5
-5.466666666666667
-5.5
-5.5
-5.533333333333333
-5.5
-5.5
-5.366666666666666
-4.866666666666666
-3.566666666666667
-2.9
-4.333333333333333
-4.933333333333334
-5.133333333333334
-5.366666666666666
-5.4
-5.4
-5.4
-5.3
-5.4
-5.4
-5.4
-5.333333333333333
-5.3
-5.333333333333333
-5.0
-4.133333333333334
-3.3666666666666667
-4.733333333333333
-5.1
-5.1
-5.3
-5.3
-5.433333333333334
-5.466666666666667
-5.333333333333333
-5.466666666666667
-5.4
-5.466666666666667
-5.466666666666667
-5.433333333333334
-5.5
-5.5
-5.433333333333334
-5.5
-5.466666666666667
-5.5
-5.466666666666667
-5.533333333333333
-5.5
-5.533333333333333
