-167.13333333333333
-160.8
-160.33333333333334
-155.8
-140.8
-96.33333333333333
-88.06666666666666
-69.2
-65.23333333333333
-55.63333333333333
-53.96666666666667
-50.2
-47.4
-41.63333333333333
-41.06666666666667
-40.53333333333333
-40.5
-40.0
-39.96666666666667
-39.666666666666664
-39.43333333333333
-38.93333333333333
-38.96666666666667
-38.733333333333334
-38.56666666666667
-38.0
-38.03333333333333
-37.63333333333333
-37.5
-37.03333333333333
-37.06666666666667
-37.03333333333333
-37.13333333333333
-36.8
-36.46666666666667
-36.666666666666664
-36.03333333333333
-35.86666666666667
-35.63333333333333
-35.43333333333333
-35.46666666666667
-34.833333333333336
-35.0
-34.8
-34.86666666666667
-34.4
-34.43333333333333
-33.766666666666666
-33.63333333333333
-33.46666666666667
-33.9
-33.1
-32.93333333333333
-32.46666666666667
-32.53333333333333
-32.1
-32.5
-32.233333333333334
-31.9
-31.433333333333334
-31.333333333333332
-31.133333333333333
-30.733333333333334
-30.466666666666665
-30.233333333333334
-29.966666666666665
-29.933333333333334
-29.7
-29.2
-28.733333333333334
-28.9
-28.166666666666668
-28.066666666666666
-27.866666666666667
-27.933333333333334
-27.266666666666666
-26.566666666666666
-26.166666666666668
-26.1
-25.666666666666668
-25.5
-25.2
-25.1
-24.566666666666666
-24.7
-24.166666666666668
-24.4
-24.266666666666666
-23.933333333333334
-23.2
-23.333333333333332
-22.5
-22.366666666666667
-22.1
-21.933333333333334
-21.233333333333334
-21.133333333333333
-21.0
-20.7
-20.4
-20.333333333333332
-20.1
-19.966666666666665
-19.2
-19.3
-18.866666666666667
-18.933333333333334
-18.6
-18.6
-18.8
-18.5
-18.333333333333332
-18.533333333333335
-18.533333333333335
-18.066666666666666
-18.333333333333332
-18.433333333333334
-18.3
-18.033333333333335
-17.933333333333334
-18.266666666666666
-18.366666666666667
-18.2
-18.066666666666666
-18.2
-17.933333333333334
-17.766666666666666
-17.833333333333332
-17.733333333333334
-17.866666666666667
-18.133333333333333
-17.866666666666667
-17.866666666666667
-17.7
-17.766666666666666
-17.633333333333333
-17.366666666666667
-17.733333333333334
-17.666666666666668
-17.733333333333334
-17.666666666666668
-17.533333333333335
-17.366666666666667
-17.433333333333334
-17.366666666666667
-17.6
-17.566666666666666
-17.433333333333334
-17.433333333333334
-17.4
-17.333333333333332
-17.166666666666668
-17.3
-17.133333333333333
-17.233333333333334
-17.2
-16.2
-16.2
-15.5
-13.8
-12.8
-11.3
-10.5
-6.566666666666666
-4.866666666666666
-1.9333333333333333
-1.3
-1.3
-0.6666666666666666
