15,28,1
37,29,1
145,29,0
76,16,0
56,3,2
171,9,1
188,26,3
48,20,1
127,28,1
12,23,0
43,0,1
183,11,3
128,29,1
154,24,3
27,8,1
103,4,1
150,13,1
33,10,1
26,6,0
68,21,1
67,25,0
162,22,3
148,17,0
83,21,0
155,25,0
104,2,0
14,2,2
67,6,1
151,6,1
96,17,1
70,3,1
126,4,3
133,15,1
36,2,1
20,23,2
34,5,2
56,21,2
25,11,2
67,1,0
26,1,1
123,7,0
36,23,0
10,1,1
24,18,2
97,8,1
106,22,3
19,12,1
69,14,1
194,18,0
176,23,0
205,13,1
168,4,3
115,17,0
2,15,1
35,13,1
143,16,2
26,17,2
144,26,0
143,6,2
160,14,3
11,22,1
16,2,0
10,26,3
97,21,1
181,26,2
119,6,2
21,16,2
73,0,0
64,8,0
121,12,2
196,8,0
58,12,2
85,12,0
181,24,3
168,27,3
25,2,3
46,8,1
58,1,2
77,19,3
199,25,3
90,27,3
34,17,0
39,8,0
4,6,1
118,17,1
15,27,1
57,4,0
55,20,0
115,15,0
18,16,1
40,26,0
83,25,1
58,28,3
52,13,0
162,16,2
69,4,3
87,23,1
11,19,0
44,13,1
12,7,1
