5,18,1
15,1,3
37,6,2
43,12,2
1,11,1
39,16,0
51,7,2
53,16,1
18,5,3
20,10,2
38,13,0
0,10,2
6,14,1
45,9,1
49,14,1
9,4,3
29,13,0
9,12,2
22,19,3
24,1,0
40,2,1
1,6,2
12,10,0
41,16,2
7,13,3
9,17,3
16,1,3
8,19,0
21,3,2
2,10,1
14,8,3
0,0,1
26,18,0
25,1,3
32,8,0
27,17,0
12,15,3
1,17,0
1,2,3
31,1,2
44,10,0
44,14,1
6,4,2
53,1,1
3,5,3
20,3,1
14,16,0
32,18,3
18,3,0
30,3,3
32,17,3
3,0,0
8,5,3
1,1,1
43,5,2
30,8,3
1,8,3
19,11,1
5,13,3
9,15,2
35,7,3
22,2,3
11,17,3
15,13,1
37,4,1
26,12,2
8,0,3
16,4,1
25,7,0
34,19,3
13,10,1
33,12,1
13,19,2
30,16,3
19,3,2
11,6,1
6,18,2
10,7,0
11,12,0
26,0,1
25,16,1
23,14,1
6,11,1
53,4,3
25,10,3
39,1,3
0,4,3
22,6,3
16,3,0
2,9,0
28,10,0
37,11,0
7,3,3
43,1,2
47,17,1
11,5,0
29,7,1
5,17,0
21,6,3
21,15,0
