21,8,0
63,10,2
2,0,3
44,14,1
70,5,1
13,6,1
23,7,2
77,8,0
22,6,0
8,3,3
59,1,3
12,0,1
3,1,3
37,11,0
2,4,2
70,11,3
0,5,0
24,6,0
17,7,3
54,9,1
48,0,3
12,11,2
77,9,3
52,8,3
29,12,2
4,6,0
46,4,3
66,2,2
17,3,3
32,9,1
59,5,1
12,1,0
2,6,2
4,2,3
30,9,1
23,2,3
10,3,1
6,4,0
82,0,3
85,4,2
31,4,0
34,11,0
30,4,3
44,3,1
3,10,2
47,6,1
13,8,2
18,5,3
30,3,0
10,7,0
18,14,0
27,11,1
0,11,2
46,1,3
64,11,0
20,9,0
11,9,1
98,6,2
45,10,2
37,7,3
59,2,1
7,4,2
59,0,1
42,9,1
5,2,2
71,11,2
36,0,1
23,12,1
63,4,1
16,1,2
16,3,0
39,7,0
20,4,3
66,8,2
19,13,3
6,5,0
4,9,3
93,14,0
64,4,0
27,1,1
28,13,1
5,4,2
46,9,2
50,3,0
28,0,3
18,9,0
21,9,3
0,1,0
42,0,0
28,6,2
11,3,3
3,7,2
36,4,3
10,2,2
36,9,2
7,6,3
12,8,2
50,6,1
90,12,1
75,1,1
