23,15,3
43,18,1
2,4,2
37,1,2
16,1,2
6,18,1
32,12,2
8,4,3
38,15,3
25,13,1
43,5,1
20,14,2
20,7,1
17,8,3
25,17,2
5,9,3
32,7,1
13,19,0
34,6,0
6,7,0
31,11,2
4,19,3
48,18,0
4,9,3
10,1,0
37,10,2
3,11,2
42,13,3
14,0,2
38,16,2
10,14,1
8,8,2
14,5,2
10,10,1
28,8,1
21,0,1
26,1,3
32,16,3
46,3,1
10,19,2
4,15,2
8,10,2
49,0,3
20,3,1
31,17,0
35,13,2
44,7,1
21,15,0
0,7,0
13,11,3
52,7,0
36,7,0
12,7,2
31,8,1
0,8,0
13,5,2
4,0,1
9,13,2
12,1,0
32,18,0
32,11,2
41,14,0
28,19,1
30,2,2
17,13,3
45,14,1
17,17,0
39,15,2
5,0,1
16,8,3
20,15,1
47,6,2
0,13,1
5,16,3
44,1,1
15,18,2
11,2,2
15,6,3
15,7,1
42,0,0
14,14,3
30,9,1
5,6,3
25,10,0
27,16,3
10,5,0
35,0,0
25,14,3
24,18,2
27,12,3
19,13,1
52,13,1
29,14,1
9,4,2
10,15,1
50,13,1
39,4,0
36,19,0
23,9,0
37,16,1
