16,14,0
41,2,1
26,4,0
69,2,2
69,14,3
27,4,2
79,3,2
72,8,0
35,14,2
32,6,0
36,0,0
11,1,0
2,13,1
3,7,2
39,2,3
31,4,2
10,3,0
17,3,0
61,6,0
12,7,0
45,7,3
15,4,2
50,3,2
84,4,2
17,12,2
72,1,0
2,8,1
31,5,1
45,1,1
24,4,3
10,14,0
94,3,3
14,8,3
49,3,1
16,6,0
4,2,3
51,1,2
24,7,1
0,3,0
12,0,0
54,3,1
19,8,1
38,3,1
22,8,2
29,9,3
68,8,0
1,6,2
0,9,2
31,0,2
32,9,3
42,7,3
81,11,1
48,5,0
26,5,3
9,3,3
33,5,0
63,8,1
87,7,1
5,7,0
42,0,2
92,9,3
29,0,3
35,6,3
73,10,3
14,5,1
39,9,1
7,0,3
8,12,2
49,10,3
37,9,0
18,3,3
14,3,1
4,4,0
46,0,1
23,0,0
102,5,3
54,8,1
1,5,3
76,9,2
20,2,2
34,7,0
2,3,1
35,1,1
101,11,2
88,10,2
53,9,1
37,2,3
18,9,0
48,12,3
7,1,0
6,9,1
11,8,2
3,0,2
106,4,0
49,7,3
21,4,1
41,8,3
79,9,3
30,13,1
71,7,3
