18,4,2
33,6,1
45,12,0
3,17,1
22,13,3
11,18,3
35,15,3
29,12,3
34,19,1
36,9,1
2,12,2
9,1,0
10,15,0
17,17,3
13,0,2
22,5,0
13,1,1
8,2,0
5,18,0
28,16,2
3,2,2
29,3,3
10,3,0
15,4,0
14,7,0
3,5,0
14,3,2
36,18,3
4,3,2
38,18,3
46,0,2
38,4,0
23,17,2
2,3,2
31,1,3
20,8,0
4,10,2
40,5,3
26,0,3
0,8,3
22,12,3
11,14,3
16,10,2
33,7,1
43,14,1
7,12,2
48,3,1
18,0,1
47,11,2
13,6,2
54,7,1
2,14,2
2,19,3
21,1,1
43,12,0
33,1,0
48,13,2
44,3,0
55,15,2
46,16,1
4,8,2
28,1,1
15,18,3
24,7,0
31,14,0
55,16,1
23,18,3
7,13,3
38,15,0
5,15,0
16,2,1
18,12,2
37,5,1
36,0,1
8,16,2
29,4,3
15,11,2
35,16,1
38,12,3
37,2,0
1,8,3
7,1,2
22,16,3
11,12,1
14,14,2
30,9,3
15,13,3
12,3,0
17,10,3
10,14,0
25,10,0
22,14,0
2,15,0
21,14,1
3,19,3
0,6,0
4,9,0
42,15,0
49,6,0
7,7,3
