91,6,1
32,9,0
17,0,1
49,1,0
80,9,1
16,2,1
12,5,3
55,9,2
46,1,3
46,5,1
80,7,3
25,10,2
17,7,0
54,11,1
70,8,2
25,3,3
86,4,1
72,4,2
14,9,1
24,9,0
83,7,3
38,8,3
63,4,2
3,11,3
67,6,1
38,3,3
44,10,3
23,10,0
41,9,1
32,4,0
73,7,2
62,4,3
1,8,0
6,0,2
8,9,2
29,1,0
52,3,1
41,2,1
24,4,0
43,3,2
5,0,3
46,3,1
68,7,0
64,1,3
58,8,1
8,11,2
47,1,1
4,1,2
21,4,1
44,0,2
28,10,3
48,4,3
59,2,0
18,1,3
5,4,3
9,2,3
11,3,2
89,7,1
78,8,0
2,0,0
28,11,2
2,10,2
34,2,1
6,8,2
8,0,2
21,7,2
0,10,2
23,1,3
67,3,2
31,0,1
76,4,2
28,6,1
80,4,3
75,5,2
6,6,2
66,11,2
62,10,1
29,5,3
53,6,3
8,4,1
35,9,3
2,12,1
12,8,3
20,7,3
21,3,3
21,0,3
35,6,0
65,3,1
49,6,3
58,6,0
13,2,0
43,6,1
10,6,3
0,5,2
40,9,1
76,8,2
45,8,2
48,11,3
46,10,1
58,11,2
