8,15,2
5,10,1
129,4,2
72,0,2
0,10,1
71,9,2
71,4,0
33,10,2
171,13,0
166,18,2
86,18,0
100,3,1
226,1,2
20,3,3
56,20,0
97,4,2
3,1,2
18,13,0
36,11,2
96,16,0
139,3,3
137,14,0
25,14,3
148,8,3
153,8,3
233,10,1
23,10,3
10,11,0
68,11,2
21,14,1
174,9,1
19,18,3
113,12,3
14,12,1
52,7,2
187,3,2
206,20,2
4,21,0
84,16,3
51,0,1
24,7,1
87,0,2
13,6,1
30,11,0
58,15,2
235,6,0
4,20,2
2,23,3
111,8,3
174,5,1
69,0,3
22,7,2
181,13,3
5,2,2
211,1,2
81,8,0
121,12,3
146,16,0
54,19,0
45,20,0
92,26,1
135,11,1
14,13,3
111,1,2
238,3,0
112,23,1
246,9,1
66,11,0
15,9,0
75,22,1
123,11,3
3,10,3
25,23,3
52,17,0
127,2,3
151,6,0
132,13,2
94,9,1
13,3,2
1,6,1
251,12,0
217,21,2
190,22,1
193,11,2
69,5,3
157,11,3
153,22,3
61,23,1
27,1,0
0,17,0
77,7,1
72,13,2
199,1,0
114,18,2
140,11,2
83,13,3
177,7,3
35,4,2
102,15,2
30,0,3
