39,23,1
90,1,3
167,3,2
80,4,1
43,9,0
0,5,1
155,5,1
113,8,1
101,18,1
177,18,1
89,14,1
178,7,3
23,22,0
177,11,3
139,18,1
99,13,2
85,4,2
44,13,2
213,15,2
122,12,3
142,2,2
20,13,0
19,7,0
151,21,3
24,10,2
203,19,1
222,12,3
33,2,2
181,5,1
76,2,2
174,4,3
141,10,3
190,16,1
7,9,0
51,13,1
231,6,0
11,0,0
216,7,3
3,6,1
119,4,2
17,11,2
37,0,3
93,8,2
34,14,2
101,9,2
8,12,0
21,20,2
184,15,3
1,12,3
253,17,1
84,19,0
149,14,3
124,2,1
127,3,3
105,2,1
1,4,0
9,9,1
116,24,0
142,4,3
127,13,3
14,15,2
92,2,0
154,7,3
152,3,2
62,0,2
205,2,2
68,14,1
243,9,3
30,12,2
155,9,2
259,1,3
72,1,1
58,13,3
35,17,3
195,23,2
157,26,2
176,8,0
35,5,0
29,7,2
68,11,0
32,26,2
79,11,0
256,11,1
82,20,1
65,10,1
18,23,0
117,4,0
137,25,1
81,13,1
39,2,2
127,18,0
68,2,0
53,5,0
40,13,3
18,12,2
120,7,0
22,2,2
47,13,3
33,7,0
79,5,2
