108,12,1
181,1,3
214,10,2
0,15,1
36,6,0
45,1,2
155,13,3
69,0,0
105,21,2
166,7,2
121,7,1
94,13,0
160,12,1
123,10,3
78,12,2
35,21,0
14,17,1
89,1,3
37,12,3
172,4,0
9,17,1
133,13,2
52,9,3
176,21,0
52,15,1
130,13,0
235,8,2
152,22,0
38,14,0
120,1,1
25,0,0
9,23,2
11,7,0
8,2,1
239,19,1
126,5,3
245,5,0
90,14,2
108,15,2
27,9,3
14,5,1
44,2,3
21,8,0
134,1,1
99,2,2
28,1,1
101,18,2
135,7,1
109,3,2
13,5,1
55,4,3
190,14,1
85,12,1
0,6,1
3,22,0
151,2,2
77,4,2
53,3,3
2,8,3
99,7,1
152,18,0
33,3,1
89,7,2
70,12,3
125,5,2
188,11,2
193,4,3
59,8,2
146,3,3
23,20,1
15,20,1
20,1,0
52,16,0
11,15,0
231,12,3
194,12,1
218,11,3
90,8,0
105,11,1
214,6,0
36,9,0
63,21,2
172,12,3
230,5,2
79,13,2
71,10,2
78,6,0
54,9,0
19,13,2
55,13,0
3,9,3
10,14,1
188,6,1
137,10,0
1,14,1
112,6,2
137,16,0
34,6,0
183,1,2
12,3,1
