28,10,3
60,1,0
6,14,0
128,5,3
64,9,2
113,5,0
82,4,3
153,4,1
131,20,1
157,12,3
89,22,3
5,1,1
93,11,0
90,19,2
176,10,2
50,20,0
52,4,2
18,12,1
234,11,3
17,13,1
3,14,1
177,12,3
115,13,0
198,10,0
101,13,1
109,12,0
208,7,1
5,11,0
133,16,1
94,5,1
105,9,3
200,22,2
20,17,2
47,3,1
120,8,1
167,11,1
60,22,2
205,9,3
86,5,2
48,12,2
107,2,1
186,22,1
128,15,3
160,9,0
147,5,2
230,10,3
15,14,3
8,14,2
176,0,1
103,21,0
146,0,2
212,14,1
160,17,3
20,3,2
44,10,2
57,7,3
131,5,3
31,17,3
0,7,0
73,5,2
69,14,0
8,6,3
33,4,0
72,11,1
29,4,3
188,19,0
36,1,2
14,10,1
134,14,1
3,19,0
190,16,0
66,5,1
178,4,2
22,4,1
87,7,3
254,25,2
47,4,2
64,0,3
60,4,2
116,10,0
205,12,0
167,0,1
51,9,3
80,16,3
62,13,1
119,9,0
121,21,3
75,1,3
29,1,0
22,7,1
106,4,1
24,16,3
225,1,0
28,5,0
10,3,1
31,5,2
147,18,1
52,5,0
32,7,2
103,0,3
