234,11,0
1,14,1
94,0,3
4,5,3
35,0,2
13,4,3
13,9,3
135,10,3
178,9,1
42,19,2
86,7,2
22,17,3
251,11,2
60,5,2
228,0,2
17,8,3
77,13,0
92,10,2
222,16,2
8,14,1
224,15,0
121,18,3
19,7,0
101,9,1
2,11,3
62,20,2
212,24,0
220,11,3
1,18,1
0,3,3
2,12,1
84,11,3
164,10,2
69,17,0
144,0,3
117,2,2
31,14,1
8,6,1
108,6,0
29,13,3
30,6,1
11,6,3
128,3,1
147,12,0
47,4,0
82,6,1
255,14,2
31,10,3
4,12,3
69,7,2
196,14,2
11,4,3
135,5,2
86,13,0
22,3,3
104,12,3
11,2,2
181,5,1
55,14,3
5,14,2
137,17,0
20,15,2
244,2,1
6,21,1
0,11,3
46,12,1
91,14,1
20,7,3
148,0,0
185,21,1
33,12,0
156,11,0
77,10,0
70,9,2
242,5,1
264,3,0
52,14,1
98,13,2
25,24,1
119,20,2
215,3,0
55,19,3
196,6,3
235,6,2
14,11,0
215,6,3
47,10,2
106,9,0
18,13,1
7,13,2
17,3,2
181,2,1
123,11,1
47,6,2
32,21,2
101,2,0
166,15,2
100,13,1
61,9,3
254,1,3
