21,7,0
12,8,3
9,19,3
43,1,3
7,12,3
9,17,2
39,10,0
12,0,1
34,8,3
8,19,1
0,15,2
9,10,0
35,7,0
6,0,3
1,3,0
38,3,1
35,14,1
34,1,2
19,0,2
20,4,3
4,5,2
43,15,3
13,4,1
8,6,2
13,7,1
5,5,2
0,10,1
42,12,3
16,19,0
18,19,3
36,13,3
6,6,1
14,15,3
5,2,3
7,10,1
39,3,2
22,17,0
1,0,3
1,13,3
19,8,1
22,19,1
3,17,1
34,17,3
38,15,1
26,9,0
24,3,0
28,4,2
21,1,1
32,13,0
23,14,3
21,11,3
16,5,1
0,2,2
7,18,3
26,15,1
25,10,1
8,18,0
1,12,3
12,9,0
10,12,3
33,7,3
42,16,3
16,12,1
31,12,1
0,4,3
26,7,3
5,12,0
10,14,0
25,5,1
29,14,2
31,2,0
30,5,2
37,0,0
16,14,0
24,0,1
41,2,0
32,2,2
44,6,0
21,14,1
39,19,2
7,13,0
33,10,3
18,15,0
15,15,2
35,17,1
36,18,3
9,18,0
29,1,3
10,5,2
30,13,3
9,3,3
13,0,3
38,6,2
6,17,0
33,9,1
28,15,0
0,8,0
40,8,0
14,7,3
34,5,2
