11,14,3
41,15,1
4,0,1
16,2,0
22,3,1
44,19,3
10,18,2
13,2,3
52,14,2
21,17,2
47,0,1
7,2,0
17,17,2
42,0,2
2,16,0
6,16,3
10,17,1
37,11,3
59,11,0
1,6,1
24,17,0
15,6,0
24,8,3
32,13,3
13,8,1
45,6,2
11,0,2
53,18,3
53,1,0
32,14,1
5,10,2
19,3,0
0,5,1
0,8,1
7,13,0
43,13,1
9,16,3
0,11,3
47,14,2
3,2,2
42,6,2
11,3,3
10,16,1
17,5,2
24,4,2
11,2,0
40,17,3
0,17,0
31,11,2
27,12,2
11,6,1
34,10,1
22,5,0
27,0,3
51,4,2
29,8,0
35,14,2
23,6,1
10,7,3
56,14,1
4,2,2
29,1,0
28,7,2
17,13,0
38,16,1
36,9,2
6,5,2
0,10,1
44,8,0
5,16,3
3,15,1
46,9,2
27,10,3
49,14,2
51,15,0
21,14,1
34,17,0
36,1,2
35,6,0
42,9,0
51,5,0
6,12,0
4,5,2
30,5,2
52,15,0
2,4,3
36,13,3
40,8,0
19,13,1
49,6,2
29,18,2
23,3,3
10,5,2
20,13,3
7,15,2
45,17,1
20,14,3
5,9,0
19,4,2
33,9,1
