5,5,0
10,5,2
20,0,1
64,6,0
37,5,2
4,1,0
69,9,1
0,9,3
1,8,0
22,5,0
26,7,1
11,3,0
5,12,1
46,3,1
25,0,1
5,9,1
46,7,1
51,11,3
8,8,2
60,5,1
97,11,0
46,2,2
41,1,2
43,6,1
49,12,3
57,4,2
91,5,1
83,0,2
14,1,2
33,4,3
31,1,3
52,7,1
50,0,2
19,5,3
7,0,0
80,3,3
49,4,1
4,6,2
18,7,0
48,9,2
17,7,0
41,0,2
25,9,3
18,2,3
3,0,0
59,6,0
103,5,1
44,10,0
104,1,3
84,6,3
16,8,1
43,5,0
26,4,3
27,6,3
37,4,3
30,1,3
63,11,3
107,2,2
47,6,3
62,1,0
53,2,0
21,5,0
16,7,0
30,3,1
26,9,3
13,2,2
9,1,1
1,5,1
70,5,0
70,9,0
8,2,1
12,9,0
90,1,0
25,10,3
12,3,2
54,14,2
81,7,2
31,2,2
84,12,0
58,0,0
0,1,3
111,8,3
12,5,3
32,10,1
67,4,3
33,9,3
108,6,0
22,3,1
86,8,2
29,5,0
15,2,0
106,6,2
13,6,0
11,12,0
77,8,2
62,12,0
54,1,2
73,3,2
42,13,1
20,4,1
