5,19,3
16,16,0
36,11,3
7,11,0
37,2,0
1,18,2
0,7,1
12,4,0
42,0,1
2,6,1
42,1,0
0,0,0
33,10,2
20,9,1
13,4,3
49,11,0
18,14,1
37,14,2
8,9,0
33,15,2
29,3,2
25,12,2
18,18,0
40,7,3
31,1,1
19,3,3
14,13,3
9,5,2
30,3,3
30,19,0
9,12,2
28,6,3
17,15,0
1,3,0
43,14,0
3,3,0
25,0,1
31,19,0
8,12,2
33,12,0
39,13,0
9,18,0
23,17,1
54,9,1
43,6,2
43,7,0
22,13,3
6,12,0
4,19,1
21,17,1
24,10,3
16,0,3
39,2,0
11,16,0
24,12,3
11,0,3
3,16,0
43,8,1
0,15,0
15,4,2
47,2,2
1,4,3
51,4,1
13,7,0
5,5,3
21,2,0
4,12,0
15,3,2
14,0,1
10,6,1
50,5,0
9,10,0
12,14,1
21,8,0
10,13,1
49,19,3
31,9,0
4,6,0
26,2,1
5,14,2
2,17,0
36,2,2
46,2,1
18,4,0
45,9,0
1,9,2
30,16,2
9,2,0
6,18,0
4,8,0
51,15,3
17,12,2
2,9,3
34,13,2
7,7,0
20,4,2
34,18,0
15,6,1
38,7,1
34,9,2
