76,0,3
9,3,1
76,1,1
21,2,0
8,10,3
11,8,0
41,7,3
45,3,2
87,6,1
0,5,0
23,4,0
38,3,0
11,5,1
1,2,3
52,0,2
46,9,1
48,3,2
63,6,2
25,10,3
8,7,2
55,2,2
75,11,2
18,4,0
16,10,2
80,5,2
42,8,1
16,5,3
27,3,2
6,4,3
2,10,0
37,6,0
67,7,2
17,8,2
20,4,2
27,9,0
76,7,2
38,6,1
10,7,3
11,0,1
71,10,1
72,5,1
18,6,0
6,6,3
45,10,0
34,4,2
56,2,1
6,1,0
7,8,1
14,6,0
60,0,0
47,8,2
24,4,0
69,4,0
18,9,1
29,4,3
47,7,1
40,6,2
65,6,3
10,11,2
16,7,1
79,8,3
71,6,1
63,1,1
66,9,1
16,3,3
56,9,3
81,2,1
4,5,3
2,9,2
29,6,2
46,2,0
22,1,2
39,8,0
90,5,3
55,5,1
15,9,2
89,9,3
28,10,3
60,6,3
51,1,0
54,9,1
27,0,2
8,1,2
6,11,2
59,4,0
1,9,2
89,7,2
50,4,2
37,13,3
2,7,3
22,5,3
78,7,3
0,8,3
5,0,2
54,13,0
73,9,2
39,0,2
85,3,3
1,13,0
14,9,1
