4,19,3
24,13,3
23,14,2
33,13,2
16,3,1
4,16,1
27,4,1
30,4,0
15,14,3
31,5,2
14,15,3
2,4,3
13,8,0
1,16,3
5,9,1
17,1,0
26,2,2
37,17,1
36,13,1
34,15,3
2,16,2
24,18,2
4,12,1
12,11,2
41,9,2
8,8,0
26,16,3
46,11,3
43,3,0
9,15,1
8,1,2
42,15,2
2,17,1
2,5,0
0,9,1
20,10,0
27,17,2
10,1,3
31,3,3
21,19,0
52,12,2
38,9,0
37,10,2
26,6,2
23,8,0
52,17,0
27,14,2
6,6,2
7,2,1
4,10,1
46,15,3
29,1,2
5,14,1
3,4,0
39,4,1
48,10,2
24,6,0
5,12,2
1,0,1
56,1,1
22,17,0
39,0,3
31,8,2
12,12,2
38,16,3
15,19,3
17,5,2
7,19,1
4,17,2
11,18,0
38,14,3
13,18,0
19,7,2
18,18,2
49,17,2
41,9,2
14,9,1
9,12,0
49,4,2
13,5,0
43,16,0
41,15,1
11,4,3
24,9,0
10,3,0
37,15,1
0,11,3
19,4,1
5,4,1
42,18,3
3,15,1
9,13,0
19,2,0
9,4,3
1,6,2
21,0,1
32,12,0
41,10,2
39,3,2
0,0,1
