42,7,2
24,5,3
8,19,3
4,1,3
17,2,0
0,11,2
30,0,0
42,3,2
3,10,2
7,10,1
36,14,3
0,1,0
9,16,2
36,9,3
7,7,0
28,9,2
0,14,0
39,3,0
38,10,0
16,12,0
7,17,1
38,17,2
0,7,0
20,18,2
24,2,0
29,19,2
16,16,1
5,8,2
29,14,0
4,15,0
18,19,1
43,8,3
2,5,3
5,19,3
21,0,2
17,11,2
20,11,1
34,2,1
35,18,0
19,10,0
1,3,1
5,5,3
1,11,2
25,11,2
6,16,1
36,4,0
15,11,3
10,10,1
21,19,3
27,10,0
36,3,3
28,17,3
6,13,1
1,16,1
37,16,3
13,18,3
30,19,3
26,4,2
8,0,1
1,6,1
5,2,2
27,8,1
11,10,3
18,6,3
10,7,0
10,16,2
13,13,1
1,12,1
24,0,2
20,8,0
14,7,3
33,13,1
20,17,3
0,17,1
30,6,2
6,12,1
42,1,3
41,8,2
11,1,1
23,15,0
16,5,3
0,19,0
34,7,1
23,11,0
16,2,3
2,0,3
14,14,2
2,2,0
19,18,0
23,9,3
5,13,1
17,8,0
40,17,2
1,15,3
40,8,0
10,9,1
14,11,2
9,7,3
40,16,1
27,15,2
