4,19,3
22,15,2
23,14,2
33,13,2
16,3,1
4,16,1
27,4,1
30,4,0
15,14,3
31,5,2
14,15,3
2,4,3
13,8,0
1,16,3
5,9,1
17,1,0
28,0,1
37,17,1
36,13,1
29,18,1
2,16,2
24,18,2
1,14,0
12,11,2
41,9,2
6,8,1
26,16,1
46,11,3
43,3,0
10,16,0
4,1,3
42,15,2
2,17,1
1,5,2
0,9,1
20,10,0
27,17,2
10,1,3
31,3,3
24,19,2
52,12,2
38,6,3
37,10,2
26,6,2
23,8,0
52,17,0
27,14,2
6,6,2
4,2,3
4,10,1
46,15,3
29,1,2
5,16,2
3,4,0
39,4,1
48,10,2
24,6,0
5,12,2
1,0,1
56,1,1
22,17,0
39,0,3
31,8,2
12,12,2
39,19,1
14,18,2
17,7,0
10,19,2
4,18,3
11,18,0
38,14,3
13,18,0
22,8,3
18,18,2
49,17,2
41,0,1
14,9,1
9,12,0
53,8,0
13,5,0
48,16,2
41,15,1
12,3,2
22,10,1
14,3,3
37,15,1
0,11,3
19,4,1
5,4,1
42,18,3
3,15,1
9,13,0
19,2,0
9,4,3
1,6,2
21,0,1
32,12,0
41,10,2
39,3,2
0,0,1
