18,10,0
31,2,3
6,19,3
26,13,0
15,9,1
8,4,0
22,7,1
26,4,0
41,19,3
37,10,1
4,15,0
11,4,0
29,6,3
8,9,1
10,8,2
7,3,0
2,0,1
26,11,0
22,2,1
1,16,1
38,2,2
1,17,1
21,8,2
43,18,3
12,2,1
17,8,0
0,11,3
44,0,1
25,16,3
8,17,2
38,13,2
5,15,1
5,6,3
39,15,3
20,17,2
43,5,3
22,12,2
9,16,3
28,18,0
16,18,0
7,10,1
25,17,0
20,13,3
7,11,3
18,2,3
42,6,0
30,14,2
1,6,2
13,1,2
42,16,1
28,4,2
15,12,0
1,2,0
6,15,0
35,8,0
39,5,2
23,0,1
29,15,2
0,4,2
1,10,2
39,18,2
14,7,1
12,8,3
2,12,2
21,15,2
7,5,0
4,1,1
22,6,1
24,0,2
0,17,2
2,2,1
9,14,0
22,14,1
30,6,0
24,15,2
4,2,0
40,10,1
19,10,0
13,5,3
16,16,3
19,19,0
2,15,1
23,7,3
2,7,0
33,15,1
6,14,3
10,9,0
0,8,0
5,19,0
5,11,2
15,17,3
6,0,3
0,13,1
37,5,0
32,5,2
36,11,1
39,11,1
31,0,2
14,18,1
33,4,1
