27,12,0
45,7,1
17,0,2
0,2,0
31,11,2
35,19,3
19,10,1
11,2,3
3,19,1
2,7,1
33,18,3
23,9,3
14,16,0
40,15,2
8,5,3
9,10,3
0,10,2
33,2,0
43,5,0
15,7,1
6,10,0
10,15,3
12,15,3
31,1,0
13,10,1
21,8,2
23,2,1
29,6,1
13,7,1
13,3,1
34,16,1
24,17,3
22,14,3
18,19,2
4,1,0
20,3,2
18,16,1
46,12,0
3,0,1
12,7,3
22,10,0
14,13,0
7,0,1
31,15,3
31,3,0
25,10,3
16,0,1
2,10,0
11,7,2
4,6,3
27,5,3
6,0,2
12,19,2
12,1,0
33,6,2
22,0,1
41,14,2
38,8,0
5,12,3
0,1,2
3,5,3
1,19,3
26,7,2
48,14,0
1,17,0
36,18,0
21,5,1
36,4,2
38,1,3
0,4,2
39,15,3
35,13,0
44,8,3
34,4,0
18,15,1
9,18,3
1,13,0
26,11,2
48,4,0
7,3,0
15,0,3
24,4,3
17,9,1
10,1,0
3,10,2
11,17,0
28,18,2
8,12,1
1,12,3
22,2,0
10,11,0
23,17,3
3,13,2
7,9,3
6,6,3
14,5,0
33,10,0
5,14,1
2,11,0
6,14,1
