0,8,0
10,8,1
1,13,0
25,17,1
32,18,2
1,0,1
18,11,3
44,14,0
20,0,3
1,2,3
13,13,0
3,8,1
1,7,0
43,1,3
42,6,1
22,8,3
30,9,2
26,2,0
5,7,2
9,1,3
12,16,3
43,17,0
16,1,3
24,11,1
35,6,1
3,3,2
6,18,0
0,19,3
28,10,3
3,18,0
42,8,1
6,15,3
33,1,2
3,7,3
4,12,3
1,6,2
39,4,2
12,17,3
14,9,0
11,2,2
27,1,0
3,5,2
5,19,1
16,5,1
12,5,3
17,5,3
16,15,3
10,17,2
18,15,2
5,16,1
27,13,2
18,5,0
3,14,3
19,19,3
12,14,2
5,11,1
6,10,1
38,0,2
41,7,2
14,4,3
29,0,1
11,11,3
15,12,2
9,10,2
28,5,3
4,18,0
11,0,1
43,8,0
8,5,2
5,3,2
10,1,2
27,15,3
20,15,1
36,15,1
34,17,3
35,12,3
23,5,3
31,5,2
37,0,1
1,16,2
36,4,3
4,6,0
6,3,0
6,17,1
34,7,0
25,6,3
45,10,3
7,6,1
40,10,1
24,5,2
34,6,2
44,16,0
26,4,1
17,14,2
38,13,1
15,11,0
37,16,2
26,17,3
17,9,3
10,12,0
