19,14,2
43,1,1
17,2,2
19,1,3
14,19,0
11,16,3
0,14,1
8,18,0
22,13,1
42,15,2
27,1,1
33,14,0
2,6,0
32,16,2
31,1,3
23,6,3
11,12,0
20,3,3
17,6,1
45,16,2
33,13,2
16,18,2
35,15,3
18,8,3
34,9,3
5,14,1
16,12,3
26,2,2
15,12,1
13,0,2
38,17,1
17,0,2
14,14,0
2,2,2
21,16,1
20,11,3
1,13,0
11,4,1
33,7,1
27,14,2
42,10,1
1,7,2
12,19,3
14,13,0
20,7,2
28,16,2
13,17,0
14,16,1
20,18,0
37,10,1
36,13,2
34,4,0
5,6,3
30,10,1
6,13,1
9,19,3
44,6,1
26,12,2
25,19,3
4,16,1
40,14,3
26,9,3
35,1,1
17,10,1
13,13,1
3,12,2
10,5,1
1,14,1
8,12,2
7,3,2
3,16,1
3,3,2
9,1,0
4,7,1
1,0,1
15,6,3
23,3,1
31,4,1
8,11,3
11,7,0
33,3,2
16,19,1
13,2,2
28,9,0
40,4,2
0,3,0
18,15,3
4,12,0
41,19,0
0,1,1
37,3,0
22,12,0
3,1,0
12,1,1
16,6,0
36,8,2
10,10,3
46,9,1
22,14,3
5,18,3
