21,1,3
9,5,3
17,1,2
40,1,3
6,7,2
36,18,2
17,0,0
0,12,3
37,8,0
3,9,2
4,0,3
34,17,2
39,1,3
1,1,3
2,2,2
43,12,3
22,5,0
15,18,3
36,2,0
45,10,2
19,14,0
14,9,0
8,13,0
23,4,1
31,1,1
44,14,0
1,7,3
24,19,0
9,13,3
12,12,2
38,3,2
34,12,0
17,9,3
17,14,2
32,9,0
14,3,3
11,4,2
18,4,0
35,19,0
16,1,3
41,2,0
20,17,3
13,15,1
11,17,0
10,19,3
2,11,2
6,15,3
12,15,0
6,19,1
30,18,2
33,6,0
3,6,3
9,4,2
8,1,3
26,6,0
23,16,2
29,12,2
28,8,0
10,7,3
41,6,1
11,5,1
1,19,1
5,18,1
5,0,2
14,18,2
26,14,0
9,9,3
14,4,0
28,14,0
15,8,0
41,11,1
14,16,0
34,8,0
2,9,2
24,7,2
5,11,2
44,19,2
22,11,2
0,18,3
20,10,2
0,3,3
5,16,2
15,17,1
20,6,0
23,3,1
10,15,3
33,18,1
17,11,1
42,18,0
1,3,3
0,16,1
43,0,3
3,15,0
7,18,3
15,13,3
41,19,1
7,15,1
28,3,3
42,0,3
5,15,3
