33,19,1
29,1,3
21,13,0
20,12,1
26,17,2
5,13,3
40,19,2
18,1,1
31,12,2
12,19,0
0,4,2
1,14,0
57,18,3
16,17,3
6,19,1
7,8,0
14,16,1
37,3,1
7,1,2
50,17,2
8,12,1
4,5,1
41,2,3
48,9,2
14,1,1
19,5,0
9,13,0
22,9,1
10,14,0
18,13,1
58,5,1
8,7,0
0,6,2
0,13,1
25,6,3
6,3,3
1,18,0
7,15,3
23,12,3
15,14,2
38,2,0
39,2,3
7,12,0
1,1,2
34,10,3
7,4,3
11,8,1
52,5,1
46,2,3
47,1,2
29,16,3
23,15,0
4,16,2
3,12,0
53,12,0
43,12,0
0,11,3
24,13,2
29,2,0
21,2,0
40,17,3
1,9,0
3,19,1
3,5,3
1,0,3
25,1,0
42,0,3
20,18,1
37,9,3
19,11,0
50,7,0
34,14,2
33,5,3
30,9,3
59,1,0
51,3,0
17,1,3
34,7,3
19,9,1
16,6,0
57,11,3
7,16,3
2,17,3
45,6,2
22,4,2
8,2,1
9,4,3
12,17,1
6,13,1
39,0,1
11,7,0
41,13,1
39,16,0
24,3,1
13,15,3
30,6,1
13,0,0
43,11,2
48,13,1
27,12,2
