16,15,0
41,17,2
12,4,2
5,10,0
25,7,1
22,8,0
34,10,3
20,17,1
4,12,0
6,19,3
0,16,2
7,5,0
14,19,2
23,9,2
34,11,1
6,14,1
31,7,0
30,16,3
35,10,1
2,2,0
10,13,2
3,17,0
21,18,0
24,5,0
5,8,2
24,16,1
3,14,1
13,9,0
8,5,1
11,15,0
19,17,0
25,9,1
0,17,2
1,19,0
26,11,1
39,16,3
2,6,3
1,0,3
20,0,2
0,7,0
38,2,3
10,19,1
22,18,2
43,12,1
3,12,0
33,1,0
3,3,2
1,9,2
0,11,0
39,5,0
26,19,0
41,2,3
3,1,3
7,15,2
20,12,2
23,0,1
28,8,2
27,4,2
5,11,3
7,2,0
26,13,1
8,0,3
5,16,0
39,6,2
10,4,3
9,2,3
41,0,1
13,4,2
24,2,3
15,12,2
1,8,2
28,19,0
14,4,3
21,0,0
35,16,0
36,19,2
8,4,3
41,7,1
31,4,3
12,14,3
27,9,3
18,9,0
29,10,3
29,16,2
38,11,1
0,0,0
0,6,1
0,18,3
9,1,0
30,3,3
15,13,3
18,4,2
15,8,1
5,19,3
25,2,2
1,6,0
18,17,1
20,10,0
18,1,2
42,4,3
