18,3,3
41,17,3
13,12,3
32,1,3
38,9,3
33,7,2
8,10,1
29,7,1
12,1,3
20,8,2
10,4,3
0,5,0
11,4,2
9,16,2
2,13,1
39,3,0
38,14,1
0,8,2
40,12,3
20,6,2
2,2,1
29,1,1
17,12,3
9,7,0
34,4,1
19,2,2
6,18,1
1,6,2
20,19,0
26,14,0
23,17,1
17,15,0
0,12,3
1,9,3
5,13,1
16,0,1
13,6,1
5,5,1
3,18,1
13,1,3
18,8,0
6,0,2
3,8,1
22,11,0
32,17,0
17,5,0
4,15,2
25,9,0
12,3,2
1,17,0
7,5,2
16,1,3
31,3,0
3,16,3
0,14,0
10,3,3
21,18,3
27,7,3
26,7,2
8,16,1
12,16,0
30,9,0
34,18,3
41,10,1
17,19,0
19,8,0
8,0,3
24,9,0
32,0,2
4,16,1
33,11,2
37,4,2
10,19,2
13,9,1
37,17,3
42,10,0
2,1,3
44,0,1
25,12,2
26,3,3
17,8,2
26,18,2
37,2,1
13,10,3
33,15,0
15,4,2
23,0,0
16,10,1
1,19,2
8,9,0
23,14,3
29,13,0
1,13,3
26,12,2
9,9,2
4,10,2
11,14,0
13,15,1
18,16,1
9,8,0
