58,7,2
10,6,0
23,12,0
34,11,1
9,8,1
9,9,1
4,14,1
3,8,0
13,14,2
37,0,2
35,1,3
18,10,3
23,17,0
31,9,1
2,11,3
29,6,0
47,7,3
22,10,1
36,14,0
45,6,1
14,17,0
44,5,3
3,17,1
40,15,0
35,0,0
40,14,2
11,12,3
6,2,1
51,0,0
12,19,3
14,15,1
20,4,0
7,2,1
3,18,1
2,0,0
21,17,0
2,14,2
23,1,2
16,1,1
16,11,0
24,10,2
23,14,0
0,3,2
19,16,3
27,10,3
5,19,2
15,12,3
8,18,3
12,1,3
7,1,2
8,0,2
0,9,1
4,6,0
26,0,3
50,16,3
5,16,1
39,16,1
20,8,0
15,14,0
2,7,3
32,10,0
14,10,2
7,8,2
48,19,0
2,16,1
45,1,1
6,14,0
56,16,2
29,2,2
55,2,3
36,6,3
7,12,3
4,12,0
58,0,0
14,6,2
5,4,0
27,4,3
23,13,1
28,0,1
53,2,0
41,0,3
29,11,2
1,2,3
1,4,1
59,20,2
4,3,0
10,16,0
13,19,0
17,2,0
16,4,0
1,11,1
24,16,3
51,11,0
38,13,0
30,17,0
43,0,3
33,8,1
40,19,0
46,11,3
10,3,0
