16,9,1
30,4,0
3,4,0
20,1,3
39,8,0
4,18,3
43,4,1
14,8,0
21,3,0
0,19,0
0,0,1
1,19,1
15,13,2
37,19,1
3,13,1
25,13,3
19,6,2
21,0,1
0,17,3
6,12,3
19,12,3
7,14,2
19,17,1
41,12,3
3,7,1
8,3,1
10,7,0
23,15,3
8,16,1
2,8,1
7,10,0
1,16,2
10,17,1
1,8,1
0,9,1
12,1,1
4,6,2
33,7,2
14,7,3
14,10,2
15,2,0
29,1,1
1,11,0
27,14,0
38,9,1
15,5,0
42,10,3
41,3,3
12,2,1
6,1,0
21,15,1
43,12,1
20,15,0
0,1,0
25,3,2
5,17,3
33,2,2
37,1,1
40,18,1
7,18,3
25,4,0
0,12,2
1,5,0
23,1,2
1,1,3
36,13,3
11,17,0
12,18,1
4,1,3
5,19,3
28,12,3
16,1,3
35,18,2
34,13,2
9,19,3
24,14,2
27,6,3
23,17,3
1,7,3
13,3,0
14,12,2
9,13,3
18,15,1
17,8,0
14,17,2
4,9,2
5,13,3
7,3,1
44,5,3
27,3,3
4,4,1
22,13,1
33,0,0
38,4,3
31,12,2
8,7,2
15,0,2
30,16,1
9,4,2
37,17,3
