47,6,3
23,1,3
1,11,0
20,12,1
33,6,1
5,2,1
4,7,2
14,15,1
22,11,2
52,8,3
37,20,2
3,9,1
11,17,0
3,19,0
45,12,3
35,13,0
54,17,2
48,3,2
32,2,0
46,12,2
2,12,3
51,17,3
30,8,0
28,6,1
19,19,2
4,3,2
31,18,2
1,0,2
16,17,3
51,0,2
6,9,2
20,12,2
41,14,1
11,6,3
25,4,2
19,6,0
1,3,3
25,14,0
1,4,2
8,1,0
11,9,1
55,11,1
39,11,1
8,4,1
56,5,0
25,19,2
52,1,0
18,17,0
41,11,0
12,1,3
32,4,2
8,10,1
17,12,1
17,15,0
56,13,0
0,6,0
34,8,2
7,11,2
10,6,2
0,15,1
23,2,2
20,16,2
49,14,3
36,14,1
34,3,1
4,8,3
30,14,3
23,8,0
19,14,3
0,13,0
21,17,3
57,16,3
9,3,1
58,8,0
5,10,3
29,12,2
47,5,3
14,11,3
46,0,1
49,7,1
0,5,1
42,5,1
8,18,0
38,10,1
47,11,1
32,17,2
6,19,1
29,17,1
24,15,2
1,17,1
9,19,2
16,0,2
8,3,0
9,10,3
10,16,3
6,15,1
16,10,2
42,14,2
14,7,0
12,10,1
