8,1,3
4,2,3
5,9,2
38,10,3
16,6,0
22,7,1
16,2,2
34,19,0
6,17,3
10,12,0
20,11,0
0,11,0
15,17,0
22,10,3
13,19,3
21,15,0
42,16,0
4,8,3
32,5,2
22,11,0
27,2,2
44,12,3
18,7,2
10,15,2
29,13,2
12,17,0
2,12,1
35,18,3
11,18,3
13,11,3
2,1,3
16,18,2
30,8,2
2,4,0
28,10,1
3,6,0
32,7,0
31,19,0
26,13,2
8,3,3
36,4,0
5,13,0
26,19,3
6,15,1
31,14,0
44,8,0
27,19,3
4,16,3
30,3,2
8,14,1
40,16,3
13,6,0
9,9,1
28,15,0
15,10,1
19,4,0
4,13,0
33,0,2
5,2,0
1,13,3
20,3,0
2,14,3
15,3,0
0,5,3
1,19,0
28,13,0
10,14,3
28,0,0
12,9,3
29,19,2
38,3,3
13,2,2
3,19,2
12,12,1
15,11,1
14,16,1
34,1,3
41,1,2
36,10,0
43,17,2
21,12,1
8,7,1
1,5,3
42,2,1
25,5,1
37,1,0
10,6,1
2,6,2
0,10,3
14,18,3
11,13,2
14,2,1
20,18,2
15,4,2
20,6,3
22,1,2
9,7,1
8,19,3
4,14,0
29,12,2
