43,9,0
30,9,2
14,5,1
23,3,2
7,7,2
20,18,1
24,5,3
24,0,2
28,2,0
1,14,3
7,6,3
6,7,3
24,15,2
28,14,2
16,2,3
3,1,0
18,10,0
1,7,3
18,4,2
22,10,1
13,12,0
27,4,0
0,8,0
12,16,3
7,4,3
7,5,3
47,17,3
34,0,2
9,9,0
1,2,2
35,14,2
4,2,1
5,14,3
0,13,2
8,4,1
13,17,3
16,8,3
11,18,1
25,17,0
33,19,2
8,6,1
20,14,3
4,13,0
8,7,3
29,9,0
41,3,2
26,8,1
0,9,2
37,2,3
17,10,3
34,16,3
10,15,2
6,9,0
17,18,2
5,15,1
25,18,1
1,11,3
35,6,0
12,0,1
1,8,1
2,6,3
17,1,2
19,8,0
44,5,1
45,13,2
19,0,1
21,10,0
4,16,0
25,10,1
17,6,3
42,7,0
31,11,2
38,18,2
0,19,2
36,17,2
46,7,0
9,0,0
16,15,0
31,7,2
3,10,3
3,13,3
2,19,1
33,16,1
21,17,3
37,15,1
36,5,0
37,12,2
16,17,0
14,1,0
30,0,1
40,9,2
18,17,3
2,0,0
13,16,2
31,10,1
13,7,2
5,19,0
31,2,1
10,10,2
8,14,2
