42,7,0
2,10,0
5,3,2
25,12,1
27,0,2
9,14,3
41,8,3
8,6,2
37,13,2
3,3,0
15,8,1
42,16,3
25,15,1
6,17,1
0,3,2
23,1,0
30,10,2
17,0,2
43,10,0
31,19,1
2,6,1
34,8,0
10,5,3
14,11,0
15,11,1
19,3,0
29,6,0
31,4,1
40,18,0
23,8,1
42,11,3
0,15,3
1,2,2
25,13,0
15,7,2
40,17,1
1,8,3
7,10,0
19,13,0
0,19,1
40,15,1
1,19,0
8,8,0
10,10,3
12,19,2
32,15,2
5,14,3
9,18,1
14,2,2
4,0,2
33,5,2
3,1,2
47,2,0
43,0,0
9,19,1
24,12,2
7,15,3
18,6,0
38,0,1
0,9,1
2,5,0
7,19,3
6,9,2
33,13,0
3,19,0
22,12,0
9,2,2
13,4,2
17,10,2
4,1,1
45,16,1
20,8,0
21,19,2
28,18,2
28,5,2
44,0,0
16,2,2
6,8,0
5,7,1
14,12,0
26,8,3
12,8,2
13,18,0
39,13,2
24,2,3
36,0,0
1,14,3
0,2,0
20,19,0
24,17,3
21,4,0
10,0,2
24,0,2
20,16,1
34,3,3
4,14,0
7,5,1
24,18,0
22,17,1
34,18,2
