45,12,0
41,4,2
44,6,2
5,10,0
41,6,1
18,12,0
59,4,3
18,16,1
4,18,2
43,4,3
0,17,2
2,9,0
14,18,2
48,16,3
23,9,1
6,14,1
52,5,0
27,15,3
30,13,1
2,2,0
10,14,2
3,17,0
12,8,0
24,5,0
9,8,3
25,17,1
3,10,1
13,9,0
5,13,1
25,17,3
19,17,0
10,5,1
1,1,2
5,11,0
51,8,1
40,16,3
13,15,3
2,0,3
20,15,3
3,7,2
27,1,3
35,3,1
3,3,2
43,12,1
3,12,0
51,13,0
4,3,2
1,9,2
0,11,0
47,12,0
34,10,0
50,5,3
4,6,3
7,16,2
35,14,2
28,3,1
28,8,2
23,8,2
9,4,2
8,2,0
54,12,3
11,15,3
23,8,1
47,13,1
10,4,3
26,14,3
29,0,1
38,6,2
16,11,3
34,3,0
1,8,2
28,6,0
16,16,3
21,0,0
15,8,0
36,19,2
8,4,3
51,0,1
52,15,2
24,2,3
54,3,3
57,18,3
16,8,3
21,9,2
35,9,1
0,0,0
0,6,1
2,13,3
13,18,0
42,9,3
14,0,3
18,2,2
22,1,2
8,17,1
32,5,2
1,6,0
42,7,1
24,12,0
13,7,0
55,4,3
