26,2,3
45,18,3
1,11,0
28,3,2
33,6,1
5,2,1
4,7,2
46,14,1
22,11,2
22,0,3
8,3,3
3,9,1
11,17,0
3,19,0
9,13,3
35,13,0
11,2,2
31,10,2
46,3,0
40,11,0
2,12,3
45,8,3
30,8,0
28,6,1
19,19,2
4,3,2
15,8,2
1,0,2
35,2,3
7,1,2
6,9,2
37,2,2
41,14,1
16,2,3
24,14,1
14,15,0
1,3,3
27,10,2
1,4,2
19,18,0
11,9,1
23,5,1
26,12,2
8,4,1
39,8,0
28,17,0
32,0,0
7,10,0
41,11,0
36,6,3
32,4,2
4,19,1
12,0,0
15,1,0
44,11,0
0,6,0
34,8,2
7,11,2
10,6,2
0,16,1
23,2,2
8,9,2
13,18,3
33,14,1
41,6,1
3,7,2
27,15,3
23,8,0
19,14,3
0,13,0
35,18,3
34,1,3
9,3,1
26,4,0
5,10,3
29,12,2
20,15,3
14,11,3
19,12,1
44,0,1
0,5,1
32,16,1
8,18,0
37,5,1
35,19,1
10,2,2
6,16,3
12,5,1
14,10,2
2,17,0
9,19,2
16,0,2
5,11,0
9,10,3
9,16,3
5,15,1
13,5,1
18,0,2
15,7,0
12,10,1
