24,8,3
26,12,0
33,14,3
53,17,3
30,17,0
19,17,2
45,4,1
20,8,3
16,0,3
1,6,0
4,7,2
20,5,3
0,8,1
15,19,1
36,2,1
6,8,2
30,7,0
42,16,2
24,10,2
38,1,0
4,15,3
10,1,0
52,8,3
56,10,0
34,19,2
39,4,0
2,12,2
8,9,1
18,3,0
10,11,3
1,2,3
39,15,1
0,4,1
4,19,2
53,0,2
22,19,2
11,8,0
20,9,1
20,15,3
5,18,1
22,16,3
11,1,3
14,10,2
48,13,2
18,10,0
41,10,3
35,0,0
41,19,2
5,1,3
9,10,1
15,5,3
35,17,2
7,10,3
20,4,3
14,3,3
14,1,1
34,6,2
19,0,2
48,4,2
3,10,0
30,13,0
22,5,1
8,5,3
22,8,1
48,17,2
2,16,1
32,18,0
43,12,0
0,1,3
42,8,2
38,7,0
58,13,1
10,4,0
25,0,0
15,7,3
41,12,3
13,18,1
56,4,1
24,3,2
25,6,0
47,17,1
4,1,0
6,17,0
32,3,1
11,11,0
1,13,1
24,14,2
52,5,0
43,11,2
6,19,2
44,1,0
13,13,0
23,4,0
11,18,0
1,14,3
0,19,0
57,24,1
3,11,0
56,18,1
31,4,3
