28,17,1
44,8,3
22,19,0
18,9,1
30,0,1
4,13,3
22,2,2
0,7,3
7,10,3
24,10,3
4,8,1
24,7,1
36,12,1
14,1,2
1,7,1
24,3,0
5,3,3
13,19,3
2,14,1
43,16,3
17,14,0
34,10,1
18,14,0
1,11,2
8,13,1
15,16,3
5,9,2
34,2,2
27,7,2
26,6,0
11,19,1
1,1,2
3,16,3
31,12,3
20,6,1
31,14,3
1,3,0
5,4,1
42,0,1
22,8,3
22,15,3
21,11,2
34,14,1
19,10,1
17,1,0
31,18,3
17,3,1
9,15,3
33,15,3
16,6,1
40,9,3
4,16,3
1,16,2
45,1,3
35,9,2
6,14,0
13,1,1
3,12,0
0,13,0
7,14,3
23,15,2
11,16,1
40,14,2
13,6,0
12,13,2
3,7,0
33,1,2
28,8,3
34,1,3
4,14,1
24,4,0
5,2,0
16,13,1
3,5,1
19,3,2
31,0,0
14,8,3
23,12,0
32,7,3
26,18,0
28,5,1
37,15,2
9,9,2
45,13,0
1,19,1
4,6,1
11,5,1
38,3,1
15,9,3
6,13,3
8,8,0
26,15,0
1,18,2
24,9,2
38,17,1
39,14,2
15,0,2
12,12,2
14,7,2
43,11,2
