226,3,1
327,14,0
35,5,3
102,17,2
41,10,2
306,19,1
71,23,3
5,8,3
276,20,2
216,12,1
256,1,3
255,10,2
106,6,3
245,20,0
177,13,2
294,16,0
242,12,1
254,13,0
68,1,2
22,9,0
178,10,3
202,6,0
13,10,1
309,5,1
79,0,1
292,12,2
105,13,3
18,11,3
187,17,0
91,21,3
116,21,0
277,4,1
9,0,1
81,3,0
30,10,3
300,18,0
136,11,3
142,10,2
237,19,1
282,6,3
324,20,2
317,8,2
21,19,3
226,5,1
128,14,2
88,5,1
44,2,1
104,13,1
131,7,2
262,6,2
291,14,1
202,0,0
149,7,2
306,8,0
307,7,1
318,14,3
293,8,3
308,15,0
257,3,2
134,17,3
166,3,0
322,3,0
143,17,3
188,17,1
154,15,3
267,12,0
230,20,2
11,11,0
317,20,3
316,4,2
88,8,1
273,19,1
14,4,1
240,13,1
203,14,2
144,8,1
252,18,1
56,19,3
71,12,3
116,1,1
84,16,2
221,14,2
320,11,0
124,8,2
224,7,1
69,13,3
66,12,2
94,3,2
178,1,2
229,13,2
182,3,0
139,2,3
34,10,0
115,4,0
293,5,0
152,1,2
323,9,1
187,4,2
133,9,1
195,5,3
