18,13,2
19,4,0
32,7,0
27,3,0
24,4,1
18,19,1
33,16,3
17,15,1
20,1,3
9,18,1
3,17,2
7,19,3
8,11,1
8,8,1
6,11,1
16,3,2
11,14,2
26,5,0
20,16,2
15,6,2
8,0,3
3,2,1
37,9,0
25,17,2
2,5,1
31,6,3
4,11,1
29,18,2
1,9,1
35,0,1
47,13,2
44,13,0
7,5,3
0,9,1
15,0,0
20,13,1
4,8,0
26,2,1
42,7,0
24,1,0
7,11,0
40,11,0
10,19,3
1,8,0
45,13,3
6,3,3
20,2,0
3,1,1
25,10,1
33,19,0
12,13,3
17,11,3
12,18,3
17,18,3
47,2,2
4,13,0
40,13,1
34,7,1
14,19,3
40,15,1
1,12,2
0,7,2
8,7,0
46,9,1
4,18,2
20,11,2
9,4,2
37,10,1
38,15,2
2,17,2
39,2,1
14,12,3
35,8,1
30,11,3
16,15,3
21,0,0
19,16,0
27,2,3
9,14,1
5,4,0
0,0,0
27,14,2
13,8,0
14,7,0
8,17,1
17,7,0
33,9,1
0,15,0
29,0,0
0,12,1
37,2,1
7,10,2
10,3,1
21,14,0
11,4,0
22,7,0
11,5,3
3,18,0
30,10,1
30,15,3
