226,3,1
285,3,2
38,5,1
93,17,3
302,11,1
306,19,0
71,23,3
5,6,2
276,20,2
215,12,3
253,1,0
255,10,2
5,20,1
245,17,3
52,3,0
295,19,2
242,12,1
254,13,0
73,3,0
22,9,0
176,12,0
202,6,0
10,12,0
227,16,0
79,0,1
290,14,2
106,12,0
18,11,3
185,17,1
234,0,2
116,21,0
280,4,0
9,0,1
81,3,0
31,9,0
300,18,0
136,10,2
140,10,3
237,19,1
282,6,3
242,11,2
317,8,2
21,19,3
226,5,1
130,14,3
272,0,0
262,6,3
158,10,1
131,7,3
114,10,2
289,19,0
202,0,3
149,7,2
306,8,0
321,16,0
318,14,3
293,8,3
115,16,0
260,0,3
134,15,1
166,5,3
323,2,3
143,20,0
187,23,0
155,18,1
267,12,0
230,20,2
11,11,0
317,20,3
316,4,2
88,8,1
273,19,1
277,13,1
240,13,1
203,14,2
144,8,1
252,18,1
62,17,1
71,12,3
116,2,2
84,16,2
221,14,2
320,11,0
245,7,2
224,7,1
69,13,3
63,12,0
94,3,2
178,1,2
229,13,2
182,5,1
144,4,1
32,10,1
115,4,0
293,5,0
156,1,1
323,9,1
187,7,3
133,9,1
67,2,0
