2,8,3
21,7,0
0,13,0
18,19,0
29,10,2
2,9,1
30,4,3
17,6,3
45,12,2
2,7,1
11,12,0
19,17,1
13,10,2
6,9,3
1,11,1
12,6,0
2,0,3
26,13,1
28,12,0
28,19,2
2,4,1
12,3,2
32,18,0
4,18,3
40,1,1
2,16,0
20,8,3
39,3,1
32,4,1
9,18,2
37,0,3
0,6,1
17,0,1
28,3,2
12,0,0
8,7,2
12,14,2
19,5,2
5,6,1
11,16,2
15,18,1
30,17,1
6,13,2
41,14,0
21,2,2
3,17,1
5,17,3
9,1,1
14,13,2
5,10,2
19,10,0
0,5,1
3,7,1
27,8,3
18,14,1
14,7,3
24,11,1
7,0,2
5,18,1
33,7,2
40,15,0
31,5,2
31,10,3
44,14,1
5,4,2
22,15,3
25,6,3
29,8,1
18,2,3
3,13,0
15,12,0
9,15,1
31,15,1
38,8,0
9,4,3
27,13,1
13,17,0
18,18,3
41,9,2
40,18,3
23,9,0
1,17,1
2,1,3
44,3,3
11,1,0
1,5,2
33,17,0
0,1,3
16,16,3
1,14,1
29,5,2
21,3,3
15,4,3
45,0,2
7,12,3
10,19,1
29,7,2
34,0,1
6,14,3
38,7,3
