159,15,2
327,17,2
35,5,3
93,18,0
302,4,2
306,19,1
69,19,1
5,8,3
276,20,2
215,13,0
256,1,3
255,10,2
305,8,3
245,17,3
177,13,2
294,16,0
242,12,1
254,11,1
68,6,3
22,12,1
178,10,3
202,6,0
11,9,2
266,5,2
79,0,1
44,4,2
105,13,3
18,11,3
187,17,0
93,20,0
120,16,2
280,4,0
10,0,0
81,3,0
30,10,3
300,18,0
136,11,3
144,12,1
237,19,1
282,6,3
324,20,2
317,8,2
19,19,1
226,5,1
128,14,2
170,6,1
191,2,1
233,15,1
131,10,0
250,18,1
291,14,1
202,0,3
149,7,2
306,11,2
106,16,2
318,14,3
293,8,3
305,12,2
257,3,2
134,17,3
164,3,1
322,3,0
143,20,0
188,17,1
154,15,3
267,12,0
230,20,2
11,14,1
317,20,3
316,4,2
89,10,0
273,19,1
63,6,0
240,13,1
203,14,2
144,8,1
252,18,1
56,19,3
71,12,3
116,1,1
79,16,0
221,14,2
320,11,0
259,8,2
224,7,1
67,13,1
63,15,1
94,3,2
178,1,1
229,13,2
182,3,0
141,2,2
32,10,1
115,4,0
291,3,3
156,1,1
323,9,1
187,4,2
133,9,1
76,7,3
