2,10,0
12,13,3
22,10,3
15,12,1
26,2,0
14,9,0
7,14,1
1,16,2
21,3,1
1,6,0
8,6,2
6,18,2
21,9,0
30,16,2
14,7,1
6,0,0
40,19,3
6,10,0
19,19,3
18,3,1
8,9,1
32,1,0
4,7,0
3,7,3
29,18,3
28,13,1
0,2,1
18,6,1
24,2,0
11,5,0
24,8,1
1,1,1
16,8,3
16,10,1
0,6,3
6,15,2
29,1,1
19,15,1
11,0,3
10,3,1
13,7,3
2,12,3
13,4,3
26,7,2
27,8,2
30,5,3
13,9,1
19,11,2
32,14,2
43,9,3
33,9,2
41,17,1
0,18,1
18,19,2
37,17,0
33,18,2
39,7,0
4,14,0
1,10,2
5,5,1
10,12,2
1,17,1
0,14,0
40,8,0
16,9,3
24,9,3
7,5,0
20,12,0
43,2,1
11,16,0
27,9,2
17,18,1
0,19,2
40,2,3
32,11,1
14,19,3
32,8,0
39,15,0
30,7,3
6,1,0
5,15,2
24,17,2
15,1,3
19,4,3
23,19,1
16,5,2
21,7,0
11,15,3
9,6,2
14,2,3
41,2,1
5,9,3
3,10,3
4,3,2
10,18,3
22,12,3
22,5,0
24,6,0
34,15,1
26,18,3
