175,3,2
327,14,0
35,8,0
93,17,3
51,8,0
306,19,1
73,19,0
5,8,3
276,20,2
215,12,3
256,1,3
255,10,2
30,16,3
245,17,3
177,13,2
295,19,2
242,12,1
252,13,3
68,1,2
22,12,1
178,12,1
202,6,0
10,12,0
123,15,1
83,0,0
138,16,2
105,13,1
26,4,0
113,17,3
26,10,2
120,16,2
280,4,0
9,0,1
71,14,3
30,10,3
298,18,1
136,11,3
142,10,2
234,19,3
282,6,3
321,15,0
317,8,2
19,19,1
226,5,1
128,14,2
101,13,2
109,13,1
272,4,1
131,7,2
313,3,2
286,17,3
202,0,3
149,7,2
306,8,0
224,13,1
314,14,0
293,8,3
308,15,0
257,0,1
134,15,2
164,5,2
322,3,0
143,20,0
182,17,2
154,15,3
265,12,2
9,15,1
11,11,0
317,20,3
316,3,0
88,8,1
273,19,1
14,0,1
240,13,1
203,14,2
144,8,1
255,17,2
62,17,1
71,12,3
116,1,1
84,16,2
219,17,1
320,11,0
56,9,1
224,7,1
69,13,3
66,12,2
94,4,0
178,1,1
229,13,2
185,3,3
139,2,3
32,10,2
115,4,0
291,3,3
152,1,2
323,9,1
190,6,0
133,9,1
204,5,2
