3,13,2
14,18,3
13,3,1
6,4,0
2,14,1
11,2,3
14,16,3
0,5,3
48,11,3
4,17,2
1,9,1
20,9,0
22,14,2
13,17,3
7,15,3
8,5,0
16,13,0
7,1,2
43,6,0
37,5,2
6,16,3
25,1,0
39,9,3
31,19,2
30,0,0
30,15,0
2,12,1
39,14,0
1,13,3
18,8,1
28,3,3
6,15,3
40,2,2
0,11,1
38,0,0
8,15,2
25,5,2
34,16,3
2,16,2
17,3,3
31,9,3
46,1,1
0,13,0
48,13,1
7,16,2
10,8,3
15,10,1
39,10,1
5,10,2
4,14,1
20,19,0
0,2,1
18,13,1
19,18,2
20,3,1
42,8,3
31,8,0
4,7,0
0,16,0
11,1,0
5,5,3
3,5,1
22,8,2
27,7,3
15,1,2
14,6,2
12,8,0
11,10,0
6,11,3
6,2,2
21,10,3
33,12,0
20,1,0
22,16,1
10,14,0
37,15,1
5,8,2
7,0,1
22,18,0
13,14,0
8,19,2
10,10,2
18,4,2
7,7,0
31,13,3
13,5,0
1,8,0
28,6,3
17,9,0
13,0,0
24,11,1
23,15,0
30,12,3
2,10,0
33,4,2
22,5,0
26,19,2
28,8,1
19,3,3
43,7,2
