226,3,1
326,15,1
38,5,1
93,17,3
278,17,3
309,19,3
73,19,0
5,6,2
276,20,2
215,12,2
253,1,0
255,10,2
303,1,0
245,17,3
177,14,3
295,19,2
132,17,1
254,11,1
73,3,0
22,9,0
178,10,3
202,6,0
10,12,0
57,3,2
83,0,0
210,10,1
106,12,2
18,3,2
179,6,0
161,11,3
116,21,0
277,7,3
10,0,0
1,10,2
34,9,2
300,18,0
137,12,0
142,10,2
234,22,0
285,6,2
233,0,3
317,8,2
19,19,1
226,5,1
130,12,0
226,18,3
299,0,0
117,6,3
244,19,0
229,6,3
286,14,2
202,2,1
149,7,2
306,8,0
198,16,3
314,14,1
293,8,3
305,15,3
257,0,1
134,15,2
164,5,2
322,3,2
143,20,0
188,17,1
155,18,1
267,12,0
214,2,2
273,0,3
318,22,0
316,3,0
87,11,3
273,19,1
193,8,0
240,13,1
207,11,0
190,15,3
255,17,2
56,17,2
75,8,1
120,9,1
84,16,2
218,15,0
285,16,0
30,2,0
224,4,0
67,13,1
66,12,2
95,3,1
178,1,2
230,12,0
185,3,3
141,2,2
32,10,1
115,4,0
149,17,2
156,1,1
323,4,3
190,6,0
127,4,3
97,9,0
