26,1,2
29,11,2
22,12,2
36,7,2
27,6,3
3,16,0
25,16,3
11,16,1
21,19,3
30,0,3
33,1,0
18,7,0
29,19,2
9,10,0
17,7,3
43,19,2
3,0,3
0,9,2
0,17,3
20,10,3
36,0,3
11,2,3
10,8,2
21,4,0
7,12,3
14,17,0
2,16,3
30,18,2
3,7,2
31,4,1
41,10,1
15,5,1
1,19,2
0,7,1
13,7,3
6,7,1
2,18,0
31,15,1
4,12,2
17,5,0
10,5,2
20,12,2
7,13,1
12,9,0
12,2,2
40,3,3
21,15,3
6,18,0
24,9,0
6,14,1
15,3,3
17,11,2
2,9,1
23,0,0
16,14,3
1,6,0
28,0,1
41,17,3
27,12,2
19,8,3
4,4,3
4,17,2
25,5,2
10,19,0
1,5,3
34,14,0
7,17,0
22,10,1
32,0,1
15,10,1
5,2,1
35,10,1
22,0,1
3,14,2
42,11,1
45,1,0
19,3,2
3,6,3
8,11,2
21,8,3
22,19,0
31,13,0
33,14,2
10,17,3
16,16,1
30,2,0
0,4,0
0,12,3
26,9,1
13,5,3
11,13,0
32,9,2
27,5,3
8,2,3
14,15,0
26,18,1
6,1,2
3,3,0
40,6,0
39,19,3
