236,10,0
327,14,0
35,8,0
93,17,3
121,8,2
306,19,1
71,23,3
7,8,0
276,20,2
215,12,3
253,1,0
255,10,2
218,1,3
245,17,3
177,13,2
294,16,0
4,11,1
252,11,2
68,1,2
27,9,3
178,10,3
201,5,1
10,9,3
133,11,1
79,0,1
105,3,2
105,13,3
18,11,3
187,17,0
100,17,0
120,16,2
280,4,0
9,0,2
80,3,2
30,13,1
298,18,1
136,11,3
140,14,0
234,19,3
282,6,3
324,20,2
316,8,3
21,19,3
226,5,1
130,12,0
215,8,3
195,8,0
215,16,1
131,7,2
160,8,2
286,17,3
204,0,2
149,7,2
306,8,0
268,19,1
318,14,3
293,5,2
308,12,1
257,3,2
136,15,0
166,5,3
322,3,0
143,20,0
188,17,1
154,15,3
267,12,0
230,22,0
11,11,0
317,20,3
316,3,0
89,10,0
272,19,0
192,3,1
240,13,1
203,14,2
153,11,3
254,15,3
56,19,3
75,12,0
263,4,0
79,21,1
218,15,0
34,3,0
57,11,3
224,7,1
67,13,1
66,12,2
94,3,2
178,1,1
229,13,2
182,3,0
144,4,1
34,10,0
113,3,3
295,1,1
152,1,2
323,9,1
187,4,2
133,9,1
100,15,2
