25,0,1
16,2,1
18,18,3
37,4,0
48,6,0
23,14,3
0,16,2
24,10,3
11,19,2
43,7,2
15,5,3
13,7,3
13,14,2
33,12,2
3,4,1
40,12,0
21,9,3
10,17,0
31,9,1
5,4,1
26,1,3
24,6,1
18,12,1
41,5,0
29,11,0
8,3,0
1,18,2
44,10,1
10,13,0
3,3,3
26,0,3
1,10,2
14,18,0
0,2,1
24,16,1
14,4,3
6,1,3
34,17,0
1,12,3
40,15,2
43,0,3
6,16,0
9,7,0
26,12,2
20,8,0
8,10,3
2,8,3
6,18,1
15,14,3
1,11,0
5,14,1
17,9,3
37,1,3
22,4,0
45,13,0
4,19,3
26,9,3
20,10,2
3,6,0
8,7,0
34,4,2
0,14,0
18,6,1
21,2,1
15,8,3
14,7,0
25,5,3
32,2,0
15,15,2
0,0,0
14,3,3
9,4,0
39,6,0
35,0,1
45,9,3
1,9,2
34,8,3
43,17,1
44,19,3
8,19,2
0,4,3
11,10,0
19,13,2
23,17,0
41,11,2
7,17,0
10,11,1
22,16,2
16,5,2
1,14,1
30,18,2
15,17,3
4,9,3
39,11,0
18,17,3
4,2,2
6,10,3
14,13,1
36,10,3
8,6,0
