59,9,0
327,14,0
35,8,0
102,17,2
137,5,2
306,22,2
69,19,1
7,8,0
276,14,1
215,12,2
253,1,1
257,8,3
196,14,2
245,20,0
177,13,2
294,16,0
264,15,3
254,11,1
73,3,0
27,9,3
178,12,1
201,5,1
13,10,1
257,17,3
79,4,2
44,14,3
106,12,2
18,11,3
159,12,1
40,3,1
120,16,2
277,7,3
9,0,1
81,3,0
31,9,0
298,20,2
138,10,1
140,10,3
237,19,1
282,6,3
326,15,3
317,8,2
19,19,1
220,5,3
130,14,3
54,1,0
3,20,3
145,12,3
131,7,2
150,0,2
291,14,1
202,2,1
149,7,2
306,11,2
13,5,0
314,14,0
293,8,3
308,15,0
257,3,2
134,17,3
166,5,3
323,2,3
143,17,3
182,17,2
155,18,1
265,12,2
300,0,1
11,11,0
320,19,1
316,3,1
87,11,3
273,19,1
312,20,2
240,13,1
206,15,3
144,8,1
252,15,0
56,17,2
71,8,2
267,0,0
79,16,3
221,14,2
115,16,1
260,8,0
224,7,1
67,15,2
63,15,1
95,3,1
178,1,2
229,13,2
182,5,1
129,14,2
32,10,2
116,1,1
269,8,0
152,5,0
323,4,0
189,4,1
127,10,0
96,4,1
