11,7,1
21,11,0
0,3,0
32,18,1
40,19,0
0,7,2
19,0,1
3,3,1
9,19,1
0,15,2
0,9,0
28,2,3
8,4,2
30,14,2
18,3,3
24,3,3
42,4,2
28,4,1
37,13,3
14,6,2
33,12,0
29,6,0
7,5,3
27,0,0
8,11,1
12,12,1
12,5,0
31,18,0
10,17,0
1,11,2
25,7,0
31,13,1
2,16,2
1,18,0
4,1,0
25,16,3
14,15,0
27,6,2
8,0,1
1,4,1
4,12,2
10,10,2
5,14,2
25,17,1
10,11,1
36,7,1
8,16,2
16,19,3
43,1,2
4,4,3
22,2,1
17,15,3
21,15,0
9,9,1
2,8,0
18,10,0
43,12,0
20,13,3
20,8,1
1,14,2
17,1,0
2,6,1
7,18,3
34,14,1
11,12,0
37,6,0
3,19,1
33,3,0
0,14,3
29,1,3
2,3,3
15,12,3
39,14,0
20,7,1
17,7,0
7,17,2
45,15,2
34,2,3
0,17,3
18,7,1
31,6,1
15,5,0
15,7,1
32,2,2
34,11,2
14,17,1
18,15,3
2,12,1
6,15,1
3,17,2
14,3,2
30,9,2
36,10,1
16,8,3
17,0,1
6,12,0
16,18,2
5,15,1
38,4,3
40,13,1
