226,3,1
327,14,0
35,5,3
102,17,2
64,4,2
306,19,1
71,23,3
5,6,2
276,20,2
215,12,3
256,1,3
255,10,2
101,8,3
245,20,0
177,13,2
294,16,0
242,12,1
254,13,0
68,1,2
22,9,0
178,10,3
202,6,0
13,10,1
148,9,1
79,0,1
26,8,2
105,13,3
18,11,3
187,17,0
93,20,0
120,16,2
277,4,2
9,0,1
81,3,0
30,10,3
300,18,0
138,10,1
142,10,2
237,19,1
282,6,3
321,18,1
317,8,2
21,19,3
221,10,0
128,14,2
325,12,3
55,0,1
267,5,1
308,3,2
279,15,1
286,14,2
202,0,0
149,7,2
306,11,2
245,5,1
314,14,0
293,8,3
308,15,0
257,3,2
134,15,2
166,3,0
322,3,0
143,20,0
188,17,1
154,15,3
267,12,0
230,20,2
11,11,0
317,20,3
316,4,2
88,8,1
273,19,1
239,16,1
240,13,1
207,11,0
144,8,1
252,18,1
56,19,3
71,12,3
116,2,2
84,16,2
221,14,2
320,11,0
40,5,2
224,7,1
67,13,1
66,12,2
94,4,0
178,1,1
229,13,2
182,3,0
139,2,3
34,10,0
115,4,0
293,5,0
152,1,2
323,9,1
187,4,2
127,4,3
9,12,3
