29,5,1
1,4,0
19,11,1
1,8,3
13,18,3
1,0,1
11,5,3
35,9,1
34,1,0
2,13,0
43,8,2
27,13,3
32,6,2
23,14,3
1,3,3
43,4,0
37,14,0
15,13,0
32,3,0
21,12,2
24,4,2
3,2,0
10,12,3
13,19,2
19,14,0
5,0,1
9,18,1
40,18,0
33,12,2
13,9,0
31,0,3
13,6,3
8,6,3
0,17,3
4,18,2
15,5,0
21,14,3
5,10,2
2,8,3
31,6,3
31,12,2
3,5,3
0,8,0
21,18,3
23,2,0
10,4,1
34,13,0
0,19,3
16,12,3
22,19,0
41,3,3
12,13,2
8,18,3
7,13,2
39,2,2
0,15,2
33,14,1
36,11,3
7,17,2
12,5,3
16,8,0
22,15,2
8,3,0
3,7,2
27,3,1
41,6,1
9,15,3
7,6,2
24,13,3
16,18,2
25,11,0
6,3,1
16,15,2
8,16,1
30,11,3
6,8,0
25,3,2
44,13,1
23,9,0
4,14,0
10,0,0
13,1,3
10,7,2
45,1,0
30,6,3
21,0,1
0,4,1
9,11,3
7,19,0
37,3,1
2,9,0
42,19,0
4,16,0
15,4,3
45,15,0
16,7,0
9,3,3
12,14,0
20,4,2
20,3,3
