103,5,0
14,20,3
50,8,2
66,15,1
184,12,2
157,10,2
8,15,3
10,4,3
163,11,3
219,14,2
19,17,3
153,13,3
200,2,2
38,12,2
267,0,1
214,15,3
60,13,1
131,3,2
254,7,1
41,16,3
135,6,0
158,19,0
2,3,3
72,13,1
108,11,2
190,5,0
54,11,0
32,14,1
139,14,1
218,5,3
183,12,0
70,13,1
215,8,2
245,6,0
241,18,2
190,16,2
147,1,1
168,5,1
153,5,3
285,8,2
217,11,1
75,4,1
87,2,1
16,14,3
2,12,1
13,14,1
233,7,0
114,18,2
284,5,0
159,4,2
136,9,2
81,4,0
155,13,1
20,6,3
99,13,2
160,15,0
100,20,0
124,19,3
199,15,3
0,0,2
123,21,2
240,2,1
265,5,2
86,4,2
140,3,1
124,4,1
83,12,0
185,18,3
164,9,2
306,11,1
293,1,1
1,7,0
171,14,3
147,15,2
256,15,2
207,11,1
116,9,0
272,19,2
182,4,0
23,10,0
76,1,3
225,6,3
79,20,3
121,8,0
260,15,0
142,4,3
38,5,3
143,6,1
142,9,1
211,12,2
188,0,3
29,8,3
158,9,3
45,20,0
27,0,2
243,6,1
297,13,3
60,21,0
208,7,1
73,7,3
