38,6,0
20,8,3
31,12,2
40,17,1
29,17,2
7,12,0
9,16,2
7,0,2
19,18,3
1,15,3
5,9,2
1,12,0
35,6,1
45,17,3
10,17,0
29,3,3
10,9,3
12,2,0
9,4,0
19,14,0
16,9,2
42,14,1
24,4,3
32,19,2
0,1,1
3,3,1
23,16,1
2,18,2
7,8,3
13,5,2
17,4,1
27,13,3
30,8,0
0,19,3
6,12,3
7,11,1
12,19,0
41,12,0
33,17,1
5,14,2
17,1,0
1,3,3
3,2,3
15,10,2
18,0,1
45,13,2
4,19,2
16,0,2
11,14,0
15,19,0
37,0,2
1,11,1
6,5,0
25,13,3
24,1,2
10,15,2
26,7,1
27,3,3
33,10,0
23,14,2
12,5,1
1,6,3
0,15,0
46,7,0
14,13,1
37,10,2
4,1,1
22,12,3
1,8,3
0,9,0
1,19,3
36,10,1
22,2,1
51,2,3
21,8,0
3,10,1
7,1,0
50,13,0
42,0,2
35,0,1
8,12,3
23,3,0
25,18,3
4,11,3
13,17,1
20,17,0
6,17,2
5,11,2
7,5,2
3,9,2
35,14,0
50,18,1
32,0,2
21,7,0
27,9,1
28,5,0
6,0,2
13,8,0
25,15,0
35,3,0
