136,0,3
52,20,3
183,14,0
64,12,0
145,0,1
195,1,0
92,12,3
282,12,0
51,2,1
220,9,0
87,15,1
37,10,0
226,8,0
265,5,0
168,3,1
248,14,2
5,13,0
80,5,0
226,2,1
52,9,3
274,14,3
133,19,2
129,1,1
213,4,1
226,22,2
245,2,0
264,0,0
236,20,3
96,8,3
260,12,0
37,13,2
232,5,0
173,4,3
211,3,0
20,11,1
28,16,0
280,17,1
161,2,1
53,10,2
137,5,3
160,15,0
103,16,3
156,0,3
40,15,0
190,9,3
117,20,1
223,11,1
150,9,2
273,4,0
261,22,1
181,15,0
116,0,0
82,16,2
238,15,0
291,16,3
39,16,2
116,14,1
29,14,0
187,16,3
273,18,0
81,12,3
75,14,2
171,22,0
144,12,1
194,16,3
126,12,3
65,9,0
183,8,1
18,3,0
276,2,3
97,2,1
293,12,1
168,15,3
26,3,0
232,8,1
123,7,1
75,10,2
93,3,1
191,8,2
251,8,2
44,8,1
300,4,1
88,10,1
139,21,3
38,8,1
275,8,3
177,2,0
181,17,2
215,17,2
7,19,3
258,14,0
118,16,3
287,0,1
208,20,0
201,15,0
155,15,1
9,3,3
0,17,3
52,17,3
287,13,0
