16,15,0
41,11,3
8,13,0
42,9,1
28,8,3
8,0,3
9,9,0
1,7,3
38,5,3
5,12,3
0,19,1
20,15,1
32,17,1
23,6,1
9,18,0
12,15,2
13,3,0
3,16,3
4,11,1
8,5,3
23,7,1
30,10,0
11,3,0
37,4,0
46,8,1
13,0,1
1,15,3
27,16,3
2,0,1
8,1,1
22,19,1
46,1,2
6,13,0
27,3,3
18,5,1
13,6,1
5,5,1
19,0,3
4,17,1
19,2,3
17,6,0
2,6,3
15,10,0
28,11,2
2,9,0
8,16,3
0,1,1
11,13,3
40,8,0
26,19,0
44,16,1
7,13,1
10,1,0
3,9,0
26,15,3
1,4,2
25,14,0
30,0,2
37,18,2
7,15,1
7,4,2
3,3,3
12,7,1
33,11,3
22,12,1
16,5,0
21,14,1
12,6,2
37,1,3
8,6,1
41,15,0
16,16,2
2,4,2
15,9,1
50,6,3
36,10,0
7,6,0
7,19,3
14,10,1
48,9,1
35,10,3
1,10,3
14,11,2
6,16,0
38,7,3
39,10,1
3,18,2
1,8,3
17,5,3
4,1,3
48,4,1
15,17,0
20,16,2
29,13,2
13,9,1
0,16,0
26,9,3
46,3,0
45,12,2
28,3,3
