47,5,2
64,12,2
26,2,1
231,4,2
43,12,1
195,4,2
152,20,3
106,19,1
51,8,2
184,11,0
185,4,1
235,5,0
250,6,0
245,8,3
26,15,2
102,6,0
279,16,0
56,16,3
124,2,2
217,20,2
29,12,0
125,20,3
250,2,3
120,11,2
53,12,2
191,14,0
96,12,2
42,8,0
176,14,1
202,10,1
186,21,1
11,7,2
175,13,2
210,3,1
20,8,3
113,13,2
137,14,3
298,16,2
155,1,3
33,6,2
51,16,1
257,5,3
172,4,0
79,16,2
102,7,0
94,11,0
232,17,2
180,8,1
175,17,0
27,6,2
232,11,0
16,0,0
213,19,3
167,1,0
33,23,0
1,15,2
46,12,0
47,19,0
178,4,0
271,20,3
133,9,3
278,3,0
15,15,0
238,8,3
164,1,2
281,20,3
16,6,3
108,0,3
280,0,1
275,2,1
78,10,2
292,1,2
75,9,1
283,11,3
272,8,2
73,2,1
198,10,3
22,10,2
188,16,0
149,17,3
177,1,2
299,1,3
241,15,1
300,15,2
216,2,3
85,15,0
228,19,1
188,7,0
302,17,1
144,19,2
238,22,2
171,11,2
113,6,2
206,19,3
252,17,1
252,13,0
143,1,3
162,12,0
12,14,2
112,0,1
