8,17,0
11,11,1
21,2,1
18,15,1
20,17,3
10,1,3
23,19,2
16,3,3
31,18,2
16,17,2
19,9,0
1,3,2
40,2,2
46,5,0
2,1,1
40,19,2
5,16,0
47,10,1
32,18,3
47,8,2
10,11,3
2,16,0
28,2,2
37,12,2
2,19,2
27,6,3
4,1,2
30,19,3
31,9,3
2,15,2
26,5,0
29,17,3
24,4,1
25,12,1
20,12,3
42,9,0
19,1,3
15,19,1
25,15,2
29,4,3
11,0,0
6,5,0
8,10,1
42,7,0
7,6,1
32,2,0
27,0,2
7,13,0
0,9,2
6,0,0
43,16,3
2,0,0
19,7,2
13,4,3
37,10,3
5,6,3
42,15,1
5,9,1
22,16,2
27,13,1
34,6,3
47,14,3
25,3,0
12,8,2
1,14,0
35,18,0
15,11,2
0,4,0
4,11,0
43,3,0
19,4,2
45,9,1
7,15,1
24,14,2
23,12,2
15,9,3
13,18,1
38,8,0
14,13,1
23,16,1
34,10,2
1,19,1
1,11,0
26,8,1
49,15,3
0,2,2
27,7,2
39,8,0
6,10,1
10,5,0
11,8,1
10,2,2
24,3,3
11,18,0
1,4,3
33,1,3
16,9,3
12,1,2
32,6,3
16,19,2
