245,17,3
178,11,3
128,9,1
93,7,2
100,7,2
43,0,3
87,4,3
238,3,3
127,10,1
179,3,3
195,18,1
94,1,3
263,11,2
279,14,1
17,4,0
189,13,2
30,19,0
263,17,0
220,3,1
251,10,1
303,12,2
71,4,3
22,3,1
196,16,0
15,22,2
36,14,1
173,18,3
239,15,3
308,20,3
200,10,1
79,21,1
153,8,3
141,19,2
55,18,1
203,16,3
100,10,0
45,19,2
168,12,2
214,3,3
31,13,0
81,6,1
103,12,3
120,18,3
233,17,3
13,17,1
125,1,1
290,4,0
105,4,0
40,5,3
229,1,0
64,4,3
231,15,1
303,17,2
311,18,2
140,18,1
107,11,3
98,5,3
234,3,3
139,11,3
35,8,1
26,4,2
303,8,2
170,9,3
268,19,1
260,14,2
136,8,2
257,19,1
106,19,1
179,9,2
196,8,2
212,14,1
114,5,2
248,7,1
296,6,2
71,13,0
288,3,3
81,20,1
204,12,0
253,2,2
222,7,1
274,12,2
290,8,0
298,17,1
26,19,3
49,6,1
75,7,2
228,14,3
127,11,1
87,14,3
260,12,3
51,14,2
161,4,2
199,15,0
273,8,1
113,4,1
198,8,2
59,7,1
224,20,0
298,9,2
292,22,3
