38,17,0
36,13,3
7,2,2
10,13,1
43,4,2
7,0,1
30,0,0
19,4,3
23,11,0
19,8,0
27,15,2
48,2,2
46,10,3
40,6,2
1,16,1
59,6,2
0,3,2
29,11,0
26,11,3
43,17,1
3,7,2
43,7,1
8,18,3
41,19,3
15,9,0
24,12,1
30,7,1
22,4,1
46,18,2
9,12,1
24,19,1
60,7,1
44,4,3
20,1,2
34,15,2
52,12,2
4,2,2
36,11,1
15,3,1
16,2,2
15,16,2
2,14,0
52,17,3
12,1,3
4,17,0
16,15,3
8,8,0
0,14,2
7,9,2
50,4,2
52,4,3
9,17,0
9,6,3
18,19,3
35,16,3
23,7,1
35,7,1
8,5,3
26,18,2
3,15,0
24,1,0
0,8,0
42,14,0
35,5,3
1,10,3
32,19,3
29,16,0
13,10,0
1,13,0
42,18,2
56,13,1
3,1,2
12,6,2
12,8,1
6,7,1
4,16,1
4,11,0
28,13,2
27,4,0
7,14,0
41,2,2
57,11,2
29,2,3
3,10,1
38,5,1
6,10,0
1,0,0
34,0,1
10,15,2
1,4,1
5,19,1
37,8,3
37,7,3
18,5,2
19,10,2
6,19,3
17,18,1
6,3,1
59,12,1
29,8,3
