4,7,0
83,15,2
66,21,0
181,20,1
6,10,2
156,2,3
42,19,3
77,2,3
119,14,1
17,5,0
41,3,2
258,1,1
131,6,2
220,2,2
47,7,3
140,7,1
117,1,1
286,3,3
292,3,2
12,1,0
260,9,1
293,20,2
142,3,0
50,8,0
64,4,3
207,18,2
170,2,3
51,2,2
148,10,0
83,6,3
267,8,2
308,15,1
274,12,1
231,18,0
71,13,3
56,13,0
235,15,1
95,3,1
193,6,1
205,8,1
152,6,2
252,1,1
114,4,3
12,9,0
19,14,3
19,8,1
31,5,2
271,10,3
77,9,0
288,16,0
55,7,2
131,14,0
242,0,0
145,14,0
182,13,0
241,5,1
74,4,1
148,5,2
195,3,1
211,12,3
64,13,2
290,12,1
74,20,0
268,20,0
158,17,1
195,12,3
201,10,3
129,12,1
107,5,0
98,1,1
26,5,2
241,17,2
280,3,1
180,4,3
206,0,1
97,8,1
161,6,3
276,13,2
80,23,3
278,9,1
24,23,1
97,6,1
170,15,1
4,15,3
118,7,1
135,4,2
165,13,2
251,5,1
190,1,1
102,12,0
3,10,2
222,12,1
184,4,3
247,19,3
241,12,2
95,14,3
199,9,0
274,6,0
150,10,3
45,3,0
