37,9,3
21,8,2
5,4,2
27,13,1
35,18,0
0,2,0
1,12,1
10,11,2
19,10,2
6,15,3
21,4,2
1,8,1
48,7,3
4,7,1
3,6,0
43,8,2
10,15,0
11,7,0
25,3,1
0,7,0
18,13,3
15,2,0
10,18,1
34,9,1
39,5,3
37,13,1
6,7,3
30,4,1
0,1,2
2,2,1
33,18,1
28,19,2
1,3,3
6,18,3
20,0,0
10,6,0
34,3,3
15,17,3
16,7,2
0,16,3
15,6,3
25,17,0
9,19,3
32,16,0
22,11,0
43,12,2
6,4,2
22,9,0
9,17,0
24,16,1
33,3,3
5,12,1
2,14,2
17,0,0
48,1,2
23,15,2
36,8,0
41,4,3
4,18,2
5,1,0
42,16,0
13,12,2
38,17,0
27,1,2
38,11,2
35,14,2
29,11,0
15,14,3
19,1,2
3,3,2
7,1,2
3,17,3
27,2,0
47,18,3
16,2,0
28,12,2
30,13,3
4,8,2
39,7,0
33,6,1
26,10,1
27,18,2
7,8,0
21,12,0
15,8,0
25,14,2
4,0,2
3,14,0
4,2,1
23,17,3
5,9,0
2,10,2
9,0,0
12,10,2
11,12,2
38,10,3
18,11,1
9,2,0
11,10,2
12,16,1
