161,7,3
72,20,3
223,14,3
201,1,2
17,1,2
287,17,1
100,21,3
87,5,3
44,5,3
42,12,3
188,18,3
248,18,0
106,12,1
148,21,0
297,12,3
58,13,1
37,11,0
189,14,0
147,13,0
235,12,2
290,7,0
188,20,0
220,9,0
25,3,0
264,19,3
127,10,3
6,9,2
119,0,1
13,11,2
255,8,3
271,9,2
97,19,0
213,4,1
67,13,0
1,21,1
35,7,0
259,9,0
87,0,3
239,11,0
73,5,1
249,16,2
194,6,0
266,14,0
96,17,1
53,10,2
72,6,2
162,8,2
168,11,0
61,14,0
32,17,2
186,12,0
38,1,2
152,20,2
236,15,0
172,9,2
247,10,2
5,14,0
200,8,3
92,14,1
27,9,3
170,15,1
89,14,0
177,1,3
112,11,3
178,14,1
208,8,0
197,13,0
31,16,1
282,10,1
37,7,0
268,3,0
50,16,2
100,12,2
9,8,0
191,9,3
280,19,1
231,4,3
68,3,1
135,2,2
27,3,3
100,6,0
176,15,3
24,8,2
77,16,0
151,11,2
32,12,1
249,17,2
23,18,2
257,6,2
103,15,0
154,3,1
22,13,2
22,9,3
211,8,1
206,23,0
195,11,1
98,4,3
82,17,2
135,22,0
123,17,1
