18,16,3
58,9,2
8,17,1
50,9,2
28,5,3
14,16,0
6,4,3
4,11,1
16,3,1
3,3,1
0,14,0
11,9,2
14,14,3
13,18,0
44,11,1
22,6,0
11,0,3
20,10,0
39,9,3
30,2,0
15,11,2
53,15,1
2,2,3
27,8,3
29,15,3
6,6,1
2,18,0
48,18,2
16,6,3
10,12,3
8,19,1
17,13,0
3,1,0
3,9,2
4,10,2
10,1,1
1,17,3
24,5,0
35,15,0
1,3,1
35,3,1
10,9,2
47,14,2
33,14,0
24,16,2
45,5,1
45,11,1
0,11,3
8,9,2
30,14,1
9,15,0
2,5,3
20,5,1
20,2,3
18,1,2
1,4,1
36,0,1
43,15,0
1,14,1
3,15,0
4,5,1
7,12,0
3,12,1
38,1,2
5,6,0
1,7,2
25,18,3
16,17,1
18,5,3
21,0,3
30,16,0
22,14,1
25,10,2
46,18,3
27,12,3
46,8,1
49,2,2
36,9,2
9,6,3
15,19,2
26,17,2
30,18,2
8,13,3
20,17,0
38,7,0
9,16,3
59,5,2
3,5,2
0,9,3
0,18,1
14,7,0
14,6,2
21,11,2
41,17,0
22,15,3
18,15,0
29,17,0
4,8,2
31,13,3
54,12,0
