34,8,0
247,16,3
26,10,2
237,1,2
266,3,2
268,8,0
216,22,3
78,8,2
59,15,0
130,17,3
94,14,1
79,18,1
96,21,1
104,19,2
262,14,2
5,16,2
106,10,3
278,7,0
282,13,1
157,11,3
30,12,3
83,16,3
60,22,0
244,26,3
48,10,1
237,6,1
13,19,1
288,7,2
78,16,2
8,18,3
73,11,3
190,14,3
53,9,1
20,17,2
19,1,0
72,1,1
17,3,1
8,10,0
179,18,0
242,14,3
243,11,3
142,10,2
264,18,3
17,14,3
298,12,3
31,20,3
274,6,3
210,10,2
219,7,0
115,14,0
147,8,2
77,5,2
287,4,0
171,4,3
255,8,2
216,10,0
162,3,3
9,19,1
282,2,1
174,15,1
256,20,2
4,7,0
205,12,2
287,12,0
165,15,2
84,2,2
156,8,0
72,16,3
48,16,3
22,8,3
194,15,1
112,7,2
161,23,3
235,3,0
52,23,3
125,16,0
184,9,3
43,2,2
183,7,3
264,3,3
213,13,2
91,11,0
102,5,3
174,10,1
97,6,1
233,9,3
43,16,3
258,0,1
81,7,2
274,11,2
93,9,2
195,4,2
246,8,0
201,18,0
293,2,2
172,10,0
124,3,0
102,3,3
114,6,0
121,15,2
