6,9,2
10,2,1
5,7,3
16,4,2
24,8,1
31,9,0
26,17,3
2,12,1
49,12,0
1,0,1
17,13,1
11,8,0
26,5,2
14,3,3
9,16,2
46,12,2
25,7,3
33,19,0
44,17,2
28,14,2
47,6,0
30,2,2
8,9,2
35,9,1
29,9,1
9,17,1
2,10,0
44,1,1
4,16,0
2,0,2
14,15,3
35,6,0
35,19,0
22,16,2
19,8,2
45,13,0
24,4,2
4,2,2
1,19,0
1,7,0
19,2,0
32,4,0
1,13,2
13,17,0
0,1,1
18,9,0
34,8,1
3,6,1
9,7,3
28,19,2
7,14,1
16,18,1
28,11,2
17,12,1
13,8,1
0,13,2
15,13,0
39,10,0
22,11,2
0,6,1
24,0,0
17,18,0
22,19,1
8,13,1
28,5,0
34,1,2
21,15,0
41,13,1
30,5,2
1,4,0
46,8,1
2,11,0
32,15,0
18,2,3
38,3,2
1,8,1
9,1,0
23,2,3
38,18,3
1,2,2
7,6,0
13,19,1
37,17,1
39,14,3
1,15,1
26,11,2
17,1,0
3,19,1
9,0,0
4,14,3
24,16,3
42,6,1
0,18,3
5,5,3
9,10,2
8,19,1
43,19,2
18,4,1
20,17,1
18,10,2
