0,0,3
145,9,2
235,14,3
282,5,2
202,14,2
46,8,2
267,14,2
43,8,2
38,5,0
158,2,2
26,11,0
248,18,1
219,16,3
46,21,1
37,14,0
61,13,2
288,0,3
187,12,2
144,11,1
192,14,0
167,17,3
188,21,3
218,7,0
18,3,1
134,20,2
103,10,0
76,10,0
118,8,3
13,13,3
255,6,2
227,3,2
60,9,0
200,9,1
31,14,2
2,17,0
33,7,1
96,5,3
155,7,2
142,3,0
73,2,3
60,5,1
191,2,3
239,5,3
199,11,1
145,3,2
53,17,1
162,8,1
187,0,1
171,19,3
28,18,3
146,15,3
36,3,1
152,18,0
114,16,0
249,1,3
283,15,1
205,5,1
0,9,3
211,0,0
86,13,3
170,17,2
89,14,2
177,4,0
213,7,3
177,11,3
175,2,1
249,0,1
137,4,0
241,20,0
279,7,3
142,17,2
64,15,3
290,7,3
7,8,1
85,5,0
241,7,1
48,14,0
110,16,0
238,0,2
115,0,0
124,2,0
179,15,2
23,9,3
182,10,2
148,10,1
196,2,0
149,0,0
292,11,2
264,4,3
102,15,1
212,19,1
99,6,2
22,7,1
254,17,2
125,7,2
262,3,1
284,10,2
84,17,1
128,16,0
126,17,0
