4,18,3
10,4,1
43,19,3
36,1,0
3,13,3
30,13,3
0,9,1
36,4,0
21,3,0
0,6,2
7,5,0
6,10,1
33,3,2
3,7,2
8,19,2
7,13,0
10,7,0
43,15,0
45,14,3
43,16,3
40,5,2
29,15,0
28,12,3
17,19,2
19,11,2
14,16,2
47,18,0
31,3,1
8,2,3
46,4,2
7,11,3
11,16,1
0,14,1
27,11,2
5,11,1
26,3,3
28,9,1
0,4,0
15,13,1
21,18,2
44,3,3
24,6,3
12,8,2
34,12,0
27,3,3
2,3,2
25,17,3
10,2,0
15,7,0
17,5,1
19,5,1
48,10,1
8,8,2
32,11,0
29,11,1
20,10,2
8,14,1
40,11,0
16,0,3
41,9,2
3,6,3
0,18,2
18,6,0
31,19,0
27,4,2
33,5,1
39,16,0
12,10,1
43,11,1
21,0,3
3,16,1
13,16,3
23,5,3
34,16,1
38,13,3
9,0,0
16,11,0
40,10,3
21,13,1
7,3,3
33,16,1
5,5,3
32,18,3
23,13,0
8,4,3
12,17,2
1,17,1
1,0,3
16,5,3
36,6,3
3,0,0
9,10,0
2,15,1
6,17,3
14,5,0
2,5,2
36,12,1
43,4,1
18,9,3
48,3,0
