12,2,1
86,22,2
56,15,0
86,29,0
93,11,1
0,14,3
28,22,3
28,25,3
103,28,1
37,9,1
111,0,1
41,14,3
67,15,2
23,13,3
99,10,2
85,13,2
103,5,3
96,5,0
26,3,2
47,9,0
51,28,0
100,12,1
86,15,3
74,1,2
27,18,1
87,28,1
38,8,1
33,11,2
67,23,2
96,26,3
74,24,2
69,9,2
52,3,2
63,12,2
108,0,3
0,10,3
42,0,0
1,14,3
12,20,0
85,0,0
22,26,3
21,5,0
57,28,3
5,29,0
7,0,1
86,5,2
104,27,2
109,27,0
11,28,3
59,21,0
19,27,3
53,26,3
108,21,3
5,20,2
101,2,1
0,15,3
63,27,3
88,23,1
73,20,2
13,4,2
28,3,2
11,14,3
73,26,1
11,29,0
1,19,0
96,6,3
33,16,1
0,28,2
65,10,0
95,20,2
84,11,0
87,6,2
52,29,0
17,15,2
34,24,3
70,2,3
33,21,2
84,5,2
78,21,1
80,17,0
11,18,2
98,7,0
14,11,0
46,2,3
88,12,3
42,18,1
55,18,0
53,22,1
65,26,2
31,11,1
77,27,1
78,1,1
17,26,3
64,2,1
88,13,0
10,25,1
70,15,3
10,0,1
2,5,0
49,13,3
