138,27,3
15,28,2
130,25,0
2,15,2
103,4,2
141,18,1
156,25,3
116,22,1
143,3,3
148,9,1
40,17,0
69,25,0
116,20,1
81,25,3
33,3,2
125,10,2
114,8,1
51,8,0
141,5,1
25,14,0
21,9,3
78,1,1
9,27,2
8,21,1
23,6,0
20,15,2
108,27,3
95,19,0
112,6,3
10,19,2
83,17,0
84,15,3
149,20,2
0,22,2
101,16,3
131,8,0
82,25,1
64,21,2
27,29,2
1,4,2
55,14,2
50,17,1
49,22,2
28,19,2
59,3,2
100,6,2
121,0,0
13,14,1
26,8,1
15,15,2
16,13,1
129,18,0
187,6,0
1,27,1
18,25,0
30,23,0
134,26,3
37,22,3
152,23,1
47,12,3
167,15,3
7,3,0
49,20,3
81,8,2
81,20,0
24,6,3
186,9,1
89,2,0
102,8,3
9,12,0
93,13,2
151,13,1
152,5,2
41,24,1
21,22,1
65,3,0
131,19,2
52,19,0
73,16,0
48,5,1
14,1,0
62,6,3
30,5,0
40,6,2
79,23,3
45,10,0
69,1,1
147,16,3
98,2,1
115,21,1
116,4,1
21,2,0
5,10,0
8,2,0
108,24,2
22,14,3
14,2,0
57,27,3
82,23,3
147,29,0
