267,8,3
170,17,1
164,19,1
3,1,2
57,10,3
71,11,1
243,21,1
141,3,3
30,5,0
342,8,3
154,5,2
23,7,3
9,8,3
78,14,1
92,16,3
55,7,0
45,5,0
250,13,2
222,13,3
321,2,3
255,15,3
31,4,1
39,7,0
277,14,0
19,1,0
216,6,3
255,1,1
34,7,3
32,17,2
23,1,1
43,10,2
111,23,2
217,18,0
1,4,3
10,16,2
120,5,0
55,15,3
106,18,0
211,11,1
17,9,1
55,8,1
234,13,0
76,6,0
1,19,3
18,1,1
25,9,2
87,16,2
61,7,2
101,3,1
58,4,3
11,2,1
0,18,2
11,6,0
18,15,1
198,22,0
111,13,1
115,6,1
47,0,1
96,7,2
26,2,3
292,20,1
45,12,3
144,1,1
125,12,3
189,4,2
78,7,0
245,4,2
99,9,2
138,20,2
22,15,3
198,4,2
123,14,3
324,12,2
59,14,1
305,5,3
183,9,1
6,9,0
172,1,2
16,20,1
102,1,1
206,7,0
2,23,2
78,16,1
13,7,1
303,17,1
52,4,1
311,13,2
364,17,1
129,8,2
210,13,1
170,3,2
73,11,3
191,15,3
53,7,0
349,19,2
67,2,2
161,18,1
153,6,0
89,10,3
1,11,0
