62,5,3
17,29,1
113,10,1
23,24,0
44,8,3
78,18,1
44,15,3
81,9,2
137,26,2
69,25,1
117,15,1
55,17,2
117,23,1
152,9,1
167,20,0
132,14,0
56,11,2
151,4,3
52,14,1
102,22,1
45,21,1
10,18,0
12,6,1
4,18,3
6,11,2
21,28,1
80,12,2
62,6,2
0,8,1
42,5,3
86,26,3
135,5,1
84,11,0
150,20,0
20,16,0
52,29,0
21,8,3
17,17,0
89,26,3
194,14,0
26,15,2
169,26,1
25,10,3
185,7,1
76,1,1
97,16,2
64,3,1
40,29,3
29,13,2
50,12,0
121,2,2
12,18,0
39,16,1
115,9,2
32,4,2
6,29,1
91,18,3
7,10,0
2,5,0
104,5,1
140,15,0
47,1,0
39,5,2
126,3,3
96,4,3
158,17,2
96,28,0
48,5,1
84,18,3
30,17,0
10,4,0
112,0,1
134,16,2
170,20,3
132,2,3
163,3,3
45,11,3
103,1,3
143,7,0
93,10,3
187,0,0
90,6,3
73,14,3
131,23,3
185,13,0
9,29,0
62,16,1
68,23,0
20,2,2
8,7,0
30,2,1
41,9,2
11,28,2
35,22,1
71,9,3
43,13,2
2,24,1
34,27,3
24,19,0
33,22,2
