125,18,1
94,2,2
91,8,1
0,27,1
48,3,2
3,5,2
0,22,1
71,27,2
13,13,2
71,6,3
19,24,3
5,24,1
19,3,3
51,19,2
56,17,0
66,17,1
45,23,1
37,15,3
103,22,0
28,24,0
56,3,0
9,0,1
53,5,2
9,22,2
26,0,2
8,15,2
40,19,1
131,9,0
18,28,2
49,29,3
35,23,1
5,20,2
123,25,3
11,26,0
57,1,3
44,23,1
121,15,2
86,17,1
44,18,1
17,6,2
44,29,3
79,24,1
1,15,2
91,17,2
105,14,1
91,10,2
30,14,0
0,19,3
8,22,0
25,29,0
76,27,3
16,4,3
67,17,3
5,10,2
59,27,0
6,20,0
6,25,1
70,5,2
10,24,2
25,23,0
118,29,1
29,4,3
0,7,2
42,16,1
65,27,1
48,27,0
20,15,2
0,9,1
43,15,1
102,7,2
10,10,3
53,11,1
69,0,2
51,0,1
108,13,2
36,1,0
0,0,2
11,17,0
42,3,2
66,4,0
132,15,3
90,15,3
5,9,1
90,6,2
95,15,1
10,7,2
38,18,3
14,7,0
63,27,2
37,24,2
20,25,2
12,29,2
86,24,1
33,9,0
58,28,2
131,20,1
128,19,3
89,19,0
112,26,0
22,7,0
