61,11,2
43,6,2
109,13,0
105,6,1
72,0,3
189,6,0
42,9,3
61,20,2
4,23,1
167,17,1
170,14,2
175,4,1
24,19,0
71,13,2
74,13,2
16,1,2
51,0,0
31,16,0
164,14,0
43,19,2
132,5,2
147,10,1
104,1,1
82,11,1
13,1,2
23,13,0
253,13,0
16,9,1
224,2,0
114,11,3
27,4,3
241,4,1
206,20,3
11,0,1
53,8,2
90,4,2
17,7,1
95,22,0
167,0,0
186,15,3
18,13,3
54,8,0
22,1,1
22,16,3
195,4,0
19,17,0
50,17,1
223,15,3
79,2,1
5,1,2
64,15,0
214,10,1
32,1,1
127,8,2
154,8,0
33,0,0
193,14,2
55,13,3
194,15,2
13,3,1
141,12,0
159,9,2
126,10,1
10,21,1
59,2,0
168,22,1
49,1,1
191,3,0
45,17,1
132,15,0
33,12,3
2,9,3
137,14,1
98,16,0
108,9,3
5,21,2
11,14,2
36,7,3
87,21,1
172,19,2
109,22,2
243,14,1
181,4,3
40,14,2
89,13,3
67,14,2
140,4,2
243,11,3
103,14,1
21,13,2
72,4,1
175,13,3
212,8,3
167,9,3
117,4,1
123,6,1
224,23,1
193,11,2
1,15,3
85,2,3
