61,6,0
46,2,3
15,16,0
0,3,1
239,1,2
102,9,0
208,15,2
99,14,0
20,22,1
289,6,3
82,11,3
236,17,2
188,13,0
218,16,2
68,18,3
312,2,1
14,2,0
27,9,2
199,14,1
145,18,2
150,11,0
105,11,3
13,15,3
70,8,3
8,8,0
14,13,0
205,7,3
112,13,3
83,14,3
154,13,1
60,8,3
28,6,3
49,14,1
47,12,0
34,11,0
67,17,1
208,10,3
161,3,2
81,5,2
227,7,2
83,11,1
138,2,2
2,3,2
19,5,0
54,4,0
1,8,2
33,4,1
256,8,1
148,6,3
106,15,0
100,0,3
219,2,1
70,11,2
184,11,2
31,2,2
14,9,2
99,13,2
9,10,0
124,7,1
188,3,1
55,5,3
130,10,2
53,7,0
66,0,3
88,10,0
17,23,1
351,6,1
54,13,1
32,9,0
85,14,2
91,11,3
126,9,0
59,19,3
85,9,3
202,21,1
160,13,1
29,12,1
0,9,2
43,24,1
16,11,1
229,24,3
230,6,0
146,5,0
178,10,2
240,13,2
10,13,1
154,12,1
136,16,2
20,13,2
11,16,0
237,12,0
41,10,2
116,1,1
168,4,2
130,16,3
136,4,0
123,14,0
109,16,2
181,13,2
62,0,3
