78,13,1
171,7,3
191,13,0
102,28,2
94,22,3
27,15,3
123,28,2
61,20,3
19,16,2
84,3,3
149,24,0
98,20,3
152,9,2
180,5,2
168,9,2
70,14,1
46,6,1
2,18,0
87,5,2
233,19,2
236,27,0
0,3,1
43,14,3
109,21,1
143,26,1
24,13,0
228,13,0
49,5,2
194,24,2
74,7,0
42,14,3
195,28,2
25,6,0
56,14,1
19,23,0
120,17,2
129,16,0
87,29,0
6,4,0
48,4,2
28,14,0
65,26,0
38,14,0
62,23,0
152,23,2
101,18,3
73,20,1
154,2,2
181,18,2
8,12,0
36,3,1
78,16,1
23,18,1
32,28,1
56,27,3
125,9,2
239,7,2
53,27,0
62,0,3
18,24,1
71,2,2
131,9,1
44,6,0
47,3,3
46,18,3
93,14,1
48,14,1
132,5,0
107,17,1
147,20,0
65,9,0
24,25,2
109,1,1
55,16,1
53,8,1
23,11,0
37,4,0
189,17,0
5,16,0
120,6,3
70,29,3
138,10,2
17,14,2
99,26,2
90,25,2
32,20,2
187,26,0
102,1,3
1,20,1
75,28,3
37,23,0
93,4,2
18,28,3
220,10,1
112,7,0
26,23,3
134,13,2
40,8,0
159,27,1
3,12,1
