6,26,1
46,9,1
189,5,3
63,12,3
68,20,2
104,21,0
2,1,0
74,4,0
59,29,1
151,29,2
1,10,2
76,17,3
45,7,2
0,18,1
34,19,0
88,21,3
20,13,0
38,10,2
110,13,2
97,8,3
94,5,0
141,14,3
1,23,3
88,13,0
72,10,3
9,24,3
161,16,3
23,21,2
86,0,0
31,4,0
135,11,0
124,1,0
20,24,3
189,0,2
38,22,1
137,3,3
52,19,2
134,16,3
131,21,0
55,13,1
91,29,2
101,29,1
35,3,2
95,6,2
15,18,2
50,12,0
168,22,1
150,6,2
11,2,0
154,29,0
183,5,2
76,27,3
202,14,0
22,25,3
26,27,3
36,24,0
7,10,3
40,29,3
74,26,3
144,19,3
174,3,2
137,21,0
160,29,3
32,9,1
190,6,3
51,1,3
124,15,1
25,7,0
61,22,1
17,8,0
84,18,1
106,19,1
61,1,2
30,19,2
124,22,3
4,27,1
0,13,2
143,19,2
47,17,0
29,22,3
12,15,2
36,13,2
111,9,0
112,28,2
19,23,3
125,17,3
124,14,3
29,17,2
71,18,2
12,1,3
8,0,1
130,17,1
173,11,3
45,20,3
51,27,1
16,20,0
76,21,0
39,25,2
100,9,3
20,0,2
