135,27,0
538,23,2
731,21,1
597,18,3
152,4,0
352,11,1
564,3,1
664,30,3
739,32,1
418,8,2
282,11,1
200,21,0
738,24,2
489,14,1
82,7,2
640,27,2
232,15,1
411,3,0
9,36,3
63,11,3
243,5,2
589,20,1
223,22,2
759,8,1
451,3,3
404,26,3
40,34,0
132,16,3
238,21,2
342,6,1
744,20,2
19,37,2
238,19,1
122,20,1
349,33,1
484,23,1
446,26,2
359,17,1
565,28,2
683,31,2
234,6,1
717,34,0
376,19,2
153,11,3
257,3,1
651,7,1
95,8,1
13,28,3
601,12,3
219,31,0
230,12,2
503,14,3
668,12,3
340,0,2
62,10,0
493,2,3
710,18,2
438,10,0
53,23,3
219,8,0
37,9,3
143,15,3
746,21,2
303,31,1
119,4,3
532,32,1
287,26,1
540,18,0
560,20,1
323,25,3
63,3,2
360,16,2
327,18,0
379,28,2
481,21,0
377,10,0
176,21,1
271,29,1
214,31,1
209,17,3
535,35,3
757,14,1
352,32,0
640,28,2
116,11,1
389,5,1
165,9,1
416,29,1
539,17,1
89,11,1
547,14,1
671,5,1
466,42,2
444,15,0
299,16,1
648,20,2
326,24,1
594,28,2
629,9,2
633,9,1
