136,26,1
560,3,2
461,40,0
410,18,3
366,25,1
487,0,0
634,26,1
575,18,0
320,16,2
54,24,3
9,22,1
698,20,2
297,1,3
685,30,2
126,25,2
283,28,3
244,14,2
84,0,3
203,29,1
279,23,2
159,11,3
610,13,2
462,3,2
132,19,0
279,32,1
494,15,1
520,19,3
490,23,2
343,18,3
405,11,3
67,33,3
617,33,1
298,5,2
580,11,2
394,30,1
433,27,1
546,39,2
433,17,0
323,12,2
569,17,2
785,21,0
10,3,3
85,13,2
598,6,3
518,5,0
80,28,2
492,9,3
178,20,0
39,29,2
597,11,2
217,29,1
86,5,0
199,24,3
100,28,2
174,29,1
147,9,0
537,9,3
686,5,1
160,1,1
663,7,2
344,7,3
433,22,3
507,29,1
662,23,0
299,6,3
41,34,1
383,4,2
538,12,2
615,19,0
391,22,0
35,7,2
500,25,0
214,19,0
737,3,2
426,12,2
263,10,1
571,2,1
614,1,3
394,22,3
667,13,2
504,25,0
134,4,1
548,2,3
566,29,3
655,9,3
677,12,3
139,27,1
526,26,2
699,28,2
537,21,1
175,3,1
280,15,2
649,16,3
343,1,0
522,10,1
157,28,3
239,30,2
750,32,3
751,13,0
501,29,0
