590,8,1
618,4,2
295,7,2
119,16,0
475,21,2
396,6,0
684,29,1
166,12,3
577,26,1
416,18,1
584,16,2
55,24,0
204,14,2
278,32,1
587,21,2
246,22,3
239,24,0
118,29,0
217,20,3
631,26,3
753,26,0
15,4,1
285,15,0
26,25,0
95,26,2
694,32,2
747,26,1
342,7,2
305,21,0
40,13,2
389,5,2
205,18,0
180,24,1
25,20,2
365,6,0
584,31,1
371,28,1
599,20,1
143,16,1
389,26,2
84,13,2
673,15,2
304,31,3
447,20,1
88,14,0
189,22,2
553,28,0
184,12,1
591,25,2
376,29,3
299,36,0
40,2,1
168,27,3
91,12,1
645,23,0
136,3,3
750,9,1
749,28,3
635,25,1
703,29,0
319,26,2
45,23,3
226,13,0
386,9,0
23,3,0
665,38,1
381,18,1
163,15,1
217,36,2
488,28,3
600,31,1
64,14,2
661,16,0
74,10,3
736,26,0
154,2,0
733,20,3
542,26,1
629,26,3
192,13,0
706,23,3
661,27,3
652,0,3
383,35,1
375,17,1
359,23,1
665,8,0
273,14,3
542,21,3
592,0,2
191,29,0
403,2,2
545,18,3
337,7,0
232,9,2
265,3,1
642,4,0
606,18,2
709,22,2
740,13,1
