26,6,2
43,14,2
43,15,1
1,1,0
44,5,0
9,15,1
13,6,1
14,2,0
17,11,2
24,3,0
4,7,3
2,16,3
20,15,1
14,7,0
19,18,1
13,15,1
16,9,2
25,13,1
22,6,0
33,5,1
20,14,2
23,18,2
40,1,3
11,16,0
26,12,1
2,2,3
19,15,1
32,9,3
11,17,0
7,3,0
21,5,0
23,11,3
1,17,0
27,6,2
0,14,1
12,6,3
39,14,0
31,2,2
36,3,2
17,18,2
35,14,1
23,12,0
34,10,3
6,4,1
10,18,2
39,8,0
35,6,1
6,15,1
38,6,0
3,15,1
9,14,3
39,18,0
11,2,3
12,7,3
1,6,3
31,7,3
41,13,0
42,3,0
19,0,0
12,3,1
10,14,2
8,12,0
4,0,1
26,5,3
0,19,0
14,3,1
27,4,0
16,17,1
36,0,1
20,10,0
14,1,2
40,19,0
37,3,1
36,13,3
33,16,0
35,16,1
11,3,3
21,13,0
29,11,2
8,10,2
8,2,3
39,6,0
18,9,2
28,9,1
5,10,0
37,15,3
34,9,1
1,3,2
42,10,3
40,13,1
28,1,0
8,17,3
28,4,3
22,9,3
22,2,2
4,14,0
27,8,3
1,13,3
6,5,3
17,13,0
