90,19,0
88,21,1
100,13,0
45,11,0
23,1,3
92,18,0
91,28,3
71,7,2
50,29,1
18,2,3
68,9,0
11,1,1
104,20,2
54,25,2
5,23,0
17,27,0
62,19,2
20,18,2
19,9,2
99,19,2
77,4,1
80,18,3
1,19,3
27,3,1
48,6,1
24,13,1
64,13,0
51,8,0
46,5,2
51,15,2
2,15,1
37,18,1
33,19,1
89,11,0
57,0,3
25,24,2
47,27,2
24,14,2
33,21,1
82,1,1
83,20,0
97,23,1
90,6,3
75,1,1
89,13,0
33,5,0
7,17,1
109,21,0
92,25,2
87,15,2
74,7,3
5,5,1
74,27,2
81,1,3
2,0,2
109,7,1
38,0,1
15,20,0
108,5,0
83,12,2
73,15,2
91,8,3
108,8,1
2,13,0
13,10,2
0,13,0
36,9,3
106,27,2
74,14,3
25,21,2
54,2,3
112,7,3
11,18,1
35,27,3
61,0,0
85,0,1
109,10,0
0,26,0
48,11,3
56,13,0
38,16,2
71,29,3
20,4,0
35,12,1
21,3,0
42,11,2
99,6,0
35,14,3
76,25,0
53,7,0
12,6,0
94,27,0
107,26,2
0,15,1
102,18,0
29,0,0
82,10,1
96,20,3
87,21,2
48,21,2
