-273.0
-285.0
-265.0
-294.0
-292.0
-284.0
-261.0
-268.0
-268.0
-260.0
-270.0
-279.0
-258.0
-267.0
-269.0
-278.0
-263.0
-285.0
-267.0
-259.0
-264.0
-309.0
-273.0
-291.0
-253.0
-291.0
-270.0
-265.0
-261.0
-312.0
-285.0
-265.0
-294.0
-292.0
-284.0
-261.0
-268.0
-268.0
-260.0
-270.0
-279.0
-258.0
-267.0
-269.0
-278.0
-263.0
-285.0
-267.0
-259.0
-264.0
-309.0
-273.0
-291.0
-253.0
-291.0
-270.0
-265.0
-261.0
-312.0
-312.0
-265.0
-294.0
-292.0
-284.0
-261.0
-268.0
-268.0
-260.0
-270.0
-279.0
-258.0
-267.0
-269.0
-278.0
-263.0
-285.0
-267.0
-259.0
-264.0
-309.0
-273.0
-291.0
-253.0
-291.0
-270.0
-265.0
-261.0
-312.0
-312.0
-293.0
-294.0
-292.0
-284.0
-261.0
-268.0
-268.0
-260.0
-270.0
-279.0
-258.0
-267.0
-269.0
-278.0
-263.0
-285.0
-267.0
-259.0
-264.0
-309.0
-273.0
-291.0
-253.0
-291.0
-270.0
-265.0
-261.0
-312.0
-312.0
-293.0
-288.0
-292.0
-284.0
-261.0
-268.0
-268.0
-260.0
-270.0
-279.0
-258.0
-267.0
-269.0
-278.0
-263.0
-285.0
-267.0
-259.0
-264.0
-309.0
-273.0
-291.0
-253.0
-291.0
-270.0
-265.0
-261.0
-312.0
-312.0
-293.0
-288.0
-283.0
-284.0
-261.0
-268.0
-268.0
-260.0
-270.0
-279.0
-258.0
-267.0
-269.0
-278.0
-263.0
-285.0
-267.0
-259.0
-264.0
-309.0
-273.0
-291.0
-253.0
-291.0
-270.0
-265.0
-261.0
-312.0
-312.0
-293.0
-288.0
-283.0
-291.0
-261.0
-268.0
-268.0
-260.0
-270.0
-279.0
-258.0
-267.0
-269.0
-278.0
-263.0
-285.0
-267.0
-259.0
-264.0
-309.0
-273.0
-291.0
-253.0
-291.0
-270.0
-265.0
-261.0
-312.0
-312.0
-293.0
-288.0
-283.0
-291.0
-264.0
-268.0
-268.0
-260.0
-270.0
-279.0
-258.0
-267.0
-269.0
-278.0
-263.0
-285.0
-267.0
-259.0
-264.0
-309.0
-273.0
-291.0
-253.0
-291.0
-270.0
-265.0
-261.0
-312.0
-312.0
-293.0
-288.0
-283.0
-291.0
-264.0
-273.0
-268.0
-260.0
-270.0
-279.0
-258.0
-267.0
-269.0
-278.0
-263.0
-285.0
-267.0
-259.0
-264.0
-309.0
-273.0
-291.0
-253.0
-291.0
-270.0
-265.0
-261.0
-312.0
-312.0
-293.0
-288.0
-283.0
-291.0
-264.0
-273.0
-262.0
-260.0
-270.0
-279.0
-258.0
-267.0
-269.0
-278.0
-263.0
-285.0
-267.0
-259.0
-264.0
-309.0
-273.0
-291.0
-253.0
-291.0
-270.0
-265.0
-261.0
-312.0
-312.0
-293.0
-288.0
-283.0
-291.0
-264.0
-273.0
-262.0
-273.0
-270.0
-279.0
-258.0
-267.0
-269.0
-278.0
-263.0
-285.0
-267.0
-259.0
-264.0
-309.0
-273.0
-291.0
-253.0
-291.0
-270.0
-265.0
-261.0
-312.0
-312.0
-293.0
-288.0
-283.0
-291.0
-264.0
-273.0
-262.0
-273.0
-296.0
-279.0
-258.0
-267.0
-269.0
-278.0
-263.0
-285.0
-267.0
-259.0
-264.0
-309.0
-273.0
-291.0
-253.0
-291.0
-270.0
-265.0
-261.0
-312.0
-312.0
-293.0
-288.0
-283.0
-291.0
-264.0
-273.0
-262.0
-273.0
-296.0
-296.0
-258.0
-267.0
-269.0
-278.0
-263.0
-285.0
-267.0
-259.0
-264.0
-309.0
-273.0
-291.0
-253.0
-291.0
-270.0
-265.0
-261.0
-312.0
-312.0
-293.0
-288.0
-283.0
-291.0
-264.0
-273.0
-262.0
-273.0
-296.0
-296.0
-291.0
-267.0
-269.0
-278.0
-263.0
-285.0
-267.0
-259.0
-264.0
-309.0
-273.0
-291.0
-253.0
-291.0
-270.0
-265.0
-261.0
-312.0
-312.0
-293.0
-288.0
-283.0
-291.0
-264.0
-273.0
-262.0
-273.0
-296.0
-296.0
-291.0
-273.0
-269.0
-278.0
-263.0
-285.0
-267.0
-259.0
-264.0
-309.0
-273.0
-291.0
-253.0
-291.0
-270.0
-265.0
-261.0
-312.0
-312.0
-293.0
-288.0
-283.0
-291.0
-264.0
-273.0
-262.0
-273.0
-296.0
-296.0
-291.0
-273.0
-255.0
-278.0
-263.0
-285.0
-267.0
-259.0
-264.0
-309.0
-273.0
-291.0
-253.0
-291.0
-270.0
-265.0
-261.0
-312.0
-312.0
-293.0
-288.0
-283.0
-291.0
-264.0
-273.0
-262.0
-273.0
-296.0
-296.0
-291.0
-273.0
-255.0
-280.0
-365.0
-382.0
-369.0
-525.0
-406.0
-492.0
-616.0
-423.0
-466.0
-413.0
-465.0
-401.0
-376.0
-363.0
-525.0
-392.0
-450.0
-418.0
-416.0
-401.0
-483.0
-396.0
-354.0
-440.0
-347.0
-435.0
-479.0
-482.0
-432.0
-416.0
-382.0
-369.0
-525.0
-406.0
-492.0
-616.0
-423.0
-466.0
-413.0
-465.0
-401.0
-376.0
-363.0
-525.0
-392.0
-450.0
-418.0
-416.0
-401.0
-483.0
-396.0
-354.0
-440.0
-347.0
-435.0
-479.0
-482.0
-432.0
-416.0
-429.0
-369.0
-525.0
-406.0
-492.0
-616.0
-423.0
-466.0
-413.0
-465.0
-401.0
-376.0
-363.0
-525.0
-392.0
-450.0
-418.0
-416.0
-401.0
-483.0
-396.0
-354.0
-440.0
-347.0
-435.0
-479.0
-482.0
-432.0
-416.0
-429.0
-409.0
-525.0
-406.0
-492.0
-616.0
-423.0
-466.0
-413.0
-465.0
-401.0
-376.0
-363.0
-525.0
-392.0
-450.0
-418.0
-416.0
-401.0
-483.0
-396.0
-354.0
-440.0
-347.0
-435.0
-479.0
-482.0
-432.0
-416.0
-429.0
-409.0
-371.0
-406.0
-492.0
-616.0
-423.0
-466.0
-413.0
-465.0
-401.0
-376.0
-363.0
-525.0
-392.0
-450.0
-418.0
-416.0
-401.0
-483.0
-396.0
-354.0
-440.0
-347.0
-435.0
-479.0
-482.0
-432.0
-416.0
-429.0
-409.0
-371.0
-429.0
-492.0
-616.0
-423.0
-466.0
-413.0
-465.0
-401.0
-376.0
-363.0
-525.0
-392.0
-450.0
-418.0
-416.0
-401.0
-483.0
-396.0
-354.0
-440.0
-347.0
-435.0
-479.0
-482.0
-432.0
-416.0
-429.0
-409.0
-371.0
-429.0
-447.0
-616.0
-423.0
-466.0
-413.0
-465.0
-401.0
-376.0
-363.0
-525.0
-392.0
-450.0
-418.0
-416.0
-401.0
-483.0
-396.0
-354.0
-440.0
-347.0
-435.0
-479.0
-482.0
-432.0
-416.0
-429.0
-409.0
-371.0
-429.0
-447.0
-435.0
-423.0
-466.0
-413.0
-465.0
-401.0
-376.0
-363.0
-525.0
-392.0
-450.0
-418.0
-416.0
-401.0
-483.0
-396.0
-354.0
-440.0
-347.0
-435.0
-479.0
-482.0
-432.0
-416.0
-429.0
-409.0
-371.0
-429.0
-447.0
-435.0
-388.0
-466.0
-413.0
-465.0
-401.0
-376.0
-363.0
-525.0
-392.0
-450.0
-418.0
-416.0
-401.0
-483.0
-396.0
-354.0
-440.0
-347.0
-435.0
-479.0
-482.0
-432.0
-416.0
-429.0
-409.0
-371.0
-429.0
-447.0
-435.0
-388.0
-438.0
-413.0
-465.0
-401.0
-376.0
-363.0
-525.0
-392.0
-450.0
-418.0
-416.0
-401.0
-483.0
-396.0
-354.0
-440.0
-347.0
-435.0
-479.0
-482.0
-432.0
-416.0
-429.0
-409.0
-371.0
-429.0
-447.0
-435.0
-388.0
-438.0
-490.0
-465.0
-401.0
-376.0
-363.0
-525.0
-392.0
-450.0
-418.0
-416.0
-401.0
-483.0
-396.0
-354.0
-440.0
-347.0
-435.0
-479.0
-482.0
-432.0
-416.0
-429.0
-409.0
-371.0
-429.0
-447.0
-435.0
-388.0
-438.0
-490.0
-423.0
-401.0
-376.0
-363.0
-525.0
-392.0
-450.0
-418.0
-416.0
-401.0
-483.0
-396.0
-354.0
-440.0
-347.0
-435.0
-479.0
-482.0
-432.0
-416.0
-429.0
-409.0
-371.0
-429.0
-447.0
-435.0
-388.0
-438.0
-490.0
-423.0
-408.0
-376.0
-363.0
-525.0
-392.0
-450.0
-418.0
-416.0
-401.0
-483.0
-396.0
-354.0
-440.0
-347.0
-435.0
-479.0
-482.0
-432.0
-416.0
-429.0
-409.0
-371.0
-429.0
-447.0
-435.0
-388.0
-438.0
-490.0
-423.0
-408.0
-525.0
-363.0
-525.0
-392.0
-450.0
-418.0
-416.0
-401.0
-483.0
-396.0
-354.0
-440.0
-347.0
-435.0
-479.0
-482.0
-432.0
-416.0
-429.0
-409.0
-371.0
-429.0
-447.0
-435.0
-388.0
-438.0
-490.0
-423.0
-408.0
-525.0
-443.0
-525.0
-392.0
-450.0
-418.0
-416.0
-401.0
-483.0
-396.0
-354.0
-440.0
-347.0
-435.0
-479.0
-482.0
-432.0
-416.0
-429.0
-409.0
-371.0
-429.0
-447.0
-435.0
-388.0
-438.0
-490.0
-423.0
-408.0
-525.0
-443.0
-395.0
-392.0
-450.0
-418.0
-416.0
-401.0
-483.0
-396.0
-354.0
-440.0
-347.0
-435.0
-479.0
-482.0
-432.0
-416.0
-429.0
-409.0
-371.0
-429.0
-447.0
-435.0
-388.0
-438.0
-490.0
-423.0
-408.0
-525.0
-443.0
-395.0
-496.0
-829.0
-827.0
-831.0
-823.0
-839.0
-827.0
-831.0
-826.0
-833.0
-834.0
-824.0
-833.0
-841.0
-832.0
-834.0
-833.0
-832.0
-839.0
-828.0
-834.0
-834.0
-829.0
-837.0
-825.0
-836.0
-836.0
-832.0
-832.0
-832.0
-829.0
-827.0
-831.0
-823.0
-839.0
-827.0
-831.0
-826.0
-833.0
-834.0
-824.0
-833.0
-841.0
-832.0
-834.0
-833.0
-832.0
-839.0
-828.0
-834.0
-834.0
-829.0
-837.0
-825.0
-836.0
-836.0
-832.0
-832.0
-832.0
-829.0
-833.0
-831.0
-823.0
-839.0
-827.0
-831.0
-826.0
-833.0
-834.0
-824.0
-833.0
-841.0
-832.0
-834.0
-833.0
-832.0
-839.0
-828.0
-834.0
-834.0
-829.0
-837.0
-825.0
-836.0
-836.0
-832.0
-832.0
-832.0
-829.0
-833.0
-837.0
-823.0
-839.0
-827.0
-831.0
-826.0
-833.0
-834.0
-824.0
-833.0
-841.0
-832.0
-834.0
-833.0
-832.0
-839.0
-828.0
-834.0
-834.0
-829.0
-837.0
-825.0
-836.0
-836.0
-832.0
-832.0
-832.0
-829.0
-833.0
-837.0
-828.0
-833.0
-834.0
-824.0
-833.0
-841.0
-832.0
-834.0
-833.0
-832.0
-839.0
-828.0
-834.0
-834.0
-829.0
-837.0
-825.0
-836.0
-836.0
-832.0
-832.0
-832.0
-829.0
-833.0
-837.0
-828.0
-821.0
-829.0
-829.0
-838.0
-831.0
-834.0
-824.0
-833.0
-841.0
-832.0
-834.0
-833.0
-832.0
-839.0
-828.0
-834.0
-834.0
-829.0
-837.0
-825.0
-836.0
-836.0
-832.0
-832.0
-832.0
-829.0
-833.0
-837.0
-828.0
-821.0
-829.0
-829.0
-838.0
-831.0
-833.0
-824.0
-833.0
-841.0
-832.0
-834.0
-833.0
-832.0
-839.0
-828.0
-834.0
-834.0
-829.0
-837.0
-825.0
-836.0
-836.0
-832.0
-832.0
-832.0
-829.0
-833.0
-837.0
-828.0
-821.0
-829.0
-829.0
-838.0
-831.0
-833.0
-833.0
-833.0
-841.0
-832.0
-834.0
-833.0
-832.0
-839.0
-828.0
-834.0
-834.0
-829.0
-837.0
-825.0
-836.0
-836.0
-832.0
-832.0
-832.0
-829.0
-833.0
-837.0
-828.0
-821.0
-829.0
-829.0
-838.0
-831.0
-833.0
-833.0
-834.0
-832.0
-839.0
-828.0
-834.0
-834.0
-829.0
-837.0
-825.0
-836.0
-836.0
-832.0
-832.0
-832.0
-829.0
-833.0
-837.0
-828.0
-821.0
-829.0
-829.0
-838.0
-831.0
-833.0
-833.0
-834.0
-838.0
-836.0
-825.0
-823.0
-834.0
-839.0
-828.0
-834.0
-834.0
-829.0
-837.0
-825.0
-836.0
-836.0
-832.0
-832.0
-832.0
-829.0
-833.0
-837.0
-828.0
-821.0
-829.0
-829.0
-838.0
-831.0
-833.0
-833.0
-834.0
-838.0
-836.0
-825.0
-823.0
-834.0
-837.0
-828.0
-834.0
-834.0
-829.0
-837.0
-825.0
-836.0
-836.0
-832.0
-832.0
-832.0
-829.0
-833.0
-837.0
-828.0
-821.0
-829.0
-829.0
-838.0
-831.0
-833.0
-833.0
-834.0
-838.0
-836.0
-825.0
-823.0
-834.0
-837.0
-826.0
-834.0
-834.0
-829.0
-837.0
-825.0
-836.0
-836.0
-832.0
-832.0
-832.0
-829.0
-833.0
-837.0
-828.0
-821.0
-829.0
-829.0
-838.0
-831.0
-833.0
-833.0
-834.0
-838.0
-836.0
-825.0
-823.0
-834.0
-837.0
-826.0
-837.0
-836.0
-836.0
-832.0
-832.0
-832.0
-829.0
-833.0
-837.0
-828.0
-821.0
-829.0
-829.0
-838.0
-831.0
-833.0
-833.0
-834.0
-838.0
-836.0
-825.0
-823.0
-834.0
-837.0
-826.0
-837.0
-836.0
-829.0
-839.0
-837.0
-826.0
-836.0
-832.0
-832.0
-832.0
-829.0
-833.0
-837.0
-828.0
-821.0
-829.0
-829.0
-838.0
-831.0
-833.0
-833.0
-834.0
-838.0
-836.0
-825.0
-823.0
-834.0
-837.0
-826.0
-837.0
-836.0
-829.0
-839.0
-837.0
-826.0
-831.0
-832.0
-832.0
-832.0
-829.0
-833.0
-837.0
-828.0
-821.0
-829.0
-829.0
-838.0
-831.0
-833.0
-833.0
-834.0
-838.0
-836.0
-825.0
-823.0
-834.0
-837.0
-826.0
-837.0
-836.0
-829.0
-839.0
-837.0
-826.0
-831.0
-830.0
-832.0
-832.0
-829.0
-833.0
-837.0
-828.0
-821.0
-829.0
-829.0
-838.0
-831.0
-833.0
-833.0
-834.0
-838.0
-836.0
-825.0
-823.0
-834.0
-837.0
-826.0
-837.0
-836.0
-829.0
-839.0
-837.0
-826.0
-831.0
-830.0
-831.0
