-839.0
-827.0
-831.0
-826.0
-833.0
-834.0
-824.0
-833.0
-841.0
-832.0
-834.0
-833.0
-832.0
-839.0
-828.0
-834.0
-834.0
-829.0
-837.0
-825.0
-836.0
-836.0
-832.0
-832.0
-832.0
-829.0
-833.0
-837.0
-828.0
-821.0
-827.0
-831.0
-826.0
-833.0
-834.0
-824.0
-833.0
-841.0
-832.0
-834.0
-833.0
-832.0
-839.0
-828.0
-834.0
-834.0
-829.0
-837.0
-825.0
-836.0
-836.0
-832.0
-832.0
-832.0
-829.0
-833.0
-837.0
-828.0
-821.0
-829.0
-831.0
-826.0
-833.0
-834.0
-824.0
-833.0
-841.0
-832.0
-834.0
-833.0
-832.0
-839.0
-828.0
-834.0
-834.0
-829.0
-837.0
-825.0
-836.0
-836.0
-832.0
-832.0
-832.0
-829.0
-833.0
-837.0
-828.0
-821.0
-829.0
-829.0
-826.0
-833.0
-834.0
-824.0
-833.0
-841.0
-832.0
-834.0
-833.0
-832.0
-839.0
-828.0
-834.0
-834.0
-829.0
-837.0
-825.0
-836.0
-836.0
-832.0
-832.0
-832.0
-829.0
-833.0
-837.0
-828.0
-821.0
-829.0
-829.0
-838.0
-841.0
-832.0
-834.0
-833.0
-832.0
-839.0
-828.0
-834.0
-834.0
-829.0
-837.0
-825.0
-836.0
-836.0
-832.0
-832.0
-832.0
-829.0
-833.0
-837.0
-828.0
-821.0
-829.0
-829.0
-838.0
-831.0
-833.0
-833.0
-834.0
-838.0
-832.0
-834.0
-833.0
-832.0
-839.0
-828.0
-834.0
-834.0
-829.0
-837.0
-825.0
-836.0
-836.0
-832.0
-832.0
-832.0
-829.0
-833.0
-837.0
-828.0
-821.0
-829.0
-829.0
-838.0
-831.0
-833.0
-833.0
-834.0
-838.0
-836.0
-834.0
-833.0
-832.0
-839.0
-828.0
-834.0
-834.0
-829.0
-837.0
-825.0
-836.0
-836.0
-832.0
-832.0
-832.0
-829.0
-833.0
-837.0
-828.0
-821.0
-829.0
-829.0
-838.0
-831.0
-833.0
-833.0
-834.0
-838.0
-836.0
-825.0
-833.0
-832.0
-839.0
-828.0
-834.0
-834.0
-829.0
-837.0
-825.0
-836.0
-836.0
-832.0
-832.0
-832.0
-829.0
-833.0
-837.0
-828.0
-821.0
-829.0
-829.0
-838.0
-831.0
-833.0
-833.0
-834.0
-838.0
-836.0
-825.0
-823.0
-834.0
-829.0
-837.0
-825.0
-836.0
-836.0
-832.0
-832.0
-832.0
-829.0
-833.0
-837.0
-828.0
-821.0
-829.0
-829.0
-838.0
-831.0
-833.0
-833.0
-834.0
-838.0
-836.0
-825.0
-823.0
-834.0
-837.0
-826.0
-837.0
-836.0
-829.0
-837.0
-825.0
-836.0
-836.0
-832.0
-832.0
-832.0
-829.0
-833.0
-837.0
-828.0
-821.0
-829.0
-829.0
-838.0
-831.0
-833.0
-833.0
-834.0
-838.0
-836.0
-825.0
-823.0
-834.0
-837.0
-826.0
-837.0
-836.0
-829.0
-837.0
-825.0
-836.0
-836.0
-832.0
-832.0
-832.0
-829.0
-833.0
-837.0
-828.0
-821.0
-829.0
-829.0
-838.0
-831.0
-833.0
-833.0
-834.0
-838.0
-836.0
-825.0
-823.0
-834.0
-837.0
-826.0
-837.0
-836.0
-829.0
-839.0
-825.0
-836.0
-836.0
-832.0
-832.0
-832.0
-829.0
-833.0
-837.0
-828.0
-821.0
-829.0
-829.0
-838.0
-831.0
-833.0
-833.0
-834.0
-838.0
-836.0
-825.0
-823.0
-834.0
-837.0
-826.0
-837.0
-836.0
-829.0
-839.0
-837.0
-832.0
-829.0
-833.0
-837.0
-828.0
-821.0
-829.0
-829.0
-838.0
-831.0
-833.0
-833.0
-834.0
-838.0
-836.0
-825.0
-823.0
-834.0
-837.0
-826.0
-837.0
-836.0
-829.0
-839.0
-837.0
-826.0
-831.0
-830.0
-831.0
-836.0
-829.0
-833.0
-837.0
-828.0
-821.0
-829.0
-829.0
-838.0
-831.0
-833.0
-833.0
-834.0
-838.0
-836.0
-825.0
-823.0
-834.0
-837.0
-826.0
-837.0
-836.0
-829.0
-839.0
-837.0
-826.0
-831.0
-830.0
-831.0
-836.0
-835.0
-833.0
-837.0
-828.0
-821.0
-829.0
-829.0
-838.0
-831.0
-833.0
-833.0
-834.0
-838.0
-836.0
-825.0
-823.0
-834.0
-837.0
-826.0
-837.0
-836.0
-829.0
-839.0
-837.0
-826.0
-831.0
-830.0
-831.0
-836.0
-835.0
-838.0
-837.0
-828.0
-821.0
-829.0
-829.0
-838.0
-831.0
-833.0
-833.0
-834.0
-838.0
-836.0
-825.0
-823.0
-834.0
-837.0
-826.0
-837.0
-836.0
-829.0
-839.0
-837.0
-826.0
-831.0
-830.0
-831.0
-836.0
-835.0
-838.0
-842.0
