102,11,2
56,22,1
40,25,1
89,1,0
55,28,1
4,17,0
62,3,1
96,23,2
55,5,0
3,0,0
85,10,3
82,19,0
89,9,1
4,11,2
16,8,3
39,17,1
3,21,0
0,2,2
65,12,2
78,16,2
54,1,2
24,0,0
1,1,3
111,20,1
74,20,3
104,11,1
64,1,1
42,1,2
95,17,1
60,4,1
49,24,1
107,22,2
66,11,0
59,9,0
108,6,2
42,14,3
74,0,0
92,26,1
37,12,0
95,4,1
76,9,2
37,13,1
78,3,0
16,28,2
79,28,3
9,13,1
44,3,1
42,10,3
104,7,3
61,16,2
48,28,1
99,23,0
49,22,2
104,1,2
69,9,0
103,19,1
65,5,0
66,19,3
100,0,1
24,1,3
34,23,0
64,9,2
11,13,2
84,14,0
94,15,1
84,1,3
89,5,3
55,13,1
41,0,3
22,18,3
106,10,1
28,17,3
30,4,1
39,7,2
49,7,0
77,22,2
49,18,3
66,0,1
18,25,1
54,22,3
16,17,3
92,10,0
83,15,0
63,25,1
5,7,0
11,29,3
98,24,2
83,16,0
80,17,3
61,22,2
15,0,1
65,2,2
17,26,3
11,22,2
50,27,1
0,1,1
64,27,0
13,13,3
52,6,2
99,16,0
