95,14,0
112,23,2
1,28,0
70,12,2
29,27,1
16,7,2
64,28,3
47,26,3
94,6,0
34,2,3
16,6,2
64,15,3
22,18,2
42,23,2
59,9,2
8,0,2
38,26,2
41,8,2
43,22,3
7,23,0
39,6,0
91,0,1
85,1,1
71,9,2
103,0,3
78,20,0
103,3,2
10,18,0
95,0,0
114,4,0
1,11,2
59,2,0
28,8,1
37,0,1
0,11,0
89,11,0
35,3,0
39,7,2
57,28,2
77,18,0
70,7,0
68,9,0
110,3,0
105,17,2
69,27,3
65,13,3
16,14,3
40,17,1
1,0,1
70,6,3
81,22,0
48,5,0
70,20,3
18,0,2
70,18,1
94,21,1
29,14,2
10,8,3
9,1,3
37,18,2
2,12,0
37,2,2
37,9,2
0,25,1
59,24,2
105,7,3
98,22,1
85,20,3
44,13,0
65,1,2
32,23,2
73,9,1
14,23,3
32,18,1
82,16,2
111,22,2
16,1,1
85,5,3
40,9,0
93,19,3
60,25,3
56,19,1
9,20,3
79,17,3
107,11,0
81,25,3
98,20,1
90,6,3
85,21,2
87,10,3
40,16,3
43,8,1
40,1,1
62,8,2
86,15,1
35,2,0
78,2,0
3,0,1
34,4,2
67,0,3
