90,11,0
52,17,1
82,0,3
63,10,2
69,5,3
48,6,2
7,28,1
10,22,2
92,20,3
53,14,1
9,0,1
22,18,0
84,29,0
60,18,1
35,15,3
72,12,1
83,8,0
53,0,3
62,13,1
9,21,3
2,16,3
17,21,3
62,0,0
0,1,2
34,28,2
111,8,0
28,10,1
35,20,0
66,0,3
64,1,2
11,6,3
49,9,0
36,25,2
93,1,3
31,0,3
83,3,1
49,26,2
62,4,1
98,0,0
93,10,1
85,12,3
105,7,3
89,13,0
48,5,2
56,8,2
98,4,1
11,14,1
41,15,0
10,3,0
19,23,3
34,11,1
20,2,0
30,23,3
11,0,0
76,22,3
93,9,0
56,17,1
25,13,2
28,12,3
38,8,3
48,26,0
64,24,3
53,15,0
79,8,3
19,8,0
49,0,2
91,8,2
68,20,1
111,28,2
63,11,0
69,3,0
95,29,3
47,14,1
106,9,1
71,16,1
99,29,2
69,0,2
99,12,2
115,25,2
69,22,1
71,13,2
13,22,1
111,3,3
97,20,3
26,2,1
17,25,1
105,20,3
102,0,0
42,2,0
81,13,3
39,0,1
81,4,3
4,11,0
71,18,1
15,4,1
66,1,2
82,19,1
67,29,3
110,0,1
57,24,2
