12,6,3
93,4,2
97,25,1
53,1,2
74,7,2
19,1,0
40,16,0
78,29,2
30,13,2
73,0,0
10,20,0
70,22,2
17,2,3
55,4,3
102,10,3
75,13,3
14,5,2
49,25,0
4,15,1
101,24,3
52,19,1
5,28,2
108,0,2
12,13,1
36,13,3
41,8,1
71,6,3
56,19,0
23,12,1
59,7,1
34,0,1
31,11,0
49,11,0
84,3,2
12,9,1
71,26,3
0,8,1
99,16,3
84,12,1
104,19,1
97,18,1
39,25,1
14,27,3
17,15,3
105,6,0
91,11,0
85,22,2
45,19,0
75,11,3
100,0,3
48,2,1
88,12,1
32,0,1
0,0,0
64,3,3
47,7,2
96,13,2
60,14,0
16,12,2
55,0,3
15,11,2
43,12,2
82,1,1
89,0,2
53,29,1
82,12,0
108,12,2
40,17,1
99,0,3
3,7,0
109,9,2
86,22,1
16,23,3
41,19,2
57,23,1
46,28,2
17,4,3
2,16,2
70,9,3
107,27,3
54,26,2
42,1,0
79,17,2
14,3,2
30,24,3
31,16,2
69,15,2
61,6,2
84,10,1
64,13,2
93,20,2
40,2,1
98,6,0
35,0,1
83,23,2
32,15,2
90,13,3
71,10,0
38,23,0
105,22,2
