58,29,1
14,24,0
0,0,3
108,3,1
81,7,2
45,12,2
75,7,3
96,3,3
44,1,0
46,16,0
35,3,1
17,8,0
10,25,0
72,23,0
23,8,2
81,10,3
75,0,2
68,12,0
87,4,0
75,16,0
59,20,1
102,13,0
79,1,0
107,10,0
50,12,2
43,2,0
2,17,0
13,16,0
88,22,0
99,20,3
60,0,0
22,18,3
79,12,2
99,11,3
75,15,3
11,3,3
19,21,1
55,24,3
50,20,0
63,0,1
79,27,2
29,16,1
30,6,2
35,0,2
78,25,3
88,15,1
95,18,2
82,14,2
102,1,0
56,10,3
26,12,0
69,14,2
84,19,1
58,1,0
54,19,2
79,2,2
57,3,0
15,26,1
81,16,2
21,13,1
89,10,0
20,1,2
92,9,2
9,13,3
55,6,3
29,14,3
54,13,0
69,1,2
9,25,2
27,0,2
8,13,3
45,16,0
74,17,1
39,22,0
7,8,0
100,2,3
55,0,1
19,27,3
109,15,2
39,5,0
98,14,1
71,8,3
28,21,3
59,3,3
108,13,2
90,10,0
60,19,2
47,0,3
42,18,1
63,8,0
0,5,0
83,7,3
33,24,1
99,21,1
71,7,0
72,10,3
86,6,2
78,3,0
45,2,2
61,12,2
