37,1,0
25,6,0
108,13,2
57,0,0
96,20,2
39,0,0
22,13,0
99,9,0
44,4,0
34,5,2
98,17,3
20,18,0
11,29,0
49,21,3
18,23,3
82,26,3
57,23,3
22,11,0
41,17,2
90,24,0
15,18,2
29,26,2
21,5,0
75,9,1
42,13,1
9,20,3
24,22,0
79,17,3
90,14,0
82,7,3
41,1,1
105,4,1
55,3,2
0,4,0
0,5,1
96,24,3
2,6,0
5,29,0
98,20,2
75,19,2
51,5,1
7,5,0
80,5,1
93,5,2
12,12,0
55,17,3
43,0,0
77,29,3
94,28,2
62,6,2
44,27,3
16,0,1
41,0,1
56,20,3
31,23,0
70,0,2
20,9,2
50,10,0
10,26,0
103,16,0
37,9,3
90,19,2
68,7,2
94,15,1
54,28,1
68,15,0
81,24,1
81,3,2
110,20,3
84,13,0
103,8,2
72,10,0
25,20,3
56,29,3
14,15,3
80,3,3
41,16,3
27,25,1
22,2,0
50,6,1
63,29,2
74,19,2
60,6,2
59,20,3
92,8,0
72,20,1
14,9,2
36,20,0
51,19,1
0,16,2
5,7,3
55,9,2
67,4,0
1,7,1
59,18,0
0,15,0
98,2,2
13,12,3
78,2,3
54,11,3
