103,7,2
0,11,1
89,6,3
35,1,3
104,13,0
21,9,0
47,15,1
78,20,0
65,20,3
90,22,2
15,28,3
24,5,2
30,18,0
108,11,3
107,20,1
99,19,2
107,21,2
101,10,1
0,21,2
35,28,1
40,21,0
49,22,3
82,1,0
48,13,3
76,13,2
24,21,3
109,12,0
19,19,1
82,6,0
70,8,3
47,3,0
48,4,0
21,14,0
93,0,3
85,6,2
81,24,2
63,13,2
29,19,3
104,1,1
22,29,3
49,5,0
75,24,2
52,22,0
77,8,1
82,12,1
92,5,0
1,9,0
61,8,0
10,8,2
46,6,1
83,5,2
48,11,1
94,17,1
4,25,2
111,20,0
55,0,2
104,27,0
41,29,3
80,7,2
33,6,3
39,1,2
27,20,2
15,0,1
75,2,3
38,2,0
52,2,3
81,18,3
35,22,2
19,7,2
72,24,0
43,7,3
78,12,3
15,17,0
57,16,0
25,8,1
52,26,3
19,11,3
19,22,2
21,4,2
20,22,1
74,28,3
11,6,3
8,24,2
28,12,3
36,27,3
98,0,2
74,9,0
54,19,1
1,19,2
15,8,3
4,16,1
0,1,1
83,4,3
107,29,3
22,3,1
26,9,2
95,18,1
79,16,0
102,5,2
42,8,2
