94,2,0
88,29,1
60,21,1
80,1,0
85,21,3
84,2,2
52,6,0
38,22,0
26,13,2
9,6,2
82,10,3
36,6,3
39,26,0
42,18,2
84,7,3
71,26,3
88,6,2
0,3,0
48,29,3
2,19,1
9,13,1
98,12,2
31,0,1
7,5,1
12,28,2
27,1,0
81,3,2
112,19,0
89,21,3
101,17,0
55,2,0
115,4,3
61,10,3
98,6,0
18,18,0
94,26,0
83,2,1
64,19,2
82,22,2
14,10,0
110,19,3
20,11,2
34,24,3
87,27,3
34,15,1
21,17,0
61,26,3
16,7,0
19,4,1
94,13,1
99,11,2
0,24,1
24,8,1
64,5,1
108,6,2
58,3,2
63,11,1
12,10,3
37,18,0
89,5,1
33,11,0
39,19,0
111,29,3
38,4,0
55,4,3
69,7,3
66,20,3
55,22,1
63,10,1
31,7,0
80,20,3
0,22,2
6,16,2
92,14,1
88,19,1
66,19,2
44,0,0
5,5,1
25,21,1
94,10,2
69,25,2
66,0,1
55,20,0
101,2,3
114,23,3
38,3,3
105,25,0
10,22,0
104,13,3
83,1,3
50,0,1
106,17,3
32,11,0
54,1,0
104,21,0
63,13,1
48,3,3
53,15,0
39,7,3
66,21,2
