91,22,0
70,22,2
93,5,3
93,18,2
90,1,3
64,13,0
38,21,1
96,15,3
110,14,2
106,1,0
70,10,0
7,20,1
80,15,2
87,0,0
98,6,2
6,4,2
19,23,3
67,11,0
84,6,1
105,9,3
71,23,2
26,19,2
72,1,1
84,2,1
99,3,2
86,1,0
82,25,1
37,8,2
81,14,0
92,3,3
4,2,2
54,19,2
54,4,1
86,14,0
31,27,1
13,25,0
101,16,1
52,11,1
82,22,2
100,4,2
61,23,3
20,12,3
7,16,0
60,16,2
43,27,0
35,19,2
78,14,2
50,15,3
0,9,3
56,17,2
44,16,3
12,13,0
1,10,1
89,12,0
79,0,2
104,26,0
26,2,2
34,23,0
83,23,3
3,3,3
20,14,3
51,1,3
92,4,0
14,0,0
61,1,3
67,7,3
39,7,2
67,14,0
67,0,0
11,12,3
9,21,3
62,4,2
90,26,3
113,12,0
43,2,3
57,22,2
44,0,1
103,28,0
61,26,0
11,0,1
14,13,2
93,6,0
26,20,3
2,1,0
31,3,1
3,26,0
86,21,1
70,6,2
3,11,2
2,3,2
43,21,1
9,6,3
110,25,3
23,6,3
110,18,3
51,4,2
28,18,1
60,18,2
3,29,3
47,12,2
