58,14,1
61,2,2
8,4,2
81,19,1
93,0,0
50,17,1
21,12,3
93,3,1
93,23,1
34,11,3
10,21,0
20,27,3
80,8,1
14,4,3
4,16,3
42,6,2
48,0,2
33,6,2
20,6,2
3,23,1
5,3,0
112,10,3
20,0,2
71,4,1
70,14,3
33,13,0
113,11,1
78,18,2
53,24,2
51,18,0
47,1,2
105,20,0
25,14,1
1,4,0
33,26,1
50,2,2
81,2,1
11,24,3
96,17,3
85,13,3
53,8,0
78,16,3
53,27,3
2,0,1
42,27,3
16,5,3
96,22,2
58,13,3
94,7,2
21,2,3
49,18,2
46,21,3
83,7,2
81,1,2
57,3,2
16,9,2
19,6,0
90,12,2
95,6,3
87,5,1
97,25,2
35,1,3
101,7,1
28,24,0
0,0,3
16,12,3
45,4,2
27,1,0
69,17,1
5,17,0
66,10,1
95,16,3
28,0,2
47,3,1
34,14,1
78,9,0
56,1,0
26,26,0
48,26,0
89,25,3
91,9,0
16,17,0
36,4,0
103,19,0
75,26,3
15,12,2
28,15,1
70,6,2
18,1,0
101,6,3
55,16,0
78,0,0
60,8,0
102,9,0
109,28,2
10,0,3
52,17,1
58,17,2
66,27,0
6,4,1
