3,29,2
82,5,2
13,16,0
8,13,2
50,12,3
58,0,0
6,23,1
7,7,1
98,22,2
23,14,2
38,18,1
39,14,0
83,13,2
49,7,1
54,23,1
86,13,2
32,0,2
14,16,0
22,13,2
63,26,2
93,26,2
99,28,2
76,1,0
21,24,0
83,0,3
21,22,2
56,12,3
49,9,0
68,24,1
106,7,2
72,0,2
14,25,1
101,10,3
10,29,1
56,3,0
59,18,2
66,14,0
63,4,1
36,18,3
76,10,3
104,6,1
85,5,0
102,16,1
15,18,3
31,6,3
107,5,0
13,1,3
88,9,2
75,6,2
5,2,2
49,17,1
90,20,0
1,0,1
6,26,0
75,25,3
13,25,2
103,11,1
2,17,3
75,16,0
80,13,0
107,11,3
8,28,2
44,14,1
14,2,0
6,0,3
35,1,3
54,16,1
19,0,0
76,21,0
47,9,1
89,6,0
41,21,0
64,8,2
46,13,3
74,27,2
62,0,1
88,3,3
40,22,2
24,4,2
35,13,3
101,2,0
0,26,2
62,9,0
19,18,3
102,23,3
34,4,2
55,13,1
64,23,0
45,22,1
88,7,1
40,11,0
65,3,2
33,10,0
81,7,1
21,8,3
56,11,1
51,2,2
46,26,2
7,14,3
89,2,2
