31,15,3
0,17,1
83,0,3
3,22,1
100,0,3
82,24,2
96,8,0
3,19,1
92,10,3
15,5,3
67,13,2
88,2,1
106,18,3
17,0,0
24,10,3
106,0,2
35,0,2
100,12,0
45,22,2
7,13,0
29,4,1
44,0,0
24,11,2
68,15,0
14,6,3
67,7,3
83,16,3
3,27,0
98,26,2
109,28,0
45,6,3
82,4,1
27,23,0
79,14,0
88,22,0
72,20,1
45,18,3
109,16,0
105,20,0
14,18,0
102,23,0
103,13,1
1,15,2
14,12,3
38,19,2
48,21,0
57,14,0
53,14,2
94,6,0
101,28,1
2,0,2
88,9,1
87,24,0
17,7,3
64,27,0
45,7,3
92,22,3
17,23,1
70,5,3
32,1,2
91,19,0
4,23,0
22,14,3
41,8,1
3,12,1
100,8,3
67,4,3
99,17,1
23,3,3
55,9,3
90,4,0
56,2,2
63,17,1
26,19,3
8,12,2
69,12,0
24,9,3
110,17,2
14,15,0
32,29,2
56,15,3
21,6,3
68,28,0
19,24,0
46,15,0
69,9,2
37,24,0
53,0,0
33,13,2
38,6,0
20,13,3
16,21,3
78,20,2
59,0,0
27,7,2
34,1,0
79,20,0
34,12,2
111,0,1
103,7,1
