63,8,2
81,19,3
34,1,3
45,9,3
31,2,3
98,16,1
77,26,2
61,18,3
65,0,3
87,2,0
32,10,3
105,1,1
45,16,1
86,24,2
33,10,0
11,25,0
102,28,0
18,24,0
34,26,2
109,16,1
7,13,0
82,18,0
0,5,3
105,10,3
21,0,2
57,15,1
82,25,3
24,20,2
101,17,0
22,2,1
67,6,1
68,13,0
39,22,2
99,4,0
15,10,0
16,3,1
33,11,0
110,25,0
65,27,0
22,3,0
105,16,3
77,0,2
54,26,2
65,22,3
24,15,3
91,22,3
86,11,3
102,11,1
56,13,0
99,23,0
30,15,2
59,24,2
15,17,2
96,16,3
23,21,1
60,8,1
73,9,0
3,18,0
70,1,1
82,0,3
46,0,3
20,13,2
60,9,1
32,25,0
14,21,1
67,28,0
80,0,2
57,7,1
14,7,2
66,8,3
59,14,1
25,9,0
10,15,1
24,2,2
57,22,3
55,19,3
107,3,3
112,27,1
109,8,3
0,0,1
89,16,2
42,18,3
88,13,2
6,28,2
79,1,0
6,16,0
103,24,0
17,14,2
107,25,2
90,10,1
98,4,0
2,7,0
54,0,0
65,23,2
94,0,0
68,0,2
95,7,2
24,25,0
65,24,1
80,10,1
