83,29,1
104,7,0
84,13,2
47,0,0
104,6,0
52,6,1
90,20,2
9,15,3
90,16,2
32,14,3
45,14,3
91,8,1
92,0,3
20,5,2
86,21,3
46,29,0
52,16,3
59,1,2
54,5,1
91,2,3
25,21,1
26,16,0
75,6,3
17,8,2
102,0,3
101,1,0
46,1,1
47,6,2
71,18,3
53,13,2
16,22,3
38,20,0
99,19,1
95,1,2
0,13,0
30,5,3
65,9,3
21,24,3
87,13,1
10,7,1
6,2,3
15,20,2
28,11,3
77,11,2
44,14,1
63,22,2
67,13,1
81,24,3
81,16,3
75,0,3
4,7,2
96,15,2
63,1,0
79,12,3
5,10,3
88,0,2
44,5,1
37,28,3
17,16,2
86,18,0
61,17,2
2,27,1
77,4,0
104,22,1
15,0,3
9,16,2
72,0,2
58,8,1
97,19,3
28,29,0
35,24,0
74,7,0
43,18,0
53,24,3
101,28,2
68,0,0
90,0,2
86,25,1
57,4,2
85,13,3
14,0,0
41,10,1
76,13,2
38,4,3
75,15,2
104,12,2
62,13,1
21,0,0
82,19,0
91,5,1
105,11,1
67,2,3
51,25,1
29,5,3
62,15,2
77,3,0
20,15,2
114,3,0
86,26,1
95,12,1
