12,5,0
58,28,1
39,0,3
3,1,2
56,14,2
25,0,1
100,5,3
105,13,1
107,21,2
13,15,3
10,24,0
41,18,2
90,16,3
0,14,1
68,5,3
107,12,0
28,4,0
8,1,3
16,20,1
33,10,1
45,25,1
98,13,1
12,1,3
74,10,3
49,15,1
39,5,0
84,6,3
91,14,1
73,23,3
82,24,1
0,0,2
20,4,1
23,25,3
80,8,0
62,27,1
83,16,0
90,1,1
45,19,0
79,4,1
75,26,2
14,25,2
47,22,0
61,8,2
42,7,3
107,24,2
15,9,2
86,7,3
9,13,0
18,4,1
78,0,3
59,4,2
11,9,2
9,14,3
14,15,1
52,13,0
43,9,1
52,21,0
30,3,3
103,24,0
9,18,1
80,28,0
18,1,3
31,24,0
40,1,0
11,3,2
42,20,3
63,14,3
92,14,3
61,26,1
79,25,0
20,16,2
32,10,0
28,22,3
48,8,1
69,19,1
57,14,1
20,5,2
73,29,0
63,0,3
68,9,3
77,17,2
103,2,0
74,8,3
85,21,0
30,11,0
9,0,1
101,26,0
29,18,0
95,16,3
39,14,2
56,4,2
49,20,1
18,28,2
102,23,1
77,27,2
83,2,3
55,19,3
55,10,3
69,2,3
14,28,1
