67,8,1
63,1,3
96,18,1
2,0,2
31,24,0
47,12,1
24,26,3
52,9,3
0,17,1
54,5,2
92,16,2
53,23,1
109,19,2
104,13,0
103,4,1
4,26,3
37,3,1
20,10,1
60,11,2
32,23,3
13,0,2
51,11,2
81,4,2
3,28,3
102,9,3
17,17,1
0,6,3
30,9,0
19,0,3
55,9,0
16,6,1
92,0,0
105,9,0
17,9,0
66,23,2
75,4,3
80,2,3
82,22,1
81,1,1
68,12,0
6,9,3
50,28,1
3,23,3
51,16,1
19,24,3
63,24,0
107,2,3
9,29,3
32,12,0
82,9,3
37,8,3
89,9,2
91,26,0
33,18,1
33,2,2
72,25,1
2,15,3
48,12,2
52,14,2
8,10,1
31,1,2
15,7,3
53,2,3
82,11,3
75,8,0
27,14,3
82,10,1
0,1,2
71,20,3
25,9,3
0,3,0
59,12,3
45,14,1
66,7,3
28,20,3
89,27,1
2,4,1
53,1,1
91,22,2
52,29,2
9,17,2
92,24,2
80,24,2
26,28,2
12,25,2
72,11,3
43,15,0
38,0,0
59,21,0
52,0,1
81,15,0
95,22,3
84,20,3
95,24,2
8,18,0
52,4,0
35,17,1
63,15,0
64,1,2
48,5,3
