82,17,2
58,6,3
59,27,1
0,2,1
101,0,2
5,0,0
88,27,1
108,21,0
68,23,2
67,3,0
14,5,2
56,5,0
45,10,0
36,8,1
45,14,2
75,8,1
43,10,1
45,24,2
91,18,1
99,17,0
57,24,1
84,18,0
37,10,0
23,19,1
1,27,1
110,0,3
19,5,2
39,22,0
112,2,3
12,21,1
73,7,0
89,6,3
72,3,2
29,7,2
49,13,0
97,3,1
100,16,0
53,9,2
25,22,1
34,24,0
20,25,0
2,2,3
44,3,2
56,25,2
71,20,3
107,6,0
57,15,0
25,16,2
44,22,1
77,5,2
59,9,0
62,20,1
41,15,3
27,19,0
10,0,2
25,13,0
6,25,0
28,10,0
0,12,0
21,21,1
16,18,0
100,2,2
46,12,0
16,20,0
18,12,1
81,13,2
13,5,2
108,1,2
87,15,3
48,9,2
97,27,1
103,28,3
83,7,2
4,17,3
64,12,2
107,10,0
46,0,2
0,15,2
95,16,3
8,18,2
41,28,3
37,12,3
29,4,0
79,9,0
99,2,0
31,1,2
106,11,0
92,6,2
66,27,2
2,1,3
106,20,0
26,14,2
1,20,2
69,14,3
1,24,1
65,1,1
36,13,1
110,18,3
42,22,0
8,9,3
