0,24,1
88,0,3
29,17,3
0,15,3
15,4,2
21,0,1
84,5,3
94,9,0
76,8,3
6,9,1
99,11,2
84,11,2
68,17,0
99,5,1
40,9,0
48,25,3
102,0,2
13,2,3
95,0,1
59,18,2
34,6,0
25,17,3
95,1,1
74,25,0
68,12,1
1,27,1
57,4,3
48,1,2
15,28,2
0,11,2
56,9,1
30,12,3
76,16,3
75,0,2
16,20,0
40,19,2
81,20,2
58,0,2
20,23,3
0,4,2
21,17,3
27,0,3
86,22,1
45,3,1
105,7,1
22,14,1
44,18,1
32,11,3
0,25,2
9,0,3
90,13,2
32,12,1
77,2,2
81,0,2
78,25,0
44,14,1
106,4,2
102,23,0
97,12,3
98,3,2
115,19,2
104,12,3
99,18,2
75,26,0
43,18,1
9,16,2
48,23,1
12,13,2
28,15,3
111,22,2
8,18,2
15,21,3
10,15,0
13,10,0
64,6,0
38,27,3
106,7,1
101,29,0
115,4,2
92,11,0
42,0,1
75,29,3
93,8,1
57,27,1
63,0,1
87,21,0
95,21,1
58,16,0
10,20,3
63,22,2
12,17,2
64,24,3
12,3,1
58,9,2
89,22,1
37,2,1
52,0,3
50,26,3
92,25,0
29,18,3
