42,11,3
1,19,0
47,28,1
56,10,2
15,3,1
65,15,0
97,21,0
54,21,1
24,20,3
51,2,3
51,5,2
63,4,2
79,12,0
106,21,3
98,4,1
15,26,3
65,20,0
37,8,0
46,15,0
30,15,2
97,22,3
44,3,0
0,7,3
13,0,1
9,22,2
21,19,3
79,29,0
31,8,1
65,5,1
0,24,3
29,8,0
107,20,3
110,16,1
48,12,3
76,24,2
38,4,0
58,15,3
96,5,3
51,23,1
71,19,3
53,14,0
29,1,3
110,1,1
69,6,3
5,24,1
105,4,3
14,10,2
3,7,2
15,12,0
10,27,0
80,3,2
44,4,0
46,0,1
71,13,0
97,13,3
62,10,0
46,24,3
106,7,2
45,19,1
58,16,3
24,14,3
12,2,2
99,17,0
54,9,1
71,0,3
57,12,1
93,22,0
25,7,3
81,26,1
81,0,2
70,11,2
43,20,1
10,10,0
80,13,3
28,22,1
2,6,0
106,0,1
23,13,1
20,10,1
7,18,3
96,17,0
12,6,1
68,16,0
56,8,1
92,29,2
34,16,1
24,3,2
83,21,2
49,22,1
60,11,1
74,17,3
47,11,0
72,28,3
57,6,3
41,15,3
12,5,1
94,4,3
64,17,0
73,25,0
101,4,0
