41,29,2
85,18,3
58,5,2
68,14,1
6,19,1
35,0,2
91,26,2
0,26,1
6,27,1
51,8,3
62,19,1
43,21,3
98,25,0
74,29,2
55,23,1
75,20,0
43,25,1
30,16,2
70,11,1
66,8,1
17,27,1
7,11,2
27,11,3
25,28,3
82,5,2
9,0,3
67,4,3
26,23,1
45,1,3
75,6,2
97,11,3
27,8,1
82,10,3
24,16,2
29,7,2
22,4,2
7,7,0
92,7,1
69,17,2
4,13,3
50,13,2
96,24,2
2,7,2
76,14,1
39,0,1
52,1,1
1,14,0
63,10,0
60,22,2
60,21,0
18,12,3
78,27,2
94,2,0
7,5,1
93,17,0
0,25,1
38,13,2
78,9,1
25,0,3
21,15,2
104,14,1
26,3,2
99,16,0
67,0,2
108,27,2
13,17,1
22,13,0
30,7,3
105,8,0
50,17,1
51,2,2
54,25,0
40,15,1
17,13,0
37,18,2
53,0,1
60,4,3
1,23,0
26,13,3
85,26,2
53,14,1
34,15,3
89,13,2
70,22,0
80,16,0
49,5,1
93,9,0
103,14,3
6,20,2
12,22,1
38,25,0
54,8,3
96,17,2
91,18,0
108,7,2
77,4,2
62,12,0
34,0,1
100,17,3
76,3,0
