23,16,1
10,10,1
7,0,3
10,13,0
31,9,1
19,22,2
76,24,2
59,10,2
17,11,0
89,12,3
6,17,2
4,5,3
7,20,3
65,12,3
50,18,3
70,6,1
101,8,1
88,3,3
110,17,1
83,27,1
50,24,2
10,11,0
96,2,1
31,12,0
39,1,0
32,10,1
68,1,1
51,24,3
24,28,2
74,11,3
4,7,0
71,12,1
23,4,1
81,6,3
38,29,1
33,14,3
109,27,3
7,21,2
75,19,0
106,19,0
23,17,3
85,13,1
44,11,0
76,17,0
95,8,3
28,22,3
89,19,0
9,19,1
1,0,1
104,22,1
93,22,3
44,6,2
109,16,0
73,26,1
104,6,2
53,28,2
75,9,3
56,6,1
62,9,0
70,20,1
45,23,2
52,1,2
11,8,1
24,5,0
93,7,2
9,6,2
82,4,3
24,6,2
70,0,0
100,17,1
58,2,2
72,22,1
48,11,1
113,18,0
90,9,0
72,2,0
96,0,2
104,14,3
66,19,1
37,9,3
60,11,0
44,7,1
28,25,2
99,8,3
38,16,2
19,28,0
59,20,1
86,14,3
12,15,1
82,5,3
70,25,2
71,3,3
93,1,1
22,15,2
34,21,2
84,11,1
104,11,0
11,10,2
36,0,1
82,0,3
