24,27,3
37,27,0
95,17,3
50,7,0
40,0,2
8,15,3
43,8,1
93,12,3
15,15,2
81,14,0
66,3,1
5,1,1
21,14,2
11,0,0
60,9,0
22,17,0
82,20,1
75,8,0
35,17,3
83,5,1
25,10,3
56,27,2
39,11,3
99,15,0
62,18,2
89,6,1
91,15,2
92,25,3
90,5,1
17,12,3
50,10,1
49,17,0
43,14,1
68,19,0
12,22,3
29,22,2
80,23,3
19,26,0
51,15,3
17,5,2
43,0,1
5,29,1
22,4,2
82,9,3
8,17,2
12,28,3
113,13,2
53,3,2
49,28,0
115,13,2
9,8,1
37,6,2
0,9,2
95,1,3
46,19,0
33,0,2
92,26,0
109,16,2
51,8,1
67,0,3
60,21,2
86,19,1
115,0,3
86,13,1
34,27,1
82,29,0
3,12,2
6,0,0
72,4,0
22,0,2
85,12,2
58,8,3
32,12,1
83,24,1
39,14,0
42,9,3
91,0,0
75,0,3
23,26,0
39,7,2
69,5,0
56,13,0
72,10,3
48,1,0
90,7,1
31,8,2
67,17,2
62,21,0
112,2,1
50,2,3
60,12,1
50,5,3
106,17,2
10,16,3
16,11,1
75,1,3
25,4,0
2,21,3
68,6,2
48,4,2
