33,28,2
78,3,3
103,8,1
103,0,0
77,15,0
76,6,3
23,15,1
17,7,2
102,25,2
23,12,2
113,24,0
47,16,0
55,15,2
11,17,3
95,16,1
49,12,3
34,29,0
103,2,2
72,0,1
64,15,3
29,3,0
115,20,3
32,1,0
27,18,1
95,23,1
77,18,0
2,16,0
89,13,0
103,9,1
3,28,3
70,1,2
35,3,0
62,10,3
59,16,2
49,0,0
40,25,3
67,7,0
26,9,0
53,1,1
30,24,0
24,6,2
70,16,3
72,10,1
20,6,3
66,21,2
11,14,3
3,29,2
3,9,2
5,20,0
82,11,0
91,0,2
49,10,3
1,12,1
43,11,1
28,15,0
23,17,0
87,19,2
113,1,1
39,16,0
65,21,2
29,4,0
79,13,2
56,15,0
104,24,1
42,17,1
77,11,3
64,1,2
56,9,2
104,16,0
52,21,2
56,0,3
71,22,1
78,17,2
16,15,3
12,2,3
87,3,0
53,5,3
33,7,3
78,0,3
25,19,0
32,7,1
39,10,2
14,20,0
110,7,3
103,14,3
43,17,2
64,24,0
27,22,1
21,8,3
76,17,2
23,0,1
23,3,1
1,21,1
62,0,0
2,3,0
57,5,0
6,7,0
96,16,1
25,27,1
79,16,1
