73,8,1
33,18,3
110,15,2
98,23,1
101,6,2
86,4,0
92,2,3
100,19,3
2,11,0
26,20,1
47,10,3
70,17,2
16,12,2
89,23,0
69,5,3
41,2,1
88,2,2
111,9,2
86,16,1
98,5,2
49,16,1
68,1,0
8,1,1
19,5,1
1,9,1
37,16,1
77,1,1
87,4,1
19,19,1
42,17,2
91,0,2
58,4,0
24,19,1
77,10,2
12,17,1
58,25,3
113,0,0
22,8,0
10,27,3
76,13,2
80,10,0
78,23,2
83,14,0
39,26,0
65,20,3
31,1,1
98,18,1
21,25,0
80,0,1
55,6,1
58,27,3
85,22,2
2,29,3
20,18,1
107,1,2
50,7,3
90,18,1
107,8,2
94,27,0
68,21,1
67,16,1
78,22,2
94,1,0
19,1,2
35,23,1
37,11,1
77,27,0
8,29,2
60,21,2
38,29,0
85,6,3
13,20,1
29,3,1
107,0,1
108,10,3
30,26,2
78,10,1
90,0,1
64,18,2
76,14,1
95,26,2
75,12,3
104,25,2
40,24,2
100,11,3
0,2,3
47,20,1
6,10,3
89,14,3
36,17,3
73,4,1
83,1,1
1,3,1
63,26,2
36,8,0
12,0,0
101,14,2
9,18,3
53,12,0
63,12,3
