24,19,2
101,28,1
36,10,2
8,11,1
54,17,0
18,1,0
45,1,3
79,3,1
75,12,0
53,13,0
46,5,2
14,15,3
46,24,1
19,16,3
108,19,2
22,5,2
54,5,3
100,0,1
60,3,1
27,18,2
43,23,1
53,19,1
45,3,2
95,10,1
48,2,0
22,29,1
47,8,2
14,24,1
102,10,2
34,0,2
0,21,2
32,5,0
38,11,1
104,10,0
74,1,0
108,0,2
23,13,0
0,3,3
5,27,0
21,11,2
69,14,1
70,19,1
73,11,3
62,1,0
86,18,0
6,14,2
9,9,3
21,28,3
75,24,1
70,22,3
29,6,1
15,14,2
81,17,3
57,18,3
16,0,2
38,28,0
12,18,0
71,26,0
10,2,2
62,23,1
39,1,3
45,15,2
9,5,2
45,23,1
0,23,0
106,9,2
0,10,3
68,13,3
57,29,2
67,9,3
66,4,2
85,2,2
95,18,1
8,24,1
87,23,2
98,10,0
85,3,2
97,18,2
42,3,0
35,9,0
113,19,3
54,16,1
104,0,2
3,13,3
68,5,1
47,25,1
23,24,0
109,23,2
68,21,1
47,7,3
88,11,0
59,0,0
100,9,3
52,17,0
7,17,3
0,0,3
68,2,0
57,2,2
43,8,2
23,3,1
