91,0,3
55,0,0
113,26,1
60,11,2
70,16,1
78,3,1
104,17,2
65,24,3
80,14,3
37,19,1
75,11,3
94,13,2
92,15,2
11,17,1
63,19,0
39,8,1
48,10,2
74,9,1
17,8,2
80,20,2
36,15,2
28,14,0
89,10,3
8,7,0
48,1,0
22,9,2
31,13,0
111,22,0
10,7,0
53,27,3
18,19,3
48,3,0
89,6,2
45,11,3
99,22,3
87,12,1
23,22,1
31,4,1
108,1,1
107,14,0
89,12,1
106,0,2
79,9,2
53,19,1
13,26,3
64,4,1
66,3,1
71,16,0
49,8,0
42,27,0
23,25,3
1,10,1
98,9,0
84,6,1
2,15,2
47,15,2
46,23,3
10,24,1
65,5,0
52,18,3
63,15,3
110,25,2
72,16,2
108,10,3
42,14,1
54,22,2
101,17,1
82,15,3
9,10,1
54,2,2
109,7,2
51,25,0
34,9,1
13,8,3
8,11,0
105,3,3
1,1,2
0,9,2
82,5,2
71,2,1
22,14,0
82,21,2
87,25,1
51,11,0
84,29,3
1,2,3
55,1,1
88,23,0
80,22,3
28,12,1
106,8,3
90,2,0
44,13,1
4,9,3
106,12,1
101,0,3
102,16,1
37,2,2
50,20,1
71,20,3
