76,13,2
18,26,1
67,22,0
71,7,3
103,5,1
89,12,3
18,15,1
77,10,0
27,22,2
43,3,3
10,9,0
43,10,2
55,27,0
33,16,2
101,17,0
15,21,1
73,7,3
45,4,3
16,18,0
9,8,2
22,0,2
99,18,0
38,5,1
53,7,0
7,21,1
59,14,2
18,6,3
18,4,1
6,4,3
103,18,1
33,2,0
36,23,1
65,21,3
49,8,0
95,1,3
19,26,3
90,0,0
51,17,0
98,5,3
38,19,1
36,4,1
27,5,0
44,13,2
6,28,2
75,0,1
39,18,0
108,29,2
68,13,2
11,10,1
69,6,1
3,25,0
33,17,0
11,1,0
99,13,1
55,15,2
38,16,1
65,4,3
37,8,1
93,15,1
92,16,2
90,26,0
11,3,0
73,17,1
56,7,3
64,18,1
40,0,3
62,0,1
89,16,1
89,7,0
65,28,0
54,26,2
67,27,2
113,0,1
109,19,0
2,27,2
27,10,3
105,1,1
48,1,3
12,24,0
105,0,0
81,0,1
113,25,3
76,0,3
110,16,1
37,28,3
15,0,1
46,25,3
29,24,1
36,3,1
13,29,1
51,0,3
62,2,1
71,22,1
6,22,1
14,12,0
28,6,2
83,6,3
70,0,1
78,27,1
48,15,2
