7,17,3
50,2,2
22,5,3
22,1,2
14,19,3
64,3,3
108,8,2
96,21,0
86,10,0
48,12,1
64,5,2
24,4,3
75,5,3
77,15,3
18,17,1
41,20,3
67,7,0
65,9,3
18,5,1
88,26,1
107,24,1
53,21,2
23,2,0
107,1,2
90,1,3
108,27,2
27,17,2
61,12,1
7,5,3
14,18,1
26,0,2
102,20,3
83,16,3
2,2,2
89,3,0
74,25,2
23,25,2
83,29,0
35,7,1
66,2,0
90,2,3
51,16,1
32,25,0
107,11,2
39,20,1
7,11,1
9,28,1
29,9,3
106,21,1
86,5,1
35,17,3
60,7,3
1,2,1
88,3,3
11,14,0
65,11,3
95,15,3
112,23,0
97,2,2
8,16,1
49,24,2
108,9,0
19,11,1
14,13,1
26,7,3
93,17,3
59,15,2
108,1,1
25,28,2
85,10,3
64,11,3
55,26,0
114,7,1
61,29,3
0,22,1
103,17,2
59,2,2
59,8,1
48,19,0
95,6,3
43,7,0
71,16,0
43,12,2
53,1,0
83,27,3
55,12,0
18,15,1
71,15,2
101,15,0
69,8,1
85,15,0
94,7,2
0,1,1
34,19,3
31,20,0
35,0,3
21,10,1
89,10,2
34,0,1
27,9,0
