2,11,2
23,2,2
69,0,3
95,1,2
16,10,0
16,7,3
65,2,1
19,19,2
114,0,3
112,22,2
16,13,0
49,9,2
37,10,1
102,29,1
56,14,0
96,17,1
0,10,1
93,0,1
58,19,1
2,26,1
86,10,1
103,19,2
27,6,3
27,16,2
14,1,3
65,19,0
65,9,2
24,2,1
89,8,1
11,25,1
68,0,0
36,18,3
11,7,2
22,8,0
5,20,2
63,23,1
0,1,1
93,13,1
69,23,1
90,16,1
58,16,2
28,7,2
84,20,2
101,29,3
48,21,2
36,11,2
75,23,0
74,11,0
106,4,0
111,24,1
48,4,2
91,2,0
37,23,3
64,27,2
60,1,2
55,29,2
84,3,0
45,3,1
69,10,0
27,13,3
80,8,3
29,22,2
87,12,0
14,17,1
35,2,0
7,16,0
69,18,3
99,19,1
90,20,3
48,3,3
68,6,2
79,22,0
24,19,1
59,0,1
68,25,2
40,26,1
90,1,0
66,1,3
103,0,3
64,16,3
93,24,2
50,12,0
58,17,3
25,15,3
40,25,2
66,7,2
96,0,1
94,6,0
49,26,2
72,1,3
51,18,3
31,11,0
23,23,3
100,12,1
76,17,3
58,21,1
29,26,0
29,10,3
84,2,3
82,26,1
