0,28,1
56,16,1
21,13,0
69,0,0
58,5,0
87,16,1
44,20,0
105,12,1
101,22,1
43,13,0
9,8,1
99,27,3
49,25,1
87,25,3
97,11,2
49,1,2
7,25,0
7,13,3
107,9,3
65,23,3
36,29,0
69,13,2
82,1,3
19,27,0
105,27,2
100,29,1
35,23,0
5,13,3
63,14,1
48,9,3
25,0,0
79,24,2
68,17,0
95,12,1
103,17,2
30,25,2
40,11,0
96,26,1
60,26,3
25,27,3
59,0,0
60,0,3
10,7,3
98,0,0
62,17,1
100,21,2
83,8,0
84,7,0
45,21,1
85,13,2
69,26,3
73,14,3
27,24,3
101,0,3
43,9,0
89,2,2
89,14,3
10,19,1
0,2,2
69,15,3
109,6,2
35,16,0
24,24,2
55,12,2
80,4,3
91,17,0
4,17,0
57,20,1
74,25,1
50,13,0
13,1,2
32,17,1
29,0,2
91,3,2
31,18,2
56,2,3
99,1,0
53,3,1
51,14,3
71,9,3
29,28,3
24,18,2
57,15,2
2,24,0
87,0,1
16,9,0
94,18,0
9,0,3
45,10,3
40,13,2
38,25,1
82,5,1
16,17,2
74,14,2
39,15,1
98,2,0
46,26,0
63,24,2
89,8,0
94,28,1
