32,9,1
16,6,1
16,18,1
14,16,1
13,2,0
37,8,3
29,8,2
38,6,2
28,11,3
28,3,3
6,7,0
32,12,2
2,16,0
28,19,0
19,10,3
32,16,3
38,9,0
3,16,3
18,0,2
13,9,3
2,15,2
33,13,2
41,13,1
24,7,3
11,13,1
27,8,2
4,14,1
41,15,0
8,3,2
20,15,0
16,5,0
36,5,0
29,17,1
5,19,0
37,13,1
3,9,1
34,10,2
30,4,1
30,10,1
23,14,2
32,4,1
16,17,0
25,6,0
1,6,0
5,6,3
6,4,1
12,16,3
5,3,1
37,19,0
24,13,2
11,0,2
13,10,3
22,4,0
2,1,0
30,13,2
26,6,0
31,18,0
30,0,2
28,7,1
31,10,1
19,16,1
12,4,0
28,5,3
13,19,0
22,10,0
34,16,1
11,2,1
15,13,1
33,10,3
20,10,2
18,16,1
19,2,2
11,8,3
15,2,0
41,5,3
26,12,3
18,9,0
9,0,1
26,14,1
16,8,2
15,7,3
10,16,1
34,6,3
4,6,0
7,5,2
20,7,2
26,1,0
8,8,2
19,8,2
29,2,2
7,7,0
23,5,1
25,5,2
3,11,0
0,7,3
38,0,1
0,8,3
3,15,3
4,17,0
28,0,0
