22,14,0
3,3,3
17,7,3
9,11,2
3,1,2
9,2,1
29,11,0
29,14,0
9,0,3
24,0,1
3,9,1
18,13,3
14,10,2
38,15,2
36,8,0
10,9,0
40,13,0
27,18,0
22,16,0
38,8,0
5,5,2
23,18,2
15,9,2
14,6,2
33,15,1
33,11,3
24,2,3
37,7,1
0,7,3
2,1,0
27,15,1
25,3,3
24,9,0
24,11,1
14,4,0
10,10,0
17,12,0
33,0,2
26,0,2
20,5,2
32,7,0
41,16,2
8,1,1
34,1,2
13,5,1
33,6,0
36,15,3
8,13,3
35,13,2
39,12,3
31,12,2
20,17,3
36,1,0
23,2,0
33,14,2
28,0,0
36,6,3
12,16,3
30,1,0
2,17,0
19,19,3
14,19,1
32,16,2
8,8,3
14,0,3
19,1,0
30,11,0
20,0,0
0,16,3
9,16,2
12,6,0
14,15,3
3,8,2
17,8,1
17,11,1
11,10,0
13,2,2
22,2,2
31,5,1
2,13,0
27,5,1
29,18,1
35,3,0
5,17,0
41,4,2
14,5,1
41,7,2
8,10,3
13,14,1
31,14,1
3,12,0
0,10,0
10,14,0
18,3,0
40,2,1
23,10,3
25,4,3
19,9,0
26,6,0
7,19,3
