19,0,3
38,12,2
4,5,0
12,4,0
34,12,3
38,7,1
2,11,3
9,5,3
35,19,2
35,1,3
1,9,0
15,0,1
18,3,2
36,15,3
13,2,2
41,3,3
30,7,1
40,2,0
17,7,1
11,13,0
9,6,0
21,1,1
34,1,1
29,6,2
22,9,1
14,3,3
24,7,2
23,9,2
18,7,1
26,17,2
40,14,2
36,14,3
2,5,2
19,2,1
5,14,0
39,14,3
28,6,3
8,3,2
31,8,1
7,15,2
26,16,1
30,14,2
37,0,3
16,9,1
6,13,3
28,2,3
13,6,2
27,4,3
13,16,2
26,6,1
4,0,2
22,6,3
17,2,3
22,16,0
32,13,1
24,12,1
8,8,2
17,18,3
4,7,1
27,5,1
31,4,3
23,3,3
15,5,3
5,6,0
24,14,3
24,5,0
24,8,3
36,7,0
26,10,1
12,9,2
25,4,3
14,13,1
6,16,2
16,7,3
35,2,0
32,19,3
30,15,0
14,0,1
22,14,2
19,9,1
6,17,2
11,16,2
3,4,0
33,14,0
7,12,2
19,12,1
22,5,2
7,18,1
37,7,3
30,0,0
18,11,3
3,0,2
2,18,2
36,2,2
21,11,0
34,11,0
21,13,3
2,12,1
6,10,2
18,14,0
