33,17,0
10,14,0
36,8,3
26,4,2
0,6,3
27,16,3
30,13,1
24,12,3
12,19,3
31,9,2
30,8,3
14,11,3
29,3,2
37,10,2
18,0,2
23,9,1
36,3,0
26,15,0
20,13,1
24,7,0
34,8,2
5,8,3
6,3,0
21,6,1
36,15,1
3,3,1
12,1,3
16,10,0
9,11,2
37,6,3
30,7,0
8,12,1
31,1,3
6,5,3
25,0,0
12,15,2
5,12,2
41,0,2
21,5,1
11,8,2
13,4,3
18,15,0
22,2,2
13,0,2
21,14,1
6,15,0
30,18,0
8,9,3
32,12,2
2,7,1
7,6,1
2,12,1
3,17,2
10,1,0
37,3,1
13,12,3
17,19,0
3,10,1
39,7,2
5,6,0
15,14,0
5,10,1
0,0,3
35,19,3
20,1,2
23,5,1
7,11,1
19,7,3
38,6,1
39,0,0
33,11,0
9,3,1
17,3,2
31,8,2
41,13,3
34,18,2
16,14,1
27,17,1
5,18,3
1,9,3
22,3,0
37,16,0
15,8,1
29,6,3
16,2,0
29,13,3
22,8,3
3,1,1
28,2,0
23,15,3
5,0,3
39,10,0
8,0,2
4,12,1
2,18,0
8,6,0
35,1,3
41,18,0
18,1,2
0,16,1
