30,13,0
30,14,1
18,11,2
27,5,2
21,14,1
24,6,0
16,6,0
17,17,2
34,0,1
35,3,2
6,9,0
19,16,3
19,1,3
16,2,1
6,7,2
16,16,3
36,16,2
3,2,0
12,11,0
3,5,2
24,13,0
2,11,1
38,14,3
34,6,1
4,18,2
11,4,3
5,15,1
0,18,3
30,4,3
35,14,1
16,8,2
34,4,0
31,12,3
6,3,1
6,0,0
8,1,1
39,11,1
20,1,3
36,10,3
24,0,0
25,6,0
31,10,0
33,3,3
41,8,1
4,0,1
20,2,0
41,0,1
38,13,3
28,0,3
19,0,0
12,13,2
21,13,1
39,7,3
4,14,0
29,2,3
12,0,0
37,13,2
9,19,3
9,5,3
4,3,1
28,1,0
2,10,3
29,11,0
31,2,2
3,7,3
21,17,2
13,5,1
5,7,0
30,15,0
3,8,0
31,9,3
26,15,3
21,19,2
35,18,3
40,6,3
38,19,3
1,17,1
17,9,2
1,15,3
14,16,3
0,4,3
6,1,3
22,12,2
4,6,3
21,4,1
38,1,3
15,9,2
29,6,1
33,1,0
1,1,1
7,12,0
22,9,1
28,7,2
38,2,2
20,13,0
21,8,1
1,9,1
41,16,1
5,3,3
25,13,3
