14,9,2
3,5,1
10,0,3
28,6,0
35,8,0
5,19,3
36,0,1
38,1,2
16,9,2
2,9,3
37,11,2
2,11,0
8,14,3
10,15,0
7,10,3
6,9,3
37,14,2
34,12,0
21,19,0
27,1,3
2,7,2
2,1,1
25,17,0
17,11,2
36,13,3
35,11,0
36,15,3
20,12,2
22,3,2
7,11,2
31,0,2
21,6,1
26,9,1
10,1,2
21,1,3
27,9,0
34,4,1
2,18,0
16,14,0
4,0,2
12,18,2
39,8,1
9,3,3
15,8,0
2,8,2
35,2,3
1,17,3
27,3,3
17,9,0
19,13,3
27,19,0
1,9,1
33,3,2
38,15,1
10,18,0
32,4,2
16,1,1
17,4,3
41,6,3
13,9,1
22,2,2
29,1,1
5,3,1
22,5,1
8,0,2
8,2,3
5,7,2
12,8,3
14,8,0
27,6,3
33,18,3
40,13,1
20,9,3
29,7,3
3,4,3
0,19,2
39,19,2
32,16,1
11,2,1
18,14,3
23,10,1
22,16,1
15,12,2
15,18,2
19,18,1
9,5,1
14,0,0
7,12,2
41,0,0
8,9,3
26,4,1
29,15,1
28,0,0
41,3,1
28,19,3
7,19,0
12,7,2
41,10,0
24,5,3
32,14,3
