29,7,3
27,15,3
39,7,2
34,1,2
5,11,0
28,13,0
28,8,1
24,10,2
23,0,3
0,15,0
1,14,0
22,19,2
16,3,2
37,0,3
28,18,3
15,12,2
2,11,1
23,1,1
8,13,1
7,5,1
20,15,2
27,6,3
32,16,1
31,15,3
11,9,1
20,8,3
19,2,3
8,12,0
21,8,2
15,10,0
32,13,0
31,2,1
24,7,1
4,7,1
39,17,1
31,19,3
20,11,3
4,17,0
35,19,0
12,3,3
3,6,2
5,3,3
20,3,2
13,8,1
9,12,3
18,13,0
33,12,1
7,13,2
2,14,2
28,0,2
35,15,3
19,4,0
0,7,2
37,13,0
37,11,2
13,2,0
38,11,0
13,15,1
18,4,2
38,4,0
0,8,2
19,5,1
36,13,2
9,6,0
11,6,2
6,10,0
22,7,1
33,2,0
14,6,3
36,2,1
1,3,3
9,17,2
17,14,1
38,15,0
11,17,2
26,9,3
24,13,3
11,0,1
18,11,0
14,2,1
22,3,0
14,15,3
27,10,0
24,6,2
3,17,2
28,2,1
33,0,0
33,10,2
35,1,2
19,17,2
3,7,3
19,10,3
24,2,0
22,4,1
23,14,2
10,14,0
0,18,0
21,16,1
40,9,1
29,3,1
