11,14,2
15,18,1
37,8,3
31,11,1
33,9,2
0,7,1
33,2,2
21,18,0
18,4,0
13,5,2
13,7,1
13,2,0
40,11,2
30,16,2
13,9,0
35,6,1
24,19,3
36,4,2
5,0,2
41,4,3
28,13,1
26,15,0
8,3,2
12,7,3
37,15,2
34,11,3
8,16,1
26,0,2
34,8,0
7,10,1
12,18,0
18,11,1
5,1,1
23,0,2
23,18,0
5,11,2
19,14,3
7,17,0
33,12,1
23,17,1
22,5,0
18,16,1
28,14,1
21,5,2
17,4,0
37,13,3
28,10,3
37,18,0
19,11,0
10,15,3
23,5,2
6,3,1
5,14,2
8,12,2
3,1,2
22,4,2
1,19,3
19,12,2
16,0,3
1,6,2
33,13,1
36,17,0
36,12,2
11,3,1
19,3,3
16,2,3
0,9,2
21,3,2
10,12,0
16,1,3
28,15,2
25,11,2
4,14,3
7,1,0
26,2,1
4,0,0
32,7,1
32,13,2
10,13,3
20,17,2
28,1,0
19,7,3
27,6,0
14,17,0
12,12,1
23,2,0
18,3,2
13,1,3
14,2,1
6,6,0
23,1,0
15,13,0
10,9,1
37,19,0
1,1,2
32,6,0
30,3,3
12,8,2
6,18,1
7,7,2
