40,19,1
1,6,2
0,13,3
31,7,2
8,6,1
18,3,1
2,12,2
12,7,0
15,0,1
5,17,0
21,2,3
35,14,0
33,5,0
6,3,3
9,7,3
22,10,2
30,5,1
18,19,3
5,15,2
24,1,3
38,0,3
36,6,3
21,11,2
11,13,0
4,8,0
6,2,2
10,8,2
30,9,0
35,0,1
9,9,2
31,10,2
4,3,3
37,9,1
0,1,3
26,0,2
8,14,1
2,17,2
15,15,1
0,14,3
8,10,1
20,13,2
3,16,1
20,5,1
23,12,3
32,8,1
6,17,1
13,1,1
27,6,0
5,0,2
32,4,2
37,6,2
10,18,0
9,2,2
18,7,0
38,11,1
19,5,3
19,1,1
17,16,1
0,16,0
39,12,0
16,9,0
38,13,3
28,18,0
19,6,0
2,19,1
35,12,3
18,15,2
3,3,2
2,5,3
28,1,3
12,8,1
34,2,1
26,6,3
29,15,0
31,0,0
7,12,1
30,15,0
33,18,3
17,12,2
23,3,1
33,3,0
14,8,0
11,6,0
38,14,1
41,5,2
4,18,2
32,11,3
33,1,2
24,6,0
8,2,3
10,2,1
35,11,2
5,14,2
4,5,2
5,9,1
23,8,3
0,7,0
34,16,3
23,19,0
25,11,0
