36,19,1
32,6,0
5,10,3
24,10,3
9,0,2
4,4,2
24,9,3
6,2,3
11,4,3
32,1,1
31,17,2
29,0,3
0,5,1
27,11,0
4,6,3
7,14,1
38,5,3
3,7,3
21,2,2
14,2,3
31,3,0
4,12,0
39,18,1
4,8,2
31,2,0
28,3,1
31,7,3
30,0,2
9,2,2
39,12,1
40,12,2
39,2,0
35,1,1
14,5,1
19,1,0
21,9,3
29,11,0
10,3,1
36,9,2
18,5,0
15,5,1
30,18,1
13,3,1
32,12,1
2,9,3
15,12,2
18,0,0
3,6,0
0,10,3
18,8,3
32,17,3
7,9,2
4,9,0
31,18,1
20,14,2
9,12,1
19,10,3
37,6,2
30,8,0
0,2,3
11,11,3
8,6,2
18,14,2
12,13,1
37,11,0
0,12,2
22,0,1
26,0,0
27,18,0
13,8,1
38,4,2
15,15,1
25,10,1
13,7,1
38,13,3
9,17,3
5,0,3
34,3,3
12,6,3
18,4,2
26,10,1
41,10,2
35,18,0
29,5,0
12,7,0
5,1,0
5,14,1
6,5,3
19,14,1
28,16,3
16,17,2
20,8,1
33,11,0
23,14,0
33,13,1
25,9,0
6,16,1
21,16,1
31,10,0
35,5,1
