35,19,1
22,17,2
38,0,3
20,9,2
37,19,3
21,6,0
6,15,3
23,13,0
33,18,3
11,2,3
15,5,0
23,19,3
17,17,1
6,16,2
12,14,0
37,16,1
19,0,1
33,17,0
10,1,2
35,0,3
39,4,2
40,6,0
19,7,0
20,5,2
14,8,0
22,8,2
28,4,1
6,7,2
11,13,3
4,9,2
31,9,2
7,3,3
32,6,3
31,2,0
17,3,0
29,9,2
35,12,3
36,13,2
24,18,1
27,12,1
18,15,2
38,7,2
7,10,2
12,10,2
21,4,2
35,2,2
22,2,0
39,16,3
17,7,0
24,15,1
0,9,2
15,2,1
30,1,1
24,1,3
33,9,0
27,0,1
37,12,3
11,3,0
17,1,1
41,15,0
32,9,1
1,5,3
40,5,0
21,10,2
0,10,3
33,14,3
5,6,3
5,4,1
8,8,2
31,5,0
18,5,1
8,14,3
3,8,3
15,18,2
26,6,0
20,10,0
25,2,2
24,17,3
31,4,1
8,13,3
28,7,3
15,4,3
8,5,3
2,2,3
41,5,2
39,14,1
32,4,0
16,1,0
14,14,3
4,8,2
33,6,3
6,0,2
24,4,3
27,2,2
29,1,1
16,15,2
29,19,2
0,17,3
7,14,3
0,19,2
