36,10,0
6,7,1
25,18,0
0,6,3
32,12,3
17,4,2
13,5,1
10,6,2
31,3,0
25,13,2
5,7,3
10,12,2
25,3,0
24,0,3
17,9,0
21,16,2
32,2,1
8,4,1
24,4,0
41,18,2
36,11,0
32,18,2
20,7,3
23,0,0
22,1,0
28,1,0
35,17,2
1,14,3
10,3,3
3,17,0
40,0,2
30,9,3
7,1,0
35,0,2
11,5,2
15,19,3
23,13,3
32,14,3
12,10,3
34,0,2
29,19,2
10,13,0
4,11,2
16,10,3
29,9,3
37,2,2
16,12,1
27,13,2
40,7,1
26,10,0
0,1,2
12,1,3
37,10,2
24,7,0
14,7,1
0,0,1
36,3,1
19,5,1
30,4,3
16,19,2
13,14,2
37,1,3
21,17,1
24,13,1
1,19,0
26,8,2
5,19,1
5,13,3
18,12,2
13,2,2
13,16,0
20,13,3
6,8,0
37,6,1
25,9,2
35,4,0
32,11,3
2,12,3
16,4,0
1,5,3
11,0,2
26,13,0
6,2,3
6,3,3
21,11,3
32,15,1
32,1,0
13,13,0
31,12,1
29,1,2
30,16,2
23,9,3
2,2,0
7,16,2
26,1,1
12,11,3
6,18,1
37,15,1
12,9,2
20,3,1
