33,13,2
10,14,2
15,19,3
27,10,0
26,10,2
15,1,3
34,7,0
38,13,0
19,14,1
27,18,2
11,15,2
19,7,2
20,16,0
22,15,3
20,8,0
27,12,2
37,19,1
12,12,3
2,8,1
13,13,0
10,15,0
19,4,2
4,6,3
16,10,3
17,12,2
8,1,0
3,9,1
0,15,2
37,8,1
11,4,1
9,1,2
36,8,0
9,15,3
30,1,1
26,18,1
12,19,2
27,0,2
1,16,3
12,2,3
5,9,0
13,5,2
13,8,2
3,3,3
35,7,3
17,14,1
6,8,2
17,2,1
13,9,2
5,13,0
18,3,3
9,10,3
35,11,3
24,0,0
23,3,2
1,12,0
37,11,1
37,1,2
29,0,2
19,0,3
28,7,0
38,2,2
18,17,3
6,19,0
27,6,0
25,0,3
27,16,2
17,1,3
15,7,2
3,2,2
22,10,2
23,11,3
2,4,2
31,4,2
11,18,3
31,12,1
19,13,1
18,15,2
30,12,2
35,14,2
33,0,1
0,14,0
29,8,2
33,5,1
18,9,0
23,4,1
24,7,3
0,17,0
15,14,3
15,8,1
31,14,2
0,9,1
29,7,1
38,14,0
34,17,1
8,14,0
11,0,3
3,0,0
0,3,3
33,6,0
5,4,3
