1,5,3
22,1,1
25,5,3
28,1,0
32,8,1
7,12,1
5,6,1
26,6,0
39,6,2
32,18,1
34,19,2
12,2,3
39,13,2
32,13,2
20,1,0
40,14,3
17,7,0
29,12,0
26,19,0
18,5,0
37,15,2
1,0,1
11,12,2
19,3,2
33,8,1
33,2,1
35,0,2
2,3,2
1,6,1
41,8,0
9,0,3
19,18,2
12,7,2
17,0,0
10,8,2
8,4,0
9,17,2
20,14,1
11,19,0
35,19,0
31,5,0
19,5,3
27,4,3
7,18,1
20,9,1
30,17,0
16,7,1
2,8,0
35,18,3
1,15,0
38,2,1
12,13,3
22,9,2
27,17,2
30,18,0
6,17,3
29,13,1
24,16,0
35,9,1
19,11,1
36,13,0
36,7,3
37,6,1
6,16,3
0,17,0
18,10,3
7,7,3
15,12,3
17,15,2
11,1,3
8,16,1
9,4,3
13,13,1
22,2,3
14,7,0
30,13,2
8,2,2
20,12,3
15,0,2
20,17,3
33,0,2
13,19,1
5,11,1
26,9,2
0,9,0
2,14,3
9,13,3
14,1,2
9,9,2
3,7,2
1,4,1
27,0,3
28,14,1
38,6,1
23,8,0
35,10,3
0,8,1
1,12,3
32,3,2
12,3,1
