35,9,2
27,6,0
19,1,3
34,9,3
15,10,3
1,15,0
0,6,1
36,17,3
3,13,0
10,8,0
37,0,1
9,16,0
39,4,3
25,12,3
27,18,1
27,10,0
27,11,3
25,9,0
31,10,3
9,9,1
23,17,0
3,3,0
30,6,2
17,11,3
4,1,0
40,9,0
20,3,2
13,0,2
12,16,1
17,12,0
24,1,2
3,0,0
23,3,3
0,11,1
38,6,3
32,15,0
1,14,2
6,5,2
15,2,1
4,6,2
4,2,0
25,19,0
27,0,0
20,6,2
33,0,0
31,19,2
13,3,0
26,0,2
18,9,2
5,12,2
7,18,0
19,13,3
37,1,1
12,1,3
9,8,3
32,5,3
27,13,1
14,16,1
9,15,2
20,19,0
12,4,0
38,17,2
9,0,3
40,14,1
8,4,3
7,1,2
40,13,1
7,11,2
10,12,2
30,15,1
30,14,2
20,2,2
18,17,3
29,13,0
12,5,1
26,4,1
37,10,0
22,6,2
18,18,3
18,5,1
36,14,1
18,8,3
7,14,2
16,3,2
26,3,1
25,5,1
12,7,3
26,6,1
31,3,2
23,1,3
14,15,2
2,13,2
38,3,2
4,0,2
3,11,0
25,4,0
10,13,3
15,17,3
39,2,2
8,13,0
