9,2,2
6,12,1
26,0,3
12,10,1
35,13,2
37,10,2
32,12,1
14,6,3
6,0,0
0,5,3
1,2,1
22,8,0
25,3,2
14,10,0
31,2,1
21,8,1
30,18,1
9,8,1
26,19,0
0,2,0
27,5,2
32,6,3
9,14,1
41,8,3
4,7,2
32,1,1
15,12,0
8,16,0
28,16,0
15,9,1
30,11,2
0,0,2
1,13,0
8,13,0
20,13,1
9,17,2
26,3,3
27,6,2
10,6,0
11,2,3
14,1,0
21,2,3
0,11,2
13,18,1
20,8,0
35,4,2
39,6,1
18,11,2
31,10,0
39,16,2
13,12,0
3,3,2
11,11,1
28,9,2
26,14,3
7,4,2
39,0,1
0,12,2
32,7,1
2,1,0
28,10,2
19,15,0
14,19,3
35,5,2
5,6,1
11,0,1
18,6,0
31,1,3
15,2,3
31,16,2
36,9,3
33,13,1
34,8,1
5,11,3
14,14,1
13,9,2
0,17,0
35,19,3
22,6,2
27,14,2
40,15,2
26,13,0
16,2,3
11,14,1
24,15,2
21,0,3
31,0,0
20,3,0
19,13,3
8,0,1
19,6,1
41,15,1
28,5,3
25,13,3
23,16,0
18,14,2
29,7,1
22,19,0
6,11,1
14,13,2
