5,19,1
28,18,3
23,14,2
15,1,3
6,13,1
20,7,3
19,2,2
1,5,3
18,19,3
0,13,2
33,7,3
27,2,0
20,3,0
6,17,0
26,6,0
36,17,2
17,3,2
37,3,3
12,15,2
0,6,0
30,6,1
31,12,1
24,4,1
30,9,0
2,5,2
33,8,1
2,1,0
36,6,1
30,12,3
18,9,1
29,12,2
36,3,3
13,2,0
24,3,0
12,9,3
26,12,2
2,17,3
1,17,0
39,4,1
4,2,2
12,1,3
10,10,1
7,5,0
33,6,0
12,3,2
36,15,2
16,1,1
14,16,1
12,18,3
40,18,2
38,0,2
27,7,2
37,2,2
11,5,1
17,13,0
17,6,1
41,6,1
26,5,2
21,17,2
1,6,2
13,7,0
3,4,1
4,7,1
0,5,3
30,8,3
19,0,1
25,11,2
7,16,0
9,11,2
9,19,2
27,12,1
32,17,1
11,0,0
26,1,1
11,6,1
9,12,3
11,2,0
10,8,1
33,1,2
41,7,0
19,8,3
1,18,1
18,15,2
11,15,3
24,17,2
34,5,2
28,11,3
18,8,1
28,19,2
9,6,2
29,0,0
23,7,2
9,1,1
22,10,3
34,12,0
16,14,1
12,0,0
16,11,0
36,16,0
28,0,0
