18,1,2
38,12,1
24,14,0
3,8,0
1,6,3
9,12,2
4,0,0
8,17,0
7,18,3
32,11,2
11,15,3
14,11,0
16,15,1
37,14,1
14,15,2
5,10,0
13,7,2
32,7,2
22,14,1
28,1,0
31,15,1
9,5,1
16,7,0
14,9,2
40,9,3
30,4,0
6,0,0
14,0,2
29,15,1
29,11,0
5,17,1
7,6,0
5,2,1
4,15,3
40,15,2
5,14,0
3,14,3
23,12,1
26,2,1
9,19,1
27,12,0
10,12,0
14,5,0
32,10,3
15,10,0
38,2,2
0,9,3
32,1,3
12,9,2
7,9,2
19,5,1
0,14,3
39,9,2
4,5,2
23,16,0
9,13,1
36,0,2
32,0,2
36,6,1
30,11,3
16,19,2
39,14,1
28,12,3
3,6,3
41,19,1
6,4,3
4,7,3
26,10,3
1,7,2
6,2,0
28,8,2
12,4,0
29,19,2
15,5,2
4,12,3
28,4,3
19,16,1
16,17,1
32,4,2
8,2,1
25,5,2
24,0,2
22,8,2
38,17,0
31,0,3
32,18,2
0,10,3
27,15,2
27,18,0
34,11,0
36,18,2
20,1,3
39,16,1
16,12,1
24,7,3
36,13,3
8,0,0
13,3,0
6,11,3
23,6,1
