0,12,0
35,11,3
33,6,3
23,4,0
14,11,0
15,5,3
17,18,3
6,9,2
12,0,1
32,5,3
10,5,3
10,8,2
35,12,0
14,19,0
6,11,1
36,5,0
29,17,2
14,1,1
33,8,0
0,6,1
35,7,3
11,18,2
13,18,0
33,10,2
33,0,1
36,0,1
1,0,0
19,0,2
15,1,2
24,19,0
26,6,1
19,18,3
14,2,0
28,5,0
25,16,2
21,19,2
25,3,0
27,15,2
5,12,0
2,18,0
25,10,3
18,7,1
9,6,3
11,8,3
19,10,1
15,11,3
6,8,3
21,15,3
24,7,1
16,2,0
23,8,0
26,5,2
4,6,2
11,0,0
6,17,0
26,14,3
7,17,0
1,9,2
3,13,0
6,0,0
38,9,3
17,5,1
27,11,0
24,9,0
18,15,0
9,8,2
34,18,0
27,3,1
33,17,0
28,15,0
37,2,0
29,12,2
1,8,2
31,17,2
7,0,1
0,1,1
23,3,2
17,4,1
0,19,3
13,12,1
28,9,0
0,3,0
29,1,3
3,5,0
30,15,0
35,18,2
10,16,1
11,14,0
0,14,1
7,11,3
0,13,0
15,17,3
36,13,3
35,15,2
12,15,0
36,3,3
13,3,0
28,10,2
29,7,2
15,13,2
