32,2,2
24,15,0
19,2,1
39,0,2
8,8,0
14,1,3
12,10,3
22,17,1
20,7,0
2,7,0
17,4,1
16,0,3
17,14,0
4,12,3
5,9,0
14,9,1
27,7,3
5,2,2
11,2,2
20,14,1
33,15,0
11,5,3
29,18,0
33,13,0
11,17,2
6,15,0
16,7,0
34,2,1
0,15,1
26,4,1
28,14,3
7,8,0
3,9,3
2,10,0
9,10,1
25,12,0
18,0,1
41,8,1
25,10,1
14,12,3
20,0,0
20,5,3
15,18,1
16,15,0
5,18,2
2,12,0
0,6,3
28,5,3
8,9,2
4,11,2
1,3,3
3,10,0
22,15,3
0,10,2
21,7,0
25,9,3
13,0,1
31,1,1
30,16,0
1,7,1
6,13,0
37,4,0
33,3,2
37,14,1
27,3,1
27,16,1
2,4,0
28,8,3
24,0,1
21,10,0
28,6,2
12,16,2
35,5,3
8,17,2
7,6,3
36,10,2
26,10,0
3,19,0
41,6,0
30,11,2
19,10,1
18,7,2
12,15,0
29,11,2
40,17,2
15,3,2
17,3,0
1,17,3
30,12,2
21,4,2
27,0,0
5,1,2
1,4,1
34,11,2
17,10,2
11,19,3
25,0,3
37,12,3
16,5,2
5,5,2
