10,6,1
16,5,3
1,0,2
28,9,3
37,0,1
30,19,2
29,8,0
34,2,1
21,7,3
9,8,0
28,4,1
17,19,1
12,1,0
31,17,3
29,5,0
29,12,1
20,18,1
22,14,3
19,3,2
30,3,1
15,12,3
40,9,1
41,2,2
13,0,0
18,6,3
18,8,1
24,9,1
21,1,0
38,12,3
32,12,1
8,19,1
22,2,0
9,2,1
32,8,0
0,8,3
22,17,1
15,9,0
17,15,3
8,9,1
7,7,2
29,3,3
21,12,1
2,8,1
30,7,3
18,12,1
9,17,1
22,12,3
3,1,2
41,0,1
16,0,0
33,15,0
37,4,3
2,13,3
5,8,1
2,7,3
3,4,1
12,13,0
37,16,3
12,4,3
5,12,1
17,6,3
38,3,1
33,14,0
41,19,0
25,1,0
1,16,3
23,16,3
23,6,0
31,5,1
23,3,2
4,14,3
10,3,1
12,19,2
13,14,3
23,10,0
3,5,1
33,10,3
0,0,2
40,7,1
5,3,3
17,8,3
0,18,0
28,1,3
22,1,1
13,7,0
17,18,2
38,7,1
3,6,3
6,16,3
36,12,2
2,2,1
27,17,1
28,2,2
26,2,1
31,16,3
37,1,3
34,7,3
37,2,2
11,11,2
13,18,3
