40,0,1
34,8,2
4,1,1
17,0,2
1,18,3
36,5,0
17,4,2
8,2,0
9,13,0
1,2,3
35,19,3
0,11,2
15,12,1
22,3,0
9,1,2
21,17,1
3,14,2
18,6,2
19,5,0
11,18,1
35,2,3
39,4,1
23,15,2
32,18,2
5,4,3
39,7,3
8,16,1
3,9,2
11,2,0
19,19,0
25,5,3
37,12,3
37,3,3
30,2,2
32,5,1
22,5,1
20,0,1
32,7,2
33,0,1
40,9,3
9,4,3
16,2,1
0,12,1
7,10,1
35,14,1
6,8,2
4,12,1
35,1,1
22,8,3
0,14,3
28,16,3
28,2,2
30,17,0
24,18,2
26,0,3
19,14,3
35,13,3
38,17,3
6,5,3
9,8,2
20,15,3
22,12,0
26,10,2
10,4,2
30,6,3
17,2,2
10,3,3
24,10,3
30,15,3
33,9,1
15,19,3
32,15,3
25,13,3
13,7,3
36,9,0
27,10,0
7,11,3
28,12,0
12,10,1
8,11,2
25,4,0
19,12,1
16,13,1
31,16,3
0,4,0
1,13,0
10,13,3
21,1,0
30,1,0
6,12,1
2,3,2
41,3,1
22,4,2
19,15,1
37,8,3
21,9,0
35,6,3
4,6,0
15,11,2
4,19,2
