36,14,0
22,18,2
40,9,0
20,1,2
26,15,3
13,6,1
8,15,2
22,7,0
39,12,0
40,10,3
40,15,2
4,6,1
0,8,1
16,14,2
14,5,2
15,19,2
33,8,2
37,7,3
23,5,1
7,7,2
35,14,3
35,5,1
10,16,2
32,6,1
40,5,3
2,11,3
29,11,0
25,11,1
28,3,3
36,2,0
33,5,1
23,2,0
21,1,3
1,1,2
24,1,3
35,3,3
38,14,0
32,14,1
11,7,1
21,19,2
6,12,2
29,16,2
16,2,0
13,8,3
6,16,3
6,19,2
20,0,0
26,9,2
40,16,2
12,3,3
16,18,0
18,10,1
8,8,1
24,15,2
30,3,1
0,12,1
28,6,2
17,18,3
7,14,1
14,9,2
33,16,1
9,10,1
27,4,0
20,8,1
21,3,3
0,1,2
37,19,1
22,9,0
7,16,1
17,6,1
26,3,1
15,4,1
4,13,0
4,19,3
6,18,3
32,0,1
18,2,0
9,12,3
9,4,0
26,16,1
22,14,2
0,3,3
24,8,3
33,11,1
7,12,2
5,4,2
4,0,2
14,4,0
33,4,2
15,15,3
41,11,2
5,1,2
37,11,3
19,5,0
5,13,3
38,17,1
33,15,2
8,9,2
13,0,2
38,11,3
