0,15,3
16,8,1
30,11,0
7,0,3
19,5,2
38,6,0
23,4,3
20,9,3
26,1,0
8,11,3
25,6,2
34,0,0
4,10,0
21,3,1
26,10,0
31,4,0
18,0,3
25,12,3
33,6,1
20,12,1
32,10,0
32,13,0
37,6,2
41,12,3
15,8,0
28,19,2
31,18,0
8,7,2
7,15,3
29,14,1
22,14,2
30,16,2
11,3,3
20,11,3
29,12,1
28,1,1
39,14,3
27,5,2
0,8,0
14,6,0
5,11,2
2,3,3
19,14,2
34,18,3
14,13,2
3,5,0
18,16,3
19,2,3
27,1,2
27,0,0
3,3,2
8,10,0
8,14,0
35,7,0
10,14,0
0,4,2
14,4,0
13,16,1
36,1,1
30,13,1
30,7,0
25,1,2
15,14,2
13,6,0
2,19,1
19,4,1
40,7,2
23,13,1
21,16,1
19,10,0
33,0,1
27,18,1
28,15,0
16,14,0
14,12,2
17,10,0
37,0,3
35,4,3
5,0,1
34,14,3
10,0,3
35,6,0
31,8,0
9,15,2
20,5,1
15,0,0
39,9,1
27,14,0
28,2,1
1,10,3
0,11,0
25,14,2
3,8,3
3,16,2
36,12,2
28,14,0
9,5,1
20,16,3
32,17,0
14,5,2
