17,0,1
23,5,1
35,12,2
40,7,2
10,13,2
19,4,1
32,15,1
13,5,1
24,19,2
16,6,0
30,15,3
7,0,1
27,12,3
37,19,0
37,8,1
3,11,3
21,19,3
17,14,0
9,3,1
34,6,2
12,17,2
4,9,2
26,15,2
16,18,2
9,2,0
24,12,2
28,1,2
15,10,3
36,3,2
6,13,1
4,11,2
5,11,1
7,4,1
27,13,1
14,9,1
34,8,0
15,18,3
32,14,1
19,7,2
11,8,3
32,5,3
18,16,1
23,13,2
34,17,0
35,3,3
1,8,2
24,0,0
35,4,2
39,4,1
11,12,2
19,11,2
11,19,1
0,7,1
36,1,1
17,4,1
10,6,0
41,12,0
37,13,3
21,17,3
36,18,3
8,3,0
31,16,2
6,9,0
0,6,3
6,12,0
19,2,2
27,3,1
40,6,2
10,0,1
32,11,0
30,16,1
20,12,2
11,0,1
5,18,3
1,2,1
33,9,3
20,8,1
36,8,2
27,0,1
27,16,1
0,0,0
39,14,2
17,16,1
4,17,1
36,0,3
16,4,2
28,7,2
28,5,2
23,10,3
36,5,1
12,5,2
7,18,0
21,6,0
27,6,3
27,2,3
40,2,1
11,13,0
9,7,1
15,11,0
31,13,3
