18,0,3
3,1,1
33,0,2
16,4,2
13,12,2
38,11,1
24,12,0
14,5,1
7,3,3
21,9,0
23,7,2
0,6,1
29,17,0
37,16,2
15,10,2
32,3,3
15,2,1
39,10,1
8,14,0
23,13,0
22,16,2
31,10,3
32,10,3
8,18,2
17,15,1
5,16,0
25,13,3
26,10,0
26,14,3
1,17,1
32,12,2
15,8,3
17,1,3
33,4,2
19,2,0
10,11,1
6,16,2
5,2,1
33,15,0
20,11,2
31,13,2
15,9,0
6,4,0
30,1,1
38,17,1
25,17,1
10,1,2
2,17,2
21,1,1
28,0,0
7,11,0
5,9,1
1,11,0
18,5,0
20,5,2
37,5,0
14,14,1
11,13,0
21,6,2
26,11,0
9,8,3
14,0,3
6,10,0
14,12,2
17,14,3
10,0,1
16,3,3
41,3,2
1,15,0
3,5,1
6,15,0
38,16,0
24,4,1
31,5,3
0,7,1
27,7,1
24,3,3
27,9,2
32,18,3
8,15,1
9,3,0
7,0,3
14,8,2
2,10,3
7,9,1
10,5,0
35,0,3
33,11,1
38,5,1
35,12,2
28,6,2
0,16,0
6,19,3
35,15,3
22,7,1
25,3,2
0,0,3
2,4,2
33,6,0
37,1,1
