32,10,3
30,4,3
32,16,2
1,8,0
31,10,2
32,6,2
37,9,2
16,9,3
41,16,3
16,4,2
29,7,1
13,4,3
30,19,2
14,3,1
20,2,0
12,12,3
37,0,1
6,18,0
1,1,2
22,9,2
26,6,2
13,18,3
7,19,0
31,8,2
19,15,1
33,3,2
6,11,1
14,15,3
8,1,0
31,16,0
26,9,3
15,13,2
15,1,0
1,9,2
17,1,0
19,10,2
2,12,1
9,7,1
20,15,0
37,17,0
18,12,2
32,2,1
27,7,3
1,6,0
29,14,2
34,4,2
34,0,0
23,10,2
16,0,3
11,0,0
28,15,0
0,15,0
37,5,1
9,14,2
25,3,1
36,9,3
13,16,1
19,14,3
37,4,2
20,3,2
26,10,1
33,6,0
38,4,0
4,0,2
23,3,2
39,12,3
5,13,0
20,16,1
17,18,0
5,2,2
4,12,3
2,16,2
18,18,3
37,11,0
13,5,3
13,15,2
13,19,1
34,18,0
21,5,2
35,7,3
24,10,3
3,13,2
15,5,0
17,5,2
28,16,3
5,4,0
4,4,3
11,7,0
29,8,0
38,11,2
6,2,0
2,7,2
36,19,0
1,2,2
8,10,3
8,15,0
0,19,0
30,2,0
4,15,0
28,6,2
