11,0,1
37,14,1
24,5,1
35,18,1
11,4,2
3,5,0
40,2,0
8,16,1
15,15,3
24,15,2
39,11,3
0,1,1
8,3,2
38,3,3
25,2,0
29,0,0
9,11,0
19,9,1
21,14,1
14,16,3
18,10,0
28,10,0
22,16,0
41,1,0
34,13,0
1,14,1
1,3,0
13,6,1
2,10,2
3,11,1
40,19,1
24,3,2
7,2,1
9,14,2
18,14,2
7,5,1
29,17,1
13,3,1
2,9,3
27,4,3
33,6,3
29,3,3
9,16,1
15,6,2
27,13,2
25,0,0
39,0,0
30,8,0
3,0,1
28,1,2
17,0,2
37,12,0
36,12,0
24,8,0
19,16,1
34,14,0
35,2,2
36,7,2
35,7,3
0,12,3
3,19,3
14,7,2
2,8,0
33,14,1
21,0,3
24,7,1
38,16,3
8,15,2
5,7,3
36,9,2
16,19,3
15,4,0
29,5,2
26,10,0
19,7,1
1,13,2
6,5,3
22,17,3
34,8,1
33,11,0
0,4,3
11,12,1
23,6,3
8,9,3
8,11,3
29,14,3
11,7,3
19,1,2
25,13,3
15,1,3
23,10,3
5,4,1
34,4,1
19,8,0
7,8,3
6,4,3
26,4,2
22,6,0
25,8,0
7,15,0
