18,17,1
23,3,1
32,1,1
9,18,2
13,3,0
10,6,0
10,12,0
34,7,3
18,4,1
10,0,3
34,13,0
12,19,2
33,6,3
18,14,1
8,10,3
29,17,2
30,18,3
23,13,2
6,11,3
11,18,2
1,2,0
7,2,3
14,9,1
37,11,1
31,4,0
19,12,1
16,1,0
40,5,1
10,19,3
20,9,0
10,11,3
28,13,2
13,14,1
24,6,3
29,3,0
26,5,0
30,7,0
27,10,1
18,3,0
24,11,0
25,16,3
19,16,0
19,5,1
18,15,1
12,13,0
40,2,3
5,3,2
13,7,1
17,2,1
38,8,2
36,17,0
9,8,1
24,13,1
8,5,1
1,16,0
0,17,2
33,4,3
41,1,1
0,6,0
0,12,3
18,13,3
21,16,2
28,19,3
34,9,2
32,7,3
24,18,2
13,0,3
18,7,3
23,1,1
24,0,1
24,1,2
30,0,2
4,0,1
28,12,1
19,3,2
14,6,1
0,3,0
28,5,2
19,7,2
28,14,1
13,18,0
6,17,1
2,15,0
5,9,2
5,6,3
5,0,1
13,19,0
13,13,0
14,1,0
15,4,1
35,12,1
13,6,1
0,2,3
14,5,3
32,8,2
37,0,1
10,10,0
13,8,2
19,18,0
5,13,3
