4,11,0
1,11,0
36,0,2
13,1,2
19,19,0
40,18,3
4,12,2
0,16,2
37,6,2
20,14,1
5,9,2
4,18,2
5,17,2
0,8,3
41,0,0
18,5,0
1,3,0
21,2,3
8,9,2
20,1,0
37,17,3
34,2,3
25,12,1
0,0,1
35,4,1
12,10,2
28,2,1
15,0,1
26,3,3
12,5,1
21,4,1
3,19,0
40,14,3
10,4,3
38,12,0
25,13,1
4,3,1
6,17,3
4,0,1
10,2,0
7,2,3
6,13,3
3,3,2
26,17,1
27,17,1
9,15,2
5,0,2
40,8,2
19,9,0
34,8,1
28,5,0
6,10,1
8,4,2
11,3,0
26,15,0
0,13,2
18,14,1
17,13,3
21,14,2
28,13,1
9,10,1
15,13,1
7,8,3
26,0,2
33,13,1
31,9,1
26,10,0
28,6,3
35,2,1
26,18,0
38,17,2
27,2,3
6,3,1
9,2,0
38,13,0
24,1,0
16,15,0
30,1,2
18,7,1
34,13,1
40,2,3
4,14,1
19,3,0
41,15,3
33,12,2
19,11,0
11,19,1
21,15,1
25,7,1
31,12,0
34,12,1
26,12,0
2,1,1
38,9,1
16,12,1
6,16,3
33,18,2
22,6,1
42,1,2
28,17,2
