
Run 1
1 	-17
45 	-16
831 	-15

Run 2
1 	-19
5 	-17
309 	-16

Run 3
1 	-20
10 	-19
15 	-17
22 	-16

Run 4
1 	-19
7 	-18
10 	-17
31 	-16

Run 5
1 	-19
4 	-17
56 	-16

Run 6
1 	-20
4 	-19
8 	-18
109 	-17
223 	-16

Run 7
1 	-20
5 	-19
9 	-17
115 	-16

Run 8
1 	-19
2 	-18
33 	-17
185 	-16
542 	-15

Run 9
1 	-21
2 	-20
4 	-19
12 	-18
16 	-17
31 	-16

Run 10
1 	-20
2 	-18
11 	-17
483 	-16

Run 11
1 	-19
4 	-18
8 	-17
271 	-16

Run 12
1 	-20
4 	-19
6 	-18
17 	-17
266 	-16

Run 13
1 	-17
118 	-16

Run 14
1 	-21
2 	-19
5 	-18
18 	-17
108 	-16

Run 15
1 	-18
3 	-16

Run 16
1 	-17
173 	-16

Run 17
1 	-18
4 	-17
541 	-16

Run 18
1 	-19
2 	-18
19 	-17
30 	-16

Run 19
1 	-21
2 	-20
3 	-18
14 	-17
152 	-16

Run 20
1 	-19
5 	-16

Run 21
1 	-19
2 	-18
54 	-17
100 	-16

Run 22
1 	-21
4 	-20
5 	-17
372 	-16

Run 23
1 	-19
18 	-18
39 	-17
251 	-16

Run 24
1 	-17
256 	-16

Run 25
1 	-18
15 	-17
34 	-16

Run 26
1 	-20
3 	-19
5 	-18
8 	-17
300 	-15

Run 27
1 	-19
2 	-17
73 	-16

Run 28
1 	-19
12 	-17
187 	-16

Run 29
1 	-19
7 	-18
21 	-17
111 	-16

Run 30
1 	-20
2 	-19
14 	-17
327 	-16
