
Run 1
1 	-16
15 	-15

Run 2
1 	-16
3 	-15
61 	-14

Run 3
1 	-17
3 	-16
93 	-15

Run 4
1 	-16
97 	-15

Run 5
1 	-17
7 	-16
54 	-15

Run 6
1 	-16
295 	-15

Run 7
1 	-16
13 	-15

Run 8
1 	-16
102 	-15

Run 9
1 	-16
35 	-15

Run 10
1 	-17
4 	-16
101 	-15

Run 11
1 	-16
54 	-15

Run 12
1 	-17
17 	-16
64 	-15

Run 13
1 	-17
2 	-16
22 	-15

Run 14
1 	-17
5 	-16
47 	-15

Run 15
1 	-17
2 	-16
85 	-15

Run 16
1 	-17
2 	-16
27 	-15

Run 17
1 	-16
3 	-15

Run 18
1 	-17
3 	-16
163 	-15

Run 19
1 	-17
8 	-16
18 	-15

Run 20
1 	-16
183 	-15

Run 21
1 	-16
3 	-15

Run 22
1 	-16
38 	-15

Run 23
1 	-16
82 	-15

Run 24
1 	-17
10 	-16
144 	-15

Run 25
1 	-16
48 	-15

Run 26
1 	-17
2 	-16
41 	-15

Run 27
1 	-16
87 	-15

Run 28
1 	-17
6 	-16
39 	-15

Run 29
1 	-16
79 	-15

Run 30
1 	-17
5 	-16
124 	-15
