
Run 1
1 	-45
2 	-44
13 	-43
48 	-42
521 	-41

Run 2
1 	-43
50 	-42
314 	-41

Run 3
1 	-44
11 	-42
57 	-41

Run 4
1 	-43
13 	-42
689 	-41

Run 5
1 	-43
11 	-42
467 	-41

Run 6
1 	-43
41 	-42
352 	-41

Run 7
1 	-44
6 	-42
401 	-41

Run 8
1 	-44
2 	-43
17 	-42
78 	-41

Run 9
1 	-43
45 	-42

Run 10
1 	-43
25 	-42
352 	-41

Run 11
1 	-44
4 	-43
11 	-41

Run 12
1 	-42
384 	-41

Run 13
1 	-45
2 	-44
9 	-43
37 	-42
539 	-41

Run 14
1 	-44
3 	-43
9 	-42
191 	-41

Run 15
1 	-43
3 	-42
404 	-40

Run 16
1 	-44
7 	-43
21 	-42
49 	-41

Run 17
1 	-44
2 	-43
4 	-42
930 	-41

Run 18
1 	-44
5 	-43
39 	-42
61 	-41

Run 19
1 	-43
11 	-42
78 	-41

Run 20
1 	-44
8 	-43
46 	-42
706 	-41

Run 21
1 	-41

Run 22
1 	-44
5 	-43
17 	-41

Run 23
1 	-43
21 	-42
839 	-41

Run 24
1 	-43
109 	-42
594 	-41

Run 25
1 	-43
15 	-42
126 	-41

Run 26
1 	-44
2 	-43
6 	-42
86 	-41
697 	-40

Run 27
1 	-44
8 	-43
36 	-42
628 	-41

Run 28
1 	-44
2 	-43
3 	-42

Run 29
1 	-44
6 	-43
102 	-42
484 	-41

Run 30
1 	-44
4 	-43
60 	-42
720 	-41
