
Run 1
1 	-16
57 	-15

Run 2
1 	-16
14 	-15

Run 3
1 	-17
2 	-16
231 	-15

Run 4
1 	-17
2 	-16
7 	-15

Run 5
1 	-16
269 	-15

Run 6
1 	-17
3 	-16
27 	-15

Run 7
1 	-16
32 	-15

Run 8
1 	-16
114 	-15

Run 9
1 	-16
13 	-15

Run 10
1 	-16
33 	-15

Run 11
1 	-17
3 	-16
79 	-15

Run 12
1 	-17
2 	-16
28 	-15

Run 13
1 	-15

Run 14
1 	-16
35 	-15

Run 15
1 	-17
4 	-16
75 	-15

Run 16
1 	-16
15 	-15

Run 17
1 	-16
80 	-15

Run 18
1 	-16
78 	-15

Run 19
1 	-16
58 	-15

Run 20
1 	-16
33 	-15

Run 21
1 	-17
3 	-16
89 	-15

Run 22
1 	-16
48 	-15

Run 23
1 	-16
33 	-15

Run 24
1 	-17
3 	-16
178 	-15

Run 25
1 	-16
2 	-15

Run 26
1 	-16
111 	-15

Run 27
1 	-17
2 	-16
14 	-15

Run 28
1 	-17
2 	-16
11 	-15

Run 29
1 	-16
11 	-15

Run 30
1 	-16
23 	-15
