
Run 1
1 	-17
4 	-16
833 	-15

Run 2
1 	-16
3 	-15

Run 3
1 	-16
121 	-15

Run 4
1 	-17
5 	-16
204 	-15

Run 5
1 	-16
47 	-15

Run 6
1 	-17
3 	-16
71 	-15

Run 7
1 	-16
34 	-15

Run 8
1 	-17
2 	-16
33 	-15

Run 9
1 	-16
6 	-15

Run 10
1 	-17
2 	-16
64 	-15

Run 11
1 	-17
3 	-16
34 	-15

Run 12
1 	-16
6 	-15

Run 13
1 	-17
2 	-16
92 	-15

Run 14
1 	-16
29 	-15

Run 15
1 	-16
27 	-15

Run 16
1 	-16
15 	-15

Run 17
1 	-16
116 	-15

Run 18
1 	-16
42 	-15

Run 19
1 	-16
58 	-15
513 	-14

Run 20
1 	-17
8 	-16
65 	-15

Run 21
1 	-17
8 	-16
41 	-15

Run 22
1 	-16
13 	-15

Run 23
1 	-16
8 	-15

Run 24
1 	-16
9 	-15

Run 25
1 	-17
4 	-16
197 	-15

Run 26
1 	-16
22 	-15

Run 27
1 	-17
5 	-16
49 	-15

Run 28
1 	-17
5 	-16
69 	-15

Run 29
1 	-17
2 	-16
31 	-15

Run 30
1 	-16
269 	-15
