Result Log

Run 1
1 	-49
8 	-47
14 	-46
29 	-45
67 	-42

Run 2
1 	-46
21 	-45
140 	-44
635 	-43

Run 3
1 	-49
3 	-48
9 	-47
19 	-45
75 	-44
852 	-43

Run 4
1 	-49
2 	-46
12 	-45
245 	-44
955 	-43

Run 5
1 	-48
5 	-47
7 	-46
21 	-44
682 	-43

Run 6
1 	-47
6 	-46
14 	-44
665 	-43

Run 7
1 	-47
3 	-45
105 	-44
262 	-43

Run 8
1 	-48
6 	-47
9 	-45
29 	-44
65 	-43

Run 9
1 	-47
3 	-46
4 	-45
65 	-44
448 	-43

Run 10
1 	-48
10 	-47
17 	-45
50 	-44
114 	-43

Run 11
1 	-48
4 	-46
49 	-44
324 	-43

Run 12
1 	-50
3 	-49
5 	-48
11 	-44
293 	-43

Run 13
1 	-53
2 	-47
14 	-45
219 	-44

Run 14
1 	-48
6 	-46
7 	-45
8 	-43

Run 15
1 	-48
5 	-47
18 	-44
446 	-43

Run 16
1 	-48
5 	-47
13 	-46
17 	-45
319 	-44
386 	-43

Run 17
1 	-48
2 	-45
108 	-44
110 	-43
573 	-42

Run 18
1 	-46
35 	-45
77 	-44
584 	-43

Run 19
1 	-50
2 	-47
5 	-46
33 	-45
50 	-43

Run 20
1 	-46
10 	-45
89 	-44
445 	-43

Run 21
1 	-47
5 	-46
23 	-44
115 	-43

Run 22
1 	-47
10 	-44
22 	-43
661 	-42

Run 23
1 	-49
4 	-47
10 	-45
157 	-44
346 	-43

Run 24
1 	-46
12 	-45
72 	-44
237 	-43

Run 25
1 	-48
2 	-44

Run 26
1 	-48
2 	-47
21 	-44
96 	-42

Run 27
1 	-49
6 	-47
28 	-46
44 	-45
163 	-43

Run 28
1 	-50
2 	-48
7 	-45
134 	-43

Run 29
1 	-48
4 	-46
13 	-45
258 	-44
770 	-43

Run 30
1 	-47
17 	-45
114 	-44
245 	-43
