Result Log

Run 1
1 	-126
3 	-124
6 	-119
18 	-115
617 	-113

Run 2
1 	-124
9 	-118
326 	-116
911 	-115
924 	-114

Run 3
1 	-124
4 	-119
52 	-115

Run 4
1 	-120
19 	-119
31 	-118
119 	-117
602 	-115
627 	-113

Run 5
1 	-125
4 	-117
187 	-116
197 	-114
990 	-113

Run 6
1 	-131
3 	-127
6 	-125
9 	-124
12 	-123
23 	-115
258 	-114
858 	-113

Run 7
1 	-117
16 	-116
655 	-115

Run 8
1 	-129
7 	-118
400 	-114

Run 9
1 	-122
20 	-121
28 	-119
72 	-118
195 	-117
231 	-116
911 	-114

Run 10
1 	-125
4 	-124
9 	-121
15 	-118
134 	-116
500 	-115
855 	-114

Run 11
1 	-117
381 	-116

Run 12
1 	-133
2 	-124
3 	-123
11 	-119
23 	-118
98 	-115
153 	-113
873 	-112

Run 13
1 	-125
2 	-120
6 	-116
449 	-113

Run 14
1 	-125
14 	-122
37 	-120
41 	-119
84 	-116
425 	-114

Run 15
1 	-121
71 	-116
837 	-113

Run 16
1 	-130
3 	-125
12 	-124
29 	-120
31 	-119
163 	-116
230 	-115

Run 17
1 	-124
4 	-121
21 	-120
32 	-117
264 	-116
754 	-115

Run 18
1 	-131
2 	-130
4 	-127
10 	-126
15 	-124
18 	-122
56 	-121
59 	-120
127 	-118
220 	-117
283 	-114
771 	-113

Run 19
1 	-129
2 	-125
7 	-121
8 	-119
29 	-115
148 	-114
824 	-111

Run 20
1 	-123
2 	-122
24 	-121
47 	-120
68 	-119
134 	-118
144 	-116
227 	-114

Run 21
1 	-128
5 	-123
47 	-121
69 	-119
370 	-118
446 	-116
455 	-114

Run 22
1 	-129
3 	-123
7 	-121
12 	-118
131 	-117
304 	-116
342 	-114
354 	-112

Run 23
1 	-137
2 	-127
13 	-124
21 	-121
52 	-120
88 	-116
177 	-115
429 	-109

Run 24
1 	-125
6 	-122
47 	-118
106 	-117
369 	-115
926 	-114

Run 25
1 	-130
3 	-125
9 	-121
29 	-120
62 	-117
264 	-116
812 	-115

Run 26
1 	-126
7 	-123
12 	-122
15 	-118
109 	-113

Run 27
1 	-126
3 	-123
6 	-120
25 	-119
74 	-118
449 	-116
645 	-115
911 	-114

Run 28
1 	-130
2 	-126
4 	-121
16 	-120
108 	-118
282 	-116
392 	-115
645 	-114

Run 29
1 	-118
72 	-117
454 	-116
587 	-115

Run 30
1 	-125
6 	-124
15 	-121
18 	-116
288 	-115
552 	-114
