Result Log

Run 1
1 	-20
6 	-18
342 	-17

Run 2
1 	-21
2 	-20
5 	-18
314 	-17

Run 3
1 	-21
3 	-20
7 	-19
27 	-18
238 	-17

Run 4
1 	-18
578 	-17

Run 5
1 	-19
6 	-18
473 	-17

Run 6
1 	-20
8 	-18
564 	-17

Run 7
1 	-19
112 	-18
619 	-17

Run 8
1 	-20
20 	-19
47 	-18
130 	-17

Run 9
1 	-21
3 	-19
13 	-18
17 	-17
180 	-16

Run 10
1 	-20
3 	-19
45 	-18
205 	-17

Run 11
1 	-21
3 	-19
30 	-18
834 	-17

Run 12
1 	-19
8 	-18
66 	-17

Run 13
1 	-18
53 	-17

Run 14
1 	-19
18 	-18
91 	-17

Run 15
1 	-21
4 	-20
6 	-19
9 	-18
242 	-17

Run 16
1 	-18
192 	-17

Run 17
1 	-21
2 	-20
11 	-18
20 	-17
644 	-16

Run 18
1 	-22
3 	-21
4 	-20
11 	-19
12 	-18
70 	-17

Run 19
1 	-19
15 	-18
535 	-17

Run 20
1 	-21
7 	-19
8 	-18
758 	-17

Run 21
1 	-20
2 	-19
10 	-18
27 	-17

Run 22
1 	-20
6 	-19
27 	-18
601 	-17

Run 23
1 	-19
46 	-18
232 	-17
326 	-16

Run 24
1 	-20
15 	-19
44 	-18
156 	-16

Run 25
1 	-20
2 	-19
29 	-18
317 	-17

Run 26
1 	-21
3 	-20
10 	-19
24 	-18
351 	-17

Run 27
1 	-21
2 	-19
14 	-18
114 	-17

Run 28
1 	-20
12 	-18
144 	-17

Run 29
1 	-21
4 	-18
84 	-17

Run 30
1 	-20
5 	-19
7 	-18
190 	-16
